#MA5 EffMap for txName: T5WW , Analysis: cms_sus_13_012 , SR: 3NJet6_800HT1000_450MHT600
# Mother Interm Daughter  Eff. 
1020   50   0.0028246
300   0   0.0000339
1500   600   0.0131070
1440   400   0.0057212
840   200   0.0250688
1320   0   0.0002705
360.0   306.0   0.0005603
840   300   0.0240560
1260   700   0.0474512
900   250   0.0289559
780   250   0.0191719
1680.0   400.0   0.0017290
1500   650   0.0176706
1560   250   0.0013736
840.0   650.0   0.0032332
300   100   0.0001197
840   0   0.0031424
1500   550   0.0092478
1680.0   300.0   0.0010216
1200   100   0.0023432
1380   700   0.0414061
1380   350   0.0064106
420   200   0.0005404
840   350   0.0196022
1020   0   0.0020101
480.0   432.0   0.0008392
1020   450   0.0387328
900   450   0.0170499
360.0   315.0   0.0005280
1320.0   550.0   0.0269722
1440   700   0.0326578
1200   150   0.0041436
1680.0   500.0   0.0026717
1260   100   0.0016369
1200   350   0.0170438
660   600   0.0015318
1680.0   50.0   0.0001279
1020   100   0.0058134
420.0   378.0   0.0006835
360   300   0.0003692
660   300   0.0040517
60.0   18.0   0.0000000
1080   700   0.0119348
1080   50   0.0026156
720   50   0.0054333
540   300   0.0014483
1260   50   0.0009546
1020   400   0.0389530
1620   550   0.0053690
840   50   0.0053936
60.0   0.0   0.0000000
1080   0   0.0012820
300.0   252.0   0.0002730
540   150   0.0021519
480   50   0.0004737
540   0   0.0007156
1080   150   0.0079836
1200   700   0.0345926
360   50   0.0002287
1680.0   700.0   0.0080223
1140   200   0.0084187
360   250   0.0004244
1020   150   0.0103268
900   200   0.0243537
720   250   0.0102312
780   200   0.0198636
1200   200   0.0062234
1140   350   0.0229297
900   0   0.0027143
900   600   0.0048037
1620   450   0.0029288
480   150   0.0008581
240   150   0.0001454
540   50   0.0011540
720   300   0.0071126
960   100   0.0084669
960   50   0.0039840
120.0   50.0   0.0000133
600   0   0.0012016
420   150   0.0005550
300   150   0.0002209
300   50   0.0000679
1200   0   0.0008913
1140   500   0.0420295
180.0   100.0   0.0000300
600   300   0.0027708
1500   700   0.0221850
1020   350   0.0342396
1140   0   0.0006763
1500   250   0.0015364
720   500   0.0032257
960   550   0.0129189
1440   50   0.0003328
1620   200   0.0007940
660   450   0.0025188
600   550   0.0011968
780   550   0.0031236
360   150   0.0002824
1200   500   0.0353040
1560   100   0.0003592
660   0   0.0019667
720   200   0.0132931
1020   200   0.0158303
1680.0   200.0   0.0005280
360   200   0.0004587
1200   250   0.0087568
1320   650   0.0434259
1620.0   50.0   0.0002743
1320   200   0.0030047
1320   250   0.0042217
1020   300   0.0299803
540.0   486.0   0.0012059
1440   300   0.0036675
1680.0   0.0   0.0000802
660   100   0.0058971
960   400   0.0327156
1620   250   0.0009344
1440   100   0.0005494
1320.0   600.0   0.0333142
1620   700   0.0120659
960   150   0.0140873
1680.0   150.0   0.0002723
720.0   666.0   0.0014682
1620   0   0.0000970
1380   100   0.0009557
420   300   0.0006992
1320   350   0.0096565
1200   300   0.0125092
1620   500   0.0040272
420   0   0.0002696
1380   250   0.0032476
780   600   0.0030146
840.0   700.0   0.0024118
120.0   0.0   0.0000000
1620   600   0.0067967
1260   250   0.0071465
240   50   0.0000161
1440   450   0.0085150
1140   700   0.0208264
900   550   0.0070333
840   500   0.0058363
600   200   0.0038397
180.0   135.0   0.0000902
600   50   0.0020831
1200   650   0.0438990
720   600   0.0027914
1620   150   0.0003400
1020   250   0.0221584
600   350   0.0020040
660   200   0.0061968
1260   200   0.0043848
1680.0   450.0   0.0020273
240   0   0.0000000
540   400   0.0014334
1020   650   0.0097161
960   200   0.0216373
1140   100   0.0033641
720   400   0.0040467
1380   400   0.0085361
1380   650   0.0328300
960   600   0.0081844
1320   300   0.0064735
900   50   0.0047203
1140   550   0.0439272
1500   300   0.0023227
1560   300   0.0016167
1320   500   0.0205519
660   150   0.0071716
660   400   0.0023968
900   400   0.0241686
1440   550   0.0147762
1440   150   0.0011347
1080   500   0.0403491
1200   600   0.0446793
1200   400   0.0227617
1140   650   0.0313444
1260   0   0.0005265
780   50   0.0061390
1080   400   0.0365310
1260   650   0.0474479
660.0   603.0   0.0014296
900   100   0.0103857
960   650   0.0048975
780   150   0.0170645
1500   0   0.0001481
780   500   0.0037387
1140   150   0.0054823
1500   350   0.0033922
1680.0   100.0   0.0002402
1440   250   0.0023525
1440   500   0.0102634
1320   50   0.0006763
1260   300   0.0091589
420   100   0.0004664
180.0   0.0   0.0000000
1440   600   0.0195597
780   400   0.0070109
1080   600   0.0280948
1560   650   0.0129980
1560   550   0.0073265
1380   450   0.0106788
480   350   0.0011499
900.0   700.0   0.0036823
1680.0   350.0   0.0010418
1020   550   0.0238457
840   250   0.0250241
1020   500   0.0324209
660   50   0.0031968
780.0   650.0   0.0025665
720.0   675.0   0.0011822
1200   550   0.0423428
1560   350   0.0026481
1260   500   0.0269532
960   350   0.0353671
480.0   423.0   0.0009647
480   250   0.0009121
480   100   0.0010181
1620   300   0.0012429
1500   450   0.0054878
1500   50   0.0002465
720   350   0.0059837
1320   700   0.0458853
1260   450   0.0232109
1560   400   0.0031757
1680.0   250.0   0.0005459
1560   200   0.0008483
1140   400   0.0298731
1320   150   0.0019140
720   100   0.0097288
840   600   0.0035547
1500   200   0.0010352
480   0   0.0005462
480   400   0.0013548
180.0   126.0   0.0000599
720   150   0.0122160
420   250   0.0007021
1080   350   0.0293386
1080   550   0.0362843
720   450   0.0031974
1320   400   0.0116772
1140   50   0.0016847
1200   50   0.0013964
1560   500   0.0053268
1500   150   0.0007748
240.0   198.0   0.0001615
1140   600   0.0414246
1200   450   0.0284199
1620   400   0.0021231
1080   100   0.0046090
720.0   650.0   0.0016403
1380   600   0.0254293
1560   50   0.0001631
300.0   250.0   0.0002385
1680.0   600.0   0.0047103
600   450   0.0017670
1080   300   0.0222081
600   100   0.0034560
1320   100   0.0013003
1620   350   0.0017363
900   150   0.0173654
1380   50   0.0005189
1080   450   0.0417031
1620   650   0.0091358
1140   300   0.0168223
900   300   0.0319243
960   450   0.0281570
1380   200   0.0023921
960   0   0.0018777
1260   150   0.0028462
780   100   0.0117581
600   500   0.0017115
60.0   9.0   0.0000000
180.0   50.0   0.0000000
540   350   0.0012812
1440   650   0.0249057
840   450   0.0089683
1140   450   0.0358230
1680.0   650.0   0.0062070
1380   500   0.0149271
1260   600   0.0428287
840   400   0.0137679
1560   450   0.0046878
1440   0   0.0002811
480   200   0.0008204
1380   150   0.0014401
1500   400   0.0041430
660   250   0.0060619
660   500   0.0026528
1380   0   0.0003001
240.0   189.0   0.0001777
1560   600   0.0101515
1020   600   0.0159669
840   100   0.0119950
960   300   0.0328144
1440   200   0.0014400
1260   350   0.0126481
1260   400   0.0167878
1260   550   0.0353997
1080   650   0.0182560
660.0   612.0   0.0011031
1440   350   0.0049043
300   200   0.0002547
720   550   0.0025298
420   350   0.0006660
1560   0   0.0001302
780   450   0.0052703
540   450   0.0012265
900.0   650.0   0.0038342
600   150   0.0039405
1620   100   0.0003392
900   350   0.0289079
660   550   0.0017160
540   100   0.0019604
780   350   0.0110375
1500   100   0.0004274
960.0   700.0   0.0042831
360   0   0.0001052
360   100   0.0002109
780   0   0.0027334
840   550   0.0040880
600   250   0.0026562
780   300   0.0152187
1560   700   0.0159482
1500   500   0.0079746
480   300   0.0013118
660   350   0.0033983
420   50   0.0001258
1380   300   0.0043866
1020   700   0.0056315
1560   150   0.0005050
780.0   700.0   0.0018255
1380   550   0.0196592
600.0   558.0   0.0011916
900   500   0.0103319
540   200   0.0022356
960   500   0.0203783
240   100   0.0000486
1320   450   0.0158034
960   250   0.0272906
1080   250   0.0169083
1680.0   550.0   0.0036731
840   150   0.0182739
420.0   369.0   0.0006651
600   400   0.0020186
540.0   495.0   0.0007680
1140   250   0.0131357
720   0   0.0026184
1080   200   0.0122895
540   250   0.0020561
