87.0  62.0  0.0
100.0  50.0  0.0
112.0  37.0  0.0
150.0  0.0  0.0
162.0  137.0  0.0
175.0  125.0  0.0
187.0  112.0  9.919E-5
225.0  75.0  8.901E-5
262.0  37.0  1.4E-4
300.0  0.0  5.712E-4
237.0  212.0  1.297E-4
250.0  200.0  3.912E-4
262.0  187.0  5.476E-5
300.0  150.0  2.731E-4
337.0  112.0  4.264E-4
375.0  75.0  9.879E-4
412.0  37.0  0.003463
450.0  0.0  0.005567
312.0  287.0  6.133E-4
325.0  275.0  6.192E-4
337.0  262.0  3.867E-4
375.0  225.0  9.562E-4
412.0  187.0  0.001534
450.0  150.0  0.003269
487.0  112.0  0.007016
525.0  75.0  0.009176
562.0  37.0  0.01513
600.0  0.0  0.0244
337.0  312.0  4.429E-4
350.0  300.0  6.499E-4
362.0  287.0  6.696E-4
400.0  250.0  9.076E-4
437.0  212.0  9.218E-4
475.0  175.0  0.003712
512.0  137.0  0.006714
550.0  100.0  0.009959
587.0  62.0  0.01927
625.0  25.0  0.03119
362.0  337.0  4.928E-4
375.0  325.0  2.082E-4
387.0  312.0  7.971E-4
425.0  275.0  7.061E-4
462.0  237.0  0.001427
500.0  200.0  0.003771
537.0  162.0  0.008594
575.0  125.0  0.01449
612.0  87.0  0.02812
650.0  50.0  0.04274
687.0  12.0  0.04923
387.0  362.0  3.275E-4
400.0  350.0  0.001122
412.0  337.0  9.294E-4
450.0  300.0  0.001488
487.0  262.0  0.001816
525.0  225.0  0.005228
562.0  187.0  0.008989
600.0  150.0  0.02044
637.0  112.0  0.02746
675.0  75.0  0.05547
712.0  37.0  0.07382
750.0  0.0  0.09283
412.0  387.0  9.517E-4
425.0  375.0  8.039E-4
437.0  362.0  8.691E-4
475.0  325.0  0.001145
512.0  287.0  0.002248
550.0  250.0  0.006092
587.0  212.0  0.008508
625.0  175.0  0.01684
662.0  137.0  0.03319
700.0  100.0  0.05362
737.0  62.0  0.08365
775.0  25.0  0.1249
437.0  412.0  0.00134
450.0  400.0  0.001314
462.0  387.0  0.00117
500.0  350.0  0.001597
537.0  312.0  0.003026
575.0  275.0  0.004636
612.0  237.0  0.009561
650.0  200.0  0.01865
687.0  162.0  0.04416
725.0  125.0  0.06498
762.0  87.0  0.1016
800.0  50.0  0.1293
837.0  12.0  0.1644
462.0  437.0  8.909E-4
475.0  425.0  0.001711
487.0  412.0  8.796E-4
525.0  375.0  0.001558
562.0  337.0  0.002592
600.0  300.0  0.00506
637.0  262.0  0.01107
675.0  225.0  0.02922
712.0  187.0  0.04287
750.0  150.0  0.07291
787.0  112.0  0.1091
825.0  75.0  0.1477
862.0  37.0  0.1945
900.0  0.0  0.2251
487.0  462.0  6.472E-4
500.0  450.0  0.001281
512.0  437.0  0.0014
550.0  400.0  0.001883
587.0  362.0  0.00427
625.0  325.0  0.007062
662.0  287.0  0.01276
700.0  250.0  0.02927
737.0  212.0  0.04618
775.0  175.0  0.07927
812.0  137.0  0.1265
850.0  100.0  0.1635
887.0  62.0  0.2059
925.0  25.0  0.2424
512.0  487.0  0.001137
525.0  475.0  0.001158
537.0  462.0  0.001426
575.0  425.0  0.001447
612.0  387.0  0.002921
650.0  350.0  0.006016
687.0  312.0  0.01295
725.0  275.0  0.02718
762.0  237.0  0.05728
800.0  200.0  0.08543
837.0  162.0  0.1496
912.0  87.0  0.2311
950.0  50.0  0.2767
987.0  12.0  0.315
537.0  512.0  0.001948
550.0  500.0  0.001423
562.0  487.0  0.001407
600.0  450.0  0.001878
637.0  412.0  0.002958
675.0  375.0  0.005783
712.0  337.0  0.01666
750.0  300.0  0.02991
787.0  262.0  0.06772
825.0  225.0  0.1045
862.0  187.0  0.1593
900.0  150.0  0.208
937.0  112.0  0.2489
975.0  75.0  0.2995
1012.0  37.0  0.3408
1050.0  0.0  0.3481
562.0  537.0  0.001677
575.0  525.0  0.00122
587.0  512.0  0.002084
625.0  475.0  0.002004
662.0  437.0  0.002765
737.0  362.0  0.01326
775.0  325.0  0.03581
812.0  287.0  0.06264
850.0  250.0  0.1048
887.0  212.0  0.1618
925.0  175.0  0.2203
962.0  137.0  0.2603
1000.0  100.0  0.3142
1037.0  62.0  0.3402
1075.0  25.0  0.3666
587.0  562.0  0.001615
600.0  550.0  0.00122
612.0  537.0  0.001465
650.0  500.0  0.003338
687.0  462.0  0.005437
725.0  425.0  0.006644
762.0  387.0  0.01942
800.0  350.0  0.04068
837.0  312.0  0.0696
875.0  275.0  0.1207
912.0  237.0  0.1828
950.0  200.0  0.2242
987.0  162.0  0.2886
1025.0  125.0  0.3297
1062.0  87.0  0.361
1100.0  50.0  0.3948
1137.0  12.0  0.4316
612.0  587.0  0.001335
625.0  575.0  7.04E-4
637.0  562.0  0.001694
675.0  525.0  0.002889
712.0  487.0  0.004748
750.0  450.0  0.007484
787.0  412.0  0.01737
825.0  375.0  0.04065
862.0  337.0  0.07939
900.0  300.0  0.1426
937.0  262.0  0.1957
975.0  225.0  0.2391
1012.0  187.0  0.3166
1050.0  150.0  0.3336
1087.0  112.0  0.378
1125.0  75.0  0.4142
1162.0  37.0  0.433
1200.0  0.0  0.4616
687.0  662.0  0.00111
700.0  650.0  0.001883
712.0  637.0  0.002654
750.0  600.0  0.002364
787.0  562.0  0.004961
825.0  525.0  0.01054
862.0  487.0  0.02045
900.0  450.0  0.04437
937.0  412.0  0.08789
975.0  375.0  0.1515
1012.0  337.0  0.2123
1050.0  300.0  0.2828
1087.0  262.0  0.3525
1125.0  225.0  0.3799
1162.0  187.0  0.3994
1200.0  150.0  0.4377
1237.0  112.0  0.484
1275.0  75.0  0.4954
1312.0  37.0  0.5039
1350.0  0.0  0.5315
762.0  737.0  0.001429
775.0  725.0  0.003087
787.0  712.0  0.002248
825.0  675.0  0.003424
900.0  600.0  0.00859
937.0  562.0  0.01828
975.0  525.0  0.04938
1012.0  487.0  0.109
1050.0  450.0  0.1659
1087.0  412.0  0.2449
1125.0  375.0  0.3217
1162.0  337.0  0.3536
1200.0  300.0  0.4286
1237.0  262.0  0.4445
1275.0  225.0  0.4873
1312.0  187.0  0.5098
1350.0  150.0  0.5284
1387.0  112.0  0.5268
1425.0  75.0  0.5637
1462.0  37.0  0.5879
1500.0  0.0  0.5913
837.0  812.0  0.001985
850.0  800.0  0.00215
862.0  787.0  0.002217
900.0  750.0  0.003504
937.0  712.0  0.003239
975.0  675.0  0.008703
1012.0  637.0  0.02013
1050.0  600.0  0.0538
1087.0  562.0  0.1046
1125.0  525.0  0.201
1162.0  487.0  0.2596
1200.0  450.0  0.3442
1237.0  412.0  0.3951
1275.0  375.0  0.4303
1312.0  337.0  0.4753
1350.0  300.0  0.5153
1387.0  262.0  0.5177
1425.0  225.0  0.5439
1462.0  187.0  0.5571
1500.0  150.0  0.585
1537.0  112.0  0.6002
1575.0  75.0  0.5985
912.0  887.0  0.001913
925.0  875.0  0.002444
937.0  862.0  0.003559
975.0  825.0  0.003962
1012.0  787.0  0.005524
1050.0  750.0  0.009456
1087.0  712.0  0.01883
1125.0  675.0  0.05757
1162.0  637.0  0.1234
1200.0  600.0  0.2107
1237.0  562.0  0.2892
1275.0  525.0  0.3535
1312.0  487.0  0.4003
1350.0  450.0  0.4561
1387.0  412.0  0.4908
1425.0  375.0  0.5264
1462.0  337.0  0.5387
1500.0  300.0  0.5578
1537.0  262.0  0.6073
1575.0  225.0  0.6033
987.0  962.0  0.002207
1000.0  950.0  0.002577
1012.0  937.0  0.002223
1050.0  900.0  0.004153
1087.0  862.0  0.00581
1125.0  825.0  0.008025
1162.0  787.0  0.02243
1200.0  750.0  0.05359
1237.0  712.0  0.1349
1275.0  675.0  0.2185
1312.0  637.0  0.2921
1350.0  600.0  0.3731
1387.0  562.0  0.4275
1425.0  525.0  0.4624
1462.0  487.0  0.5047
1500.0  450.0  0.5687
1537.0  412.0  0.5699
1575.0  375.0  0.5729
1062.0  1037.0  0.001507
1075.0  1025.0  0.002052
1087.0  1012.0  0.002682
1125.0  975.0  0.003979
1162.0  937.0  0.005531
1200.0  900.0  0.009299
1237.0  862.0  0.02391
1275.0  825.0  0.05243
1312.0  787.0  0.1346
1350.0  750.0  0.2182
1387.0  712.0  0.3005
1425.0  675.0  0.4041
1462.0  637.0  0.4356
1500.0  600.0  0.4943
1537.0  562.0  0.5221
1575.0  525.0  0.5466
1137.0  1112.0  0.001569
1150.0  1100.0  0.001457
1162.0  1087.0  0.001371
1200.0  1050.0  0.003616
1237.0  1012.0  0.004488
1275.0  975.0  0.009212
1312.0  937.0  0.02031
1350.0  900.0  0.06544
1387.0  862.0  0.1416
1425.0  825.0  0.2337
1462.0  787.0  0.3314
1500.0  750.0  0.3958
1537.0  712.0  0.4612
1575.0  675.0  0.5063
1212.0  1187.0  0.001335
1225.0  1175.0  0.002424
1237.0  1162.0  0.00241
1275.0  1125.0  0.002621
1312.0  1087.0  0.005465
1350.0  1050.0  0.00991
1387.0  1012.0  0.01987
1425.0  975.0  0.05283
1462.0  937.0  0.1443
1500.0  900.0  0.232
1537.0  862.0  0.3344
1575.0  825.0  0.4195
1350.0  1200.0  0.003959
1387.0  1162.0  0.004484
1425.0  1125.0  0.006891
1462.0  1087.0  0.01844
1500.0  1050.0  0.05976
1537.0  1012.0  0.1496
1575.0  975.0  0.2447
1500.0  1200.0  0.006023
1537.0  1162.0  0.02006
1575.0  1125.0  0.05802
62.0  37.0  0.0
75.0  25.0  0.0
87.0  12.0  0.0
112.0  87.0  0.0
125.0  75.0  0.0
137.0  62.0  0.0
175.0  25.0  8.895E-5
137.0  112.0  2.234E-5
150.0  100.0  0.0
162.0  87.0  0.0
200.0  50.0  0.0
237.0  12.0  1.551E-4
187.0  162.0  2.785E-4
200.0  150.0  6.715E-5
212.0  137.0  5.59E-5
250.0  100.0  1.636E-7
287.0  62.0  3.21E-4
325.0  25.0  6.104E-4
212.0  187.0  2.198E-4
225.0  175.0  1.915E-4
237.0  162.0  1.108E-4
275.0  125.0  3.178E-5
312.0  87.0  5.665E-4
350.0  50.0  0.001226
387.0  12.0  0.002275
262.0  237.0  1.581E-4
275.0  225.0  1.79E-5
287.0  212.0  2.156E-4
325.0  175.0  2.649E-4
362.0  137.0  6.638E-4
400.0  100.0  0.001349
437.0  62.0  0.005548
475.0  25.0  0.007549
287.0  262.0  1.051E-4
300.0  250.0  1.754E-4
312.0  237.0  2.685E-4
350.0  200.0  8.435E-4
387.0  162.0  8.581E-4
425.0  125.0  0.002255
462.0  87.0  0.003665
500.0  50.0  0.007803
537.0  12.0  0.01312
100.0  0.0  0.0
200.0  0.0  7.616E-6
250.0  0.0  2.502E-4
350.0  0.0  0.00192
400.0  0.0  0.001879
500.0  0.0  0.007455
550.0  0.0  0.0159
650.0  0.0  0.04099
700.0  0.0  0.05953
800.0  0.0  0.138
850.0  0.0  0.1823
950.0  0.0  0.2732
1000.0  0.0  0.3121
1100.0  0.0  0.39
1150.0  0.0  0.4192
450.0  50.0  0.002205
450.0  100.0  0.003387
450.0  200.0  0.001473
450.0  250.0  6.496E-4
450.0  350.0  9.897E-4
