#MA5 EffMap for txName: T5WW , Analysis: cms_sus_13_012 , SR: 3NJet6_500HT800_200MHT300
# Mother Interm Daughter  Eff. 
360.0   50.0   0.0122560
1380.0   700.0   0.0138368
1320.0   50.0   0.0002139
180.0   100.0   0.0011098
600.0   300.0   0.0378946
1080.0   600.0   0.0590659
540.0   400.0   0.0101703
1140.0   150.0   0.0017247
1680.0   650.0   0.0011517
840.0   550.0   0.0416870
1020.0   150.0   0.0036859
1080.0   250.0   0.0052086
840.0   500.0   0.0625868
480.0   150.0   0.0330938
600.0   400.0   0.0172699
1260.0   150.0   0.0008071
1080.0   200.0   0.0039179
600.0   450.0   0.0124188
1500.0   250.0   0.0003640
1320.0   250.0   0.0009416
660.0   100.0   0.0373068
1320.0   400.0   0.0027428
780.0   150.0   0.0241247
480.0   300.0   0.0127011
780.0   350.0   0.0707000
1500.0   300.0   0.0004181
1560.0   650.0   0.0026070
300.0   150.0   0.0046925
1140.0   350.0   0.0063983
1560.0   250.0   0.0002766
1320.0   650.0   0.0159895
1200.0   200.0   0.0014267
1200.0   600.0   0.0274186
960.0   150.0   0.0058384
360.0   100.0   0.0109284
1080.0   700.0   0.0742925
660.0   150.0   0.0499783
1380.0   500.0   0.0035664
1380.0   300.0   0.0010215
1080.0   450.0   0.0221851
1260.0   350.0   0.0026371
840.0   300.0   0.0462695
1200.0   650.0   0.0395293
1020.0   100.0   0.0025424
1440.0   1   0.0001754
1680.0   1   0.0000170
600.0   250.0   0.0522277
960.0   350.0   0.0282249
360.0   150.0   0.0093367
900.0   400.0   0.0574027
960.0   500.0   0.0669960
1320.0   450.0   0.0031379
960.0   450.0   0.0539480
1500.0   50.0   0.0000866
1020.0   1   0.0006646
660.0   500.0   0.0134333
1380.0   650.0   0.0089484
1440.0   350.0   0.0007377
840.0   100.0   0.0102671
780.0   600.0   0.0162780
1080.0   100.0   0.0014667
1260.0   400.0   0.0041696
960.0   650.0   0.0507342
1500.0   500.0   0.0013406
780.0   300.0   0.0620797
900.0   500.0   0.0735815
480.0   250.0   0.0170827
960.0   300.0   0.0197748
960.0   600.0   0.0690598
1620.0   600.0   0.0013594
1140.0   500.0   0.0197897
780.0   1   0.0052584
1080.0   500.0   0.0319469
1260.0   550.0   0.0113003
1380.0   250.0   0.0006368
1500.0   200.0   0.0002620
1500.0   550.0   0.0020297
480.0   350.0   0.0099304
1560.0   1   0.0000345
1020.0   200.0   0.0052369
1440.0   250.0   0.0006092
540.0   450.0   0.0068388
1620.0   400.0   0.0005141
420.0   150.0   0.0179773
1140.0   50.0   0.0006885
540.0   50.0   0.0352548
960.0   200.0   0.0086046
720.0   400.0   0.0518927
1680.0   550.0   0.0005774
900.0   650.0   0.0287281
660.0   300.0   0.0601881
1260.0   300.0   0.0019515
1200.0   550.0   0.0188034
1380.0   200.0   0.0004069
1140.0   700.0   0.0709917
720.0   500.0   0.0204589
540.0   250.0   0.0326930
900.0   600.0   0.0453234
840.0   1   0.0032089
960.0   700.0   0.0315929
1440.0   650.0   0.0058395
1560.0   700.0   0.0035498
1320.0   150.0   0.0006431
1140.0   600.0   0.0429343
1680.0   600.0   0.0009141
1440.0   100.0   0.0001745
720.0   1   0.0080493
720.0   450.0   0.0342561
900.0   50.0   0.0031716
1320.0   700.0   0.0229265
1020.0   550.0   0.0643224
1560.0   600.0   0.0017979
720.0   100.0   0.0240624
1260.0   700.0   0.0376738
840.0   600.0   0.0255612
1680.0   350.0   0.0003742
1020.0   700.0   0.0568152
720.0   250.0   0.0630303
360.0   200.0   0.0079829
1620.0   550.0   0.0009425
240.0   100.0   0.0019105
1680.0   400.0   0.0003221
1320.0   100.0   0.0002847
900.0   700.0   0.0182277
1020.0   250.0   0.0082175
540.0   150.0   0.0493570
1620.0   200.0   0.0001886
1620.0   300.0   0.0003954
840.0   250.0   0.0340150
1500.0   650.0   0.0036291
840.0   400.0   0.0692435
780.0   400.0   0.0689337
1140.0   250.0   0.0033687
1020.0   650.0   0.0722718
660.0   550.0   0.0071314
1200.0   50.0   0.0004711
1380.0   100.0   0.0003005
840.0   50.0   0.0054537
1620.0   1   0.0000171
1020.0   300.0   0.0123077
840.0   150.0   0.0151529
180.0   1   0.0004153
780.0   700.0   0.0060646
1200.0   350.0   0.0037297
480.0   400.0   0.0057131
1080.0   400.0   0.0161494
1380.0   350.0   0.0011660
1380.0   450.0   0.0023116
900.0   550.0   0.0657017
1260.0   500.0   0.0075183
960.0   550.0   0.0748536
840.0   350.0   0.0598106
1560.0   100.0   0.0001555
1020.0   600.0   0.0749363
1680.0   50.0   0.0000170
1620.0   100.0   0.0001884
660.0   1   0.0125769
900.0   300.0   0.0306929
1380.0   1   0.0001771
780.0   500.0   0.0382075
420.0   50.0   0.0229728
660.0   200.0   0.0634740
1620.0   250.0   0.0001201
1320.0   500.0   0.0047687
1620.0   450.0   0.0004611
1680.0   100.0   0.0001359
1080.0   550.0   0.0465108
1260.0   1   0.0001803
1560.0   200.0   0.0002596
1620.0   500.0   0.0007342
1440.0   500.0   0.0019532
1680.0   450.0   0.0002715
1560.0   300.0   0.0003613
1080.0   300.0   0.0069135
1440.0   700.0   0.0078802
540.0   300.0   0.0211875
420.0   250.0   0.0101016
1260.0   600.0   0.0167760
1320.0   1   0.0000890
1200.0   500.0   0.0116811
1020.0   400.0   0.0257817
900.0   100.0   0.0058408
420.0   1   0.0180579
660.0   350.0   0.0449090
900.0   150.0   0.0096276
1020.0   50.0   0.0015082
1260.0   250.0   0.0015244
720.0   50.0   0.0141744
1380.0   150.0   0.0004058
1140.0   100.0   0.0007102
1680.0   150.0   0.0001862
780.0   50.0   0.0091558
1680.0   200.0   0.0001697
780.0   200.0   0.0354528
1380.0   550.0   0.0047167
1320.0   350.0   0.0016565
1560.0   550.0   0.0015885
900.0   1   0.0018728
1320.0   300.0   0.0012870
1260.0   100.0   0.0005368
1380.0   50.0   0.0001420
120.0   1   0.0002396
660.0   50.0   0.0202070
1260.0   450.0   0.0058947
1320.0   200.0   0.0006248
780.0   250.0   0.0474457
1200.0   700.0   0.0560898
1440.0   550.0   0.0028025
240.0   50.0   0.0020480
540.0   200.0   0.0448265
420.0   200.0   0.0125037
1560.0   500.0   0.0011222
720.0   200.0   0.0507916
480.0   50.0   0.0336512
1440.0   600.0   0.0038299
1680.0   500.0   0.0005942
1200.0   150.0   0.0012970
540.0   100.0   0.0469199
1560.0   400.0   0.0005538
720.0   150.0   0.0362276
300.0   200.0   0.0044444
1620.0   150.0   0.0000686
1500.0   150.0   0.0001907
720.0   550.0   0.0141510
900.0   350.0   0.0433284
1260.0   200.0   0.0008422
1500.0   600.0   0.0029567
300.0   100.0   0.0049908
1200.0   450.0   0.0078631
960.0   1   0.0011951
780.0   100.0   0.0149265
540.0   1   0.0241179
1380.0   600.0   0.0065548
1560.0   450.0   0.0007438
1200.0   300.0   0.0031311
840.0   200.0   0.0224546
1140.0   450.0   0.0145988
540.0   350.0   0.0135744
