#MA5 EffMap for txName: T5WW , Analysis: cms_sus_13_012 , SR: 6NJet8_500HT800_450MHTinf
# Mother Interm Daughter  Eff. 
360.0   50.0   0.0000358
1380.0   700.0   0.0008493
1320.0   50.0   0.0000178
180.0   100.0   0.0000000
600.0   300.0   0.0003032
1080.0   600.0   0.0020330
540.0   400.0   0.0000565
1140.0   150.0   0.0001452
1680.0   650.0   0.0001016
840.0   550.0   0.0004686
1020.0   150.0   0.0001482
1080.0   250.0   0.0004049
840.0   500.0   0.0007697
480.0   150.0   0.0000747
600.0   400.0   0.0001710
1260.0   150.0   0.0000538
1080.0   200.0   0.0002014
600.0   450.0   0.0000570
1500.0   250.0   0.0000000
1320.0   250.0   0.0001421
660.0   100.0   0.0002466
1320.0   400.0   0.0001781
780.0   150.0   0.0004545
480.0   300.0   0.0000374
780.0   350.0   0.0012089
1500.0   300.0   0.0000174
1560.0   650.0   0.0002244
300.0   150.0   0.0000000
1140.0   350.0   0.0004531
1560.0   250.0   0.0000000
1320.0   650.0   0.0009793
1200.0   200.0   0.0000542
1200.0   600.0   0.0016458
960.0   150.0   0.0001865
360.0   100.0   0.0000179
1080.0   700.0   0.0017584
660.0   150.0   0.0003776
1380.0   500.0   0.0003371
1380.0   300.0   0.0000528
1080.0   450.0   0.0012468
1260.0   350.0   0.0001076
840.0   300.0   0.0012592
1200.0   650.0   0.0022562
1020.0   100.0   0.0001105
1440.0   1   0.0000000
1680.0   1   0.0000000
600.0   250.0   0.0002268
960.0   350.0   0.0010385
360.0   150.0   0.0000000
900.0   400.0   0.0013471
960.0   500.0   0.0018455
1320.0   450.0   0.0002152
960.0   450.0   0.0015131
1500.0   50.0   0.0000000
1020.0   1   0.0000554
660.0   500.0   0.0000567
1380.0   650.0   0.0008295
1440.0   350.0   0.0001581
840.0   100.0   0.0003208
780.0   600.0   0.0001511
1080.0   100.0   0.0001467
1260.0   400.0   0.0003400
960.0   650.0   0.0007240
1500.0   500.0   0.0001045
780.0   300.0   0.0009982
900.0   500.0   0.0009885
480.0   250.0   0.0001123
960.0   300.0   0.0007296
960.0   600.0   0.0012462
1620.0   600.0   0.0001721
1140.0   500.0   0.0012232
780.0   1   0.0001131
1080.0   500.0   0.0014146
1260.0   550.0   0.0007905
1380.0   250.0   0.0000000
1500.0   200.0   0.0000699
1500.0   550.0   0.0001214
480.0   350.0   0.0000372
1560.0   1   0.0000000
1020.0   200.0   0.0002776
1440.0   250.0   0.0000348
540.0   450.0   0.0000752
1620.0   400.0   0.0000171
420.0   150.0   0.0000549
1140.0   50.0   0.0000000
540.0   50.0   0.0001127
960.0   200.0   0.0003360
720.0   400.0   0.0007578
1680.0   550.0   0.0001019
900.0   650.0   0.0004117
660.0   300.0   0.0003990
1260.0   300.0   0.0001611
1200.0   550.0   0.0011582
1380.0   200.0   0.0000354
1140.0   700.0   0.0021595
720.0   500.0   0.0002275
540.0   250.0   0.0001314
900.0   600.0   0.0004869
840.0   1   0.0000375
960.0   700.0   0.0005216
1440.0   650.0   0.0004925
1560.0   700.0   0.0003274
1320.0   150.0   0.0000179
1140.0   600.0   0.0018239
1680.0   600.0   0.0000846
1440.0   100.0   0.0000175
720.0   1   0.0001142
720.0   450.0   0.0002090
900.0   50.0   0.0000751
1320.0   700.0   0.0014642
1020.0   550.0   0.0018973
1560.0   600.0   0.0001902
720.0   100.0   0.0003218
1260.0   700.0   0.0022457
840.0   600.0   0.0003207
1680.0   350.0   0.0000340
1020.0   700.0   0.0009586
720.0   250.0   0.0009132
360.0   200.0   0.0000000
1620.0   550.0   0.0001200
240.0   100.0   0.0000000
1680.0   400.0   0.0000170
1320.0   100.0   0.0000534
900.0   700.0   0.0002991
1020.0   250.0   0.0003852
540.0   150.0   0.0001687
1620.0   200.0   0.0000171
1620.0   300.0   0.0000172
840.0   250.0   0.0009595
1500.0   650.0   0.0003299
840.0   400.0   0.0013341
780.0   400.0   0.0006405
1140.0   250.0   0.0002173
1020.0   650.0   0.0012156
660.0   550.0   0.0000763
1200.0   50.0   0.0000362
1380.0   100.0   0.0000000
840.0   50.0   0.0001124
1620.0   1   0.0000000
1020.0   300.0   0.0006478
840.0   150.0   0.0005799
180.0   1   0.0000000
780.0   700.0   0.0001889
1200.0   350.0   0.0001448
480.0   400.0   0.0000000
1080.0   400.0   0.0006942
1380.0   350.0   0.0001590
1380.0   450.0   0.0000882
900.0   550.0   0.0009711
1260.0   500.0   0.0006101
960.0   550.0   0.0013387
840.0   350.0   0.0012778
1560.0   100.0   0.0000173
1020.0   600.0   0.0016628
1680.0   50.0   0.0000000
1620.0   100.0   0.0000000
660.0   1   0.0001136
900.0   300.0   0.0009510
1380.0   1   0.0000000
780.0   500.0   0.0004340
420.0   50.0   0.0000914
660.0   200.0   0.0005511
1620.0   250.0   0.0000172
1320.0   500.0   0.0003572
1620.0   450.0   0.0000683
1680.0   100.0   0.0000170
1080.0   550.0   0.0021475
1260.0   1   0.0000180
1560.0   200.0   0.0000000
1620.0   500.0   0.0000512
1440.0   500.0   0.0001760
1680.0   450.0   0.0000170
1560.0   300.0   0.0000860
1080.0   300.0   0.0003512
1440.0   700.0   0.0007740
540.0   300.0   0.0000563
420.0   250.0   0.0000183
1260.0   600.0   0.0012188
1320.0   1   0.0000000
1200.0   500.0   0.0010095
1020.0   400.0   0.0010681
900.0   100.0   0.0001878
420.0   1   0.0000182
660.0   350.0   0.0002279
900.0   150.0   0.0004283
1020.0   50.0   0.0000736
1260.0   250.0   0.0000897
720.0   50.0   0.0002280
1380.0   150.0   0.0000529
1140.0   100.0   0.0000728
1680.0   150.0   0.0000000
780.0   50.0   0.0001900
1680.0   200.0   0.0000170
780.0   200.0   0.0004919
1380.0   550.0   0.0004240
1320.0   350.0   0.0001781
1560.0   550.0   0.0001036
900.0   1   0.0001124
1320.0   300.0   0.0000358
1260.0   100.0   0.0000716
1380.0   50.0   0.0000177
120.0   1   0.0000000
660.0   50.0   0.0003039
1260.0   450.0   0.0002688
1320.0   200.0   0.0000536
780.0   250.0   0.0010187
1200.0   700.0   0.0026210
1440.0   550.0   0.0001927
240.0   50.0   0.0000000
540.0   200.0   0.0000944
420.0   200.0   0.0000548
1560.0   500.0   0.0000518
720.0   200.0   0.0006060
480.0   50.0   0.0001304
1440.0   600.0   0.0003338
1680.0   500.0   0.0000679
1200.0   150.0   0.0000180
540.0   100.0   0.0000940
1560.0   400.0   0.0000000
720.0   150.0   0.0005506
300.0   200.0   0.0000171
1620.0   150.0   0.0000000
1500.0   150.0   0.0000173
720.0   550.0   0.0001707
900.0   350.0   0.0009179
1260.0   200.0   0.0000538
1500.0   600.0   0.0002435
300.0   100.0   0.0000000
1200.0   450.0   0.0009038
960.0   1   0.0000373
780.0   100.0   0.0003779
540.0   1   0.0001128
1380.0   600.0   0.0005669
1560.0   450.0   0.0000865
1200.0   300.0   0.0002353
840.0   200.0   0.0006571
1140.0   450.0   0.0008394
540.0   350.0   0.0000939
