105.29010238907851  91.51398264223712
128.32764505119454  112.34329797492751
145.39249146757678  128.54387656702022
168.4300341296928  143.20154291224668
182.08191126279863  158.6306653809063
195.7337883959044  170.97396335583397
217.0648464163822  184.08871745419464
235.8361774744027  200.28929604628718
249.4880546075085  218.80424300867872
265.69965870307163  227.2902603664415
281.05802047781566  235.7762777242042
287.0307167235494  245.80520732883292
303.24232081911254  253.5197685631628
316.04095563139924  255.8341369334617
329.69283276450506  257.3770491803277
338.2252559726962  259.6914175506266
352.7303754266211  270.49180327868834
374.06143344709886  278.97782063645116
391.97952218430027  279.7492767598841
411.6040955631398  284.3780135004819
420.9897610921501  288.23529411764684
439.76109215017055  296.7213114754096
455.1194539249146  302.12150433944043
479.8634812286688  313.69334619093513
500.34129692832755  318.32208293153303
519.112627986348  319.864995178399
531.9112627986347  319.093539054966
546.4163822525596  315.2362584378011
562.6279863481228  312.92189006750215
573.7201365187713  307.52169720347126
584.8122866894197  298.2642237222755
593.3447098976108  292.09257473481165
606.9965870307166  286.69238187078076
616.3822525597268  280.52073288331695
624.9146757679179  263.54869816779143
630.0341296928326  247.34811957569883
637.7133105802046  234.23336547733822
644.5392491467575  218.8042430086786
650.5119453924913  199.51783992285408
649.6587030716722  180.23143683702955
653.9249146757679  160.1735776277721
652.2184300341297  133.94406943105076
650.5119453924914  108.48601735776253
653.9249146757679  95.37126325940176
660.7508532423208  76.08486017357734
664.1638225255972  51.39826422372187
665.0170648464164  34.42622950819634
660.7508532423208  11.28254580520695
659.0443686006826  -1.060752169720672

