121.98852772466539       33.20895522388054
135.75525812619503       48.88059701492534
151.05162523900574       62.313432835820834
161.75908221797326       75.74626865671638
175.5258126195029       89.17910447761187
193.88145315487574       105.97014925373122
212.2370936902486       120.52238805970143
227.53346080305928       133.95522388059692
239.77055449330786       146.26865671641784
252.00764818355643       159.70149253731338
273.4225621414914       176.49253731343273
285.65965583174       187.68656716417902
305.5449330783939       203.3582089552238
320.84130019120465       220.1492537313432
334.6080305927343       223.5074626865671
359.08221797323137       227.98507462686558
374.3785850860421       233.58208955223873
395.79349904397714       233.58208955223873
423.3269598470364       234.70149253731336
441.68260038240925       236.94029850746261
472.2753346080306       239.17910447761184
498.2791586998089       245.8955223880596
527.3422562141492       252.61194029850736
557.9349904397706       252.61194029850736
590.0573613766732       250.3731343283581
609.9426386233271       243.65671641791033
620.6500956022945       230.2238805970148
625.2390057361378       213.4328358208954
631.3575525812621       193.28358208955208
640.5353728489484       182.08955223880582
646.6539196940727       160.8208955223879
651.242829827916       140.67164179104464
661.9502868068835       119.40298507462671
668.0688336520078       99.25373134328345
675.717017208413       72.38805970149235
675.717017208413       51.11940298507449
674.187380497132       32.08955223880582
677.2466539196942       9.701492537313243

