245.70135746606343 2.9709114414997657
247.96380090497792 20.118939883645908
243.43891402714985 31.537168713639517
243.43891402715008 42.96574014221096
261.53846153846166 62.43568196509386
279.63800904977415 84.19133807369121
297.7375565610864 102.518422753717
320.36199095022675 125.42727860374936
347.5113122171949 146.06076276664527
379.1855203619914 168.99030381383335
392.76018099547514 187.3070458952813
419.90950226244354 207.94053005817722
442.5339366515839 223.99224305106668
460.6334841628959 230.89075630252114
483.25791855203624 240.0853264382677
519.4570135746606 253.88235294117652
555.6561085972846 266.5365223012283
591.8552036199096 279.1906916612801
641.6289592760179 296.44731738849407
671.0407239818999 304.5145442792502
702.714932126697 313.72979961215265
732.1266968325792 311.51131221719464
763.8009049773755 302.4408532643827
781.9004524886877 284.19650937298
790.9502262443436 263.6457659987073
799.9999999999995 245.38073691014876
809.0497737556557 217.97285067873315
811.3122171945702 190.54945054945074
813.5746606334842 167.69747899159677
818.0995475113123 140.27925016160322
822.6244343891403 115.146735617324
824.8868778280544 96.8661926308987
822.6244343891403 76.28959276018122
822.6244343891403 48.86102133160978
824.8868778280541 26.00904977375569
827.1493212669682 3.157078215902061

