# prod        mint        mhscp        mrec300
5.150000e+02  5.070000e+02  5.000000e+02  4.591609e-01
5.600000e+02  5.050000e+02  5.000000e+02  4.741648e-01
5.600000e+02  5.290000e+02  5.000000e+02  4.784357e-01
5.600000e+02  5.550000e+02  5.000000e+02  4.733544e-01
6.070000e+02  5.050000e+02  5.000000e+02  4.888742e-01
6.070000e+02  5.510000e+02  5.000000e+02  4.895335e-01
6.070000e+02  6.020000e+02  5.000000e+02  4.933574e-01
6.660000e+02  5.050000e+02  5.000000e+02  5.115839e-01
6.660000e+02  5.780000e+02  5.000000e+02  5.130711e-01
6.660000e+02  6.610000e+02  5.000000e+02  5.201784e-01
7.410000e+02  5.050000e+02  5.000000e+02  5.473251e-01
7.410000e+02  5.550000e+02  5.000000e+02  5.423635e-01
7.410000e+02  6.100000e+02  5.000000e+02  5.387153e-01
7.410000e+02  6.700000e+02  5.000000e+02  5.453921e-01
7.410000e+02  7.360000e+02  5.000000e+02  5.489606e-01
8.350000e+02  5.050000e+02  5.000000e+02  5.589566e-01
8.350000e+02  5.720000e+02  5.000000e+02  5.688962e-01
8.350000e+02  6.470000e+02  5.000000e+02  5.683898e-01
8.350000e+02  7.330000e+02  5.000000e+02  5.684410e-01
8.350000e+02  8.300000e+02  5.000000e+02  5.680279e-01
9.500000e+02  5.050000e+02  5.000000e+02  5.650406e-01
9.500000e+02  5.910000e+02  5.000000e+02  5.789529e-01
9.500000e+02  6.910000e+02  5.000000e+02  5.779250e-01
9.500000e+02  8.080000e+02  5.000000e+02  5.731943e-01
9.500000e+02  9.450000e+02  5.000000e+02  5.599916e-01
1.091000e+03  5.050000e+02  5.000000e+02  5.366083e-01
1.091000e+03  6.120000e+02  5.000000e+02  5.711512e-01
1.091000e+03  7.410000e+02  5.000000e+02  5.778840e-01
1.091000e+03  8.970000e+02  5.000000e+02  5.648222e-01
1.091000e+03  1.086000e+03  5.000000e+02  5.499394e-01
1.262000e+03  5.050000e+02  5.000000e+02  4.825103e-01
1.262000e+03  6.340000e+02  5.000000e+02  5.362740e-01
1.262000e+03  7.970000e+02  5.000000e+02  5.519063e-01
1.262000e+03  1.001000e+03  5.000000e+02  5.356039e-01
1.262000e+03  1.257000e+03  5.000000e+02  4.959753e-01
1.467000e+03  5.050000e+02  5.000000e+02  4.058561e-01
1.467000e+03  6.590000e+02  5.000000e+02  4.833504e-01
1.467000e+03  8.590000e+02  5.000000e+02  5.123396e-01
1.467000e+03  1.121000e+03  5.000000e+02  4.817638e-01
1.467000e+03  1.462000e+03  5.000000e+02  4.138863e-01
1.711000e+03  5.050000e+02  5.000000e+02  2.792775e-01
1.711000e+03  6.850000e+02  5.000000e+02  4.085272e-01
1.711000e+03  9.280000e+02  5.000000e+02  4.434275e-01
1.711000e+03  1.258000e+03  5.000000e+02  3.978763e-01
1.711000e+03  1.706000e+03  5.000000e+02  2.996846e-01
2.001000e+03  5.050000e+02  5.000000e+02  1.543225e-01
2.001000e+03  6.350000e+02  5.000000e+02  2.574256e-01
2.001000e+03  7.980000e+02  5.000000e+02  3.411399e-01
2.001000e+03  1.004000e+03  5.000000e+02  3.525827e-01
2.001000e+03  1.262000e+03  5.000000e+02  3.315241e-01
2.001000e+03  1.587000e+03  5.000000e+02  2.480819e-01
2.001000e+03  1.996000e+03  5.000000e+02  1.741228e-01
2.342000e+03  5.050000e+02  5.000000e+02  6.094488e-02
2.342000e+03  6.520000e+02  5.000000e+02  1.533471e-01
2.342000e+03  8.420000e+02  5.000000e+02  2.570120e-01
2.342000e+03  1.086000e+03  5.000000e+02  2.818595e-01
2.342000e+03  1.402000e+03  5.000000e+02  2.493118e-01
2.342000e+03  1.810000e+03  5.000000e+02  1.448355e-01
2.342000e+03  2.337000e+03  5.000000e+02  8.210827e-02
2.742000e+03  5.050000e+02  5.000000e+02  1.833465e-02
2.742000e+03  6.690000e+02  5.000000e+02  7.517163e-02
2.742000e+03  8.870000e+02  5.000000e+02  1.912885e-01
2.742000e+03  1.176000e+03  5.000000e+02  2.188598e-01
2.742000e+03  1.558000e+03  5.000000e+02  1.837339e-01
2.742000e+03  2.065000e+03  5.000000e+02  7.168642e-02
2.742000e+03  2.737000e+03  5.000000e+02  2.769657e-02
3.208000e+03  5.050000e+02  5.000000e+02  2.231478e-03
3.208000e+03  6.870000e+02  5.000000e+02  3.303120e-02
3.208000e+03  9.350000e+02  5.000000e+02  1.452147e-01
3.208000e+03  1.272000e+03  5.000000e+02  1.756792e-01
3.208000e+03  1.730000e+03  5.000000e+02  1.382297e-01
3.208000e+03  2.354000e+03  5.000000e+02  3.024833e-02
3.208000e+03  3.203000e+03  5.000000e+02  1.090233e-02
3.750000e+03  5.050000e+02  5.000000e+02  2.428375e-04
3.750000e+03  7.050000e+02  5.000000e+02  1.148431e-02
3.750000e+03  9.850000e+02  5.000000e+02  1.051345e-01
3.750000e+03  1.375000e+03  5.000000e+02  1.444284e-01
3.750000e+03  1.920000e+03  5.000000e+02  1.047828e-01
3.750000e+03  2.682000e+03  5.000000e+02  1.029355e-02
3.750000e+03  3.745000e+03  5.000000e+02  4.871782e-03
4.377000e+03  5.050000e+02  5.000000e+02  3.452973e-04
4.377000e+03  7.240000e+02  5.000000e+02  2.400150e-03
4.377000e+03  1.037000e+03  5.000000e+02  8.396113e-02
4.377000e+03  1.486000e+03  5.000000e+02  1.219604e-01
4.377000e+03  2.129000e+03  5.000000e+02  7.957998e-02
4.377000e+03  3.051000e+03  5.000000e+02  1.309342e-03
4.377000e+03  4.372000e+03  5.000000e+02  3.880758e-03
5.100000e+03  5.050000e+02  5.000000e+02  1.016187e-04
5.100000e+03  7.420000e+02  5.000000e+02  3.332845e-04
5.100000e+03  1.091000e+03  5.000000e+02  6.332798e-02
5.100000e+03  1.604000e+03  5.000000e+02  9.837185e-02
5.100000e+03  2.358000e+03  5.000000e+02  5.912638e-02
5.100000e+03  3.466000e+03  5.000000e+02  8.219764e-05
5.100000e+03  5.095000e+03  5.000000e+02  2.187552e-03
5.650000e+02  5.570000e+02  5.500000e+02  4.688536e-01
6.100000e+02  5.550000e+02  5.500000e+02  4.855880e-01
6.100000e+02  5.790000e+02  5.500000e+02  4.850925e-01
6.100000e+02  6.050000e+02  5.500000e+02  4.882088e-01
6.570000e+02  5.550000e+02  5.500000e+02  4.992002e-01
6.570000e+02  6.020000e+02  5.500000e+02  5.017016e-01
6.570000e+02  6.520000e+02  5.500000e+02  5.030055e-01
7.150000e+02  5.550000e+02  5.500000e+02  5.293658e-01
7.150000e+02  6.280000e+02  5.500000e+02  5.218412e-01
7.150000e+02  7.100000e+02  5.500000e+02  5.268665e-01
7.900000e+02  5.550000e+02  5.500000e+02  5.528213e-01
7.900000e+02  6.050000e+02  5.500000e+02  5.501612e-01
7.900000e+02  6.600000e+02  5.500000e+02  5.456064e-01
7.900000e+02  7.200000e+02  5.500000e+02  5.503593e-01
7.900000e+02  7.850000e+02  5.500000e+02  5.592915e-01
8.830000e+02  5.550000e+02  5.500000e+02  5.743769e-01
8.830000e+02  6.220000e+02  5.500000e+02  5.778019e-01
8.830000e+02  6.980000e+02  5.500000e+02  5.790546e-01
8.830000e+02  7.830000e+02  5.500000e+02  5.759778e-01
8.830000e+02  8.780000e+02  5.500000e+02  5.764696e-01
9.970000e+02  5.550000e+02  5.500000e+02  5.796021e-01
9.970000e+02  6.420000e+02  5.500000e+02  5.964713e-01
9.970000e+02  7.420000e+02  5.500000e+02  5.922911e-01
9.970000e+02  8.580000e+02  5.500000e+02  5.929237e-01
9.970000e+02  9.920000e+02  5.500000e+02  5.827621e-01
1.137000e+03  5.550000e+02  5.500000e+02  5.632097e-01
1.137000e+03  6.630000e+02  5.500000e+02  5.850260e-01
1.137000e+03  7.930000e+02  5.500000e+02  5.998289e-01
1.137000e+03  9.470000e+02  5.500000e+02  5.833080e-01
1.137000e+03  1.132000e+03  5.500000e+02  5.744198e-01
1.306000e+03  5.550000e+02  5.500000e+02  5.241354e-01
1.306000e+03  6.870000e+02  5.500000e+02  5.675757e-01
1.306000e+03  8.500000e+02  5.500000e+02  5.813766e-01
1.306000e+03  1.051000e+03  5.500000e+02  5.636395e-01
1.306000e+03  1.301000e+03  5.500000e+02  5.324744e-01
1.509000e+03  5.550000e+02  5.500000e+02  4.494570e-01
1.509000e+03  7.120000e+02  5.500000e+02  5.188588e-01
1.509000e+03  9.140000e+02  5.500000e+02  5.434125e-01
1.509000e+03  1.172000e+03  5.500000e+02  5.181717e-01
1.509000e+03  1.504000e+03  5.500000e+02  4.597953e-01
1.751000e+03  5.550000e+02  5.500000e+02  3.293945e-01
1.751000e+03  7.390000e+02  5.500000e+02  4.512792e-01
1.751000e+03  9.840000e+02  5.500000e+02  4.802127e-01
1.751000e+03  1.311000e+03  5.500000e+02  4.416592e-01
1.751000e+03  1.746000e+03  5.500000e+02  3.540466e-01
2.038000e+03  5.550000e+02  5.500000e+02  2.108324e-01
2.038000e+03  6.890000e+02  5.500000e+02  3.097565e-01
2.038000e+03  8.560000e+02  5.500000e+02  3.885112e-01
2.038000e+03  1.062000e+03  5.500000e+02  4.013637e-01
2.038000e+03  1.319000e+03  5.500000e+02  3.802890e-01
2.038000e+03  1.637000e+03  5.500000e+02  3.047682e-01
2.038000e+03  2.033000e+03  5.500000e+02  2.231413e-01
2.375000e+03  5.550000e+02  5.500000e+02  9.401838e-02
2.375000e+03  7.070000e+02  5.500000e+02  1.958715e-01
2.375000e+03  9.000000e+02  5.500000e+02  2.983932e-01
2.375000e+03  1.147000e+03  5.500000e+02  3.192158e-01
2.375000e+03  1.461000e+03  5.500000e+02  2.931454e-01
2.375000e+03  1.861000e+03  5.500000e+02  1.914268e-01
2.375000e+03  2.370000e+03  5.500000e+02  1.126003e-01
2.771000e+03  5.550000e+02  5.500000e+02  3.066406e-02
2.771000e+03  7.250000e+02  5.500000e+02  1.058733e-01
2.771000e+03  9.480000e+02  5.500000e+02  2.209896e-01
2.771000e+03  1.239000e+03  5.500000e+02  2.431655e-01
2.771000e+03  1.619000e+03  5.500000e+02  2.153666e-01
2.771000e+03  2.116000e+03  5.500000e+02  9.814260e-02
2.771000e+03  2.766000e+03  5.500000e+02  4.762286e-02
3.232000e+03  5.550000e+02  5.500000e+02  4.670709e-03
3.232000e+03  7.440000e+02  5.500000e+02  4.879638e-02
3.232000e+03  9.980000e+02  5.500000e+02  1.646197e-01
3.232000e+03  1.338000e+03  5.500000e+02  1.949212e-01
3.232000e+03  1.795000e+03  5.500000e+02  1.594559e-01
3.232000e+03  2.406000e+03  5.500000e+02  4.254678e-02
3.232000e+03  3.227000e+03  5.500000e+02  1.553420e-02
3.767000e+03  5.550000e+02  5.500000e+02  5.273899e-04
3.767000e+03  7.640000e+02  5.500000e+02  1.860987e-02
3.767000e+03  1.050000e+03  5.500000e+02  1.231087e-01
3.767000e+03  1.445000e+03  5.500000e+02  1.583413e-01
3.767000e+03  1.988000e+03  5.500000e+02  1.189199e-01
3.767000e+03  2.735000e+03  5.500000e+02  1.708924e-02
3.767000e+03  3.762000e+03  5.500000e+02  6.693287e-03
4.386000e+03  5.550000e+02  5.500000e+02  3.474240e-04
4.386000e+03  7.830000e+02  5.500000e+02  4.554459e-03
4.386000e+03  1.105000e+03  5.500000e+02  9.846249e-02
4.386000e+03  1.559000e+03  5.500000e+02  1.302563e-01
4.386000e+03  2.200000e+03  5.500000e+02  9.277897e-02
4.386000e+03  3.105000e+03  5.500000e+02  3.379030e-03
4.386000e+03  4.381000e+03  5.500000e+02  4.283055e-03
5.100000e+03  5.550000e+02  5.500000e+02  2.726811e-04
5.100000e+03  8.030000e+02  5.500000e+02  2.616779e-04
5.100000e+03  1.162000e+03  5.500000e+02  7.394670e-02
5.100000e+03  1.682000e+03  5.500000e+02  1.056577e-01
5.100000e+03  2.433000e+03  5.500000e+02  7.189060e-02
5.100000e+03  3.521000e+03  5.500000e+02  1.662929e-04
5.100000e+03  5.095000e+03  5.500000e+02  2.425719e-03
6.150000e+02  6.070000e+02  6.000000e+02  4.792719e-01
6.600000e+02  6.050000e+02  6.000000e+02  4.932154e-01
6.600000e+02  6.300000e+02  6.000000e+02  4.961353e-01
6.600000e+02  6.550000e+02  6.000000e+02  4.934124e-01
7.060000e+02  6.050000e+02  6.000000e+02  5.010505e-01
7.060000e+02  6.510000e+02  6.000000e+02  5.103199e-01
7.060000e+02  7.010000e+02  6.000000e+02  5.128122e-01
7.650000e+02  6.050000e+02  6.000000e+02  5.259940e-01
7.650000e+02  6.780000e+02  6.000000e+02  5.183635e-01
7.650000e+02  7.600000e+02  6.000000e+02  5.361831e-01
8.390000e+02  6.050000e+02  6.000000e+02  5.583585e-01
8.390000e+02  6.560000e+02  6.000000e+02  5.491340e-01
8.390000e+02  7.100000e+02  6.000000e+02  5.494996e-01
8.390000e+02  7.700000e+02  6.000000e+02  5.552572e-01
8.390000e+02  8.340000e+02  6.000000e+02  5.570702e-01
9.310000e+02  6.050000e+02  6.000000e+02  5.776847e-01
9.310000e+02  6.730000e+02  6.000000e+02  5.803560e-01
9.310000e+02  7.480000e+02  6.000000e+02  5.771418e-01
9.310000e+02  8.330000e+02  6.000000e+02  5.731337e-01
9.310000e+02  9.260000e+02  6.000000e+02  5.806875e-01
1.044000e+03  6.050000e+02  6.000000e+02  5.842870e-01
1.044000e+03  6.930000e+02  6.000000e+02  5.988205e-01
1.044000e+03  7.930000e+02  6.000000e+02  6.035683e-01
1.044000e+03  9.080000e+02  6.000000e+02  5.947346e-01
1.044000e+03  1.039000e+03  6.000000e+02  5.939872e-01
1.183000e+03  6.050000e+02  6.000000e+02  5.816417e-01
1.183000e+03  7.150000e+02  6.000000e+02  5.993740e-01
1.183000e+03  8.440000e+02  6.000000e+02  6.085223e-01
1.183000e+03  9.970000e+02  6.000000e+02  5.977049e-01
1.183000e+03  1.178000e+03  6.000000e+02  5.871661e-01
1.351000e+03  6.050000e+02  6.000000e+02  5.435136e-01
1.351000e+03  7.390000e+02  6.000000e+02  5.851352e-01
1.351000e+03  9.020000e+02  6.000000e+02  5.933052e-01
1.351000e+03  1.102000e+03  6.000000e+02  5.837462e-01
1.351000e+03  1.346000e+03  6.000000e+02  5.574144e-01
1.552000e+03  6.050000e+02  6.000000e+02  4.819504e-01
1.552000e+03  7.650000e+02  6.000000e+02  5.502216e-01
1.552000e+03  9.670000e+02  6.000000e+02  5.605423e-01
1.552000e+03  1.223000e+03  6.000000e+02  5.449845e-01
1.552000e+03  1.547000e+03  6.000000e+02  4.980950e-01
1.791000e+03  6.050000e+02  6.000000e+02  3.808010e-01
1.791000e+03  7.930000e+02  6.000000e+02  4.835132e-01
1.791000e+03  1.039000e+03  6.000000e+02  5.112838e-01
1.791000e+03  1.363000e+03  6.000000e+02  4.777130e-01
1.791000e+03  1.786000e+03  6.000000e+02  4.033620e-01
2.075000e+03  6.050000e+02  6.000000e+02  2.537688e-01
2.075000e+03  7.430000e+02  6.000000e+02  3.567027e-01
2.075000e+03  9.120000e+02  6.000000e+02  4.246449e-01
2.075000e+03  1.119000e+03  6.000000e+02  4.366950e-01
2.075000e+03  1.374000e+03  6.000000e+02  4.215064e-01
2.075000e+03  1.686000e+03  6.000000e+02  3.463901e-01
2.075000e+03  2.070000e+03  6.000000e+02  2.780253e-01
2.408000e+03  6.050000e+02  6.000000e+02  1.276554e-01
2.408000e+03  7.610000e+02  6.000000e+02  2.369920e-01
2.408000e+03  9.580000e+02  6.000000e+02  3.353530e-01
2.408000e+03  1.206000e+03  6.000000e+02  3.520158e-01
2.408000e+03  1.517000e+03  6.000000e+02  3.246903e-01
2.408000e+03  1.910000e+03  6.000000e+02  2.326350e-01
2.408000e+03  2.403000e+03  6.000000e+02  1.452090e-01
2.799000e+03  6.050000e+02  6.000000e+02  4.981168e-02
2.799000e+03  7.810000e+02  6.000000e+02  1.378436e-01
2.799000e+03  1.008000e+03  6.000000e+02  2.449718e-01
2.799000e+03  1.300000e+03  6.000000e+02  2.739593e-01
2.799000e+03  1.678000e+03  6.000000e+02  2.428669e-01
2.799000e+03  2.165000e+03  6.000000e+02  1.309456e-01
2.799000e+03  2.794000e+03  6.000000e+02  6.574731e-02
3.255000e+03  6.050000e+02  6.000000e+02  1.050716e-02
3.255000e+03  8.010000e+02  6.000000e+02  6.561552e-02
3.255000e+03  1.060000e+03  6.000000e+02  1.826668e-01
3.255000e+03  1.402000e+03  6.000000e+02  2.121804e-01
3.255000e+03  1.856000e+03  6.000000e+02  1.819955e-01
3.255000e+03  2.456000e+03  6.000000e+02  6.144929e-02
3.255000e+03  3.250000e+03  6.000000e+02  2.227982e-02
3.784000e+03  6.050000e+02  6.000000e+02  9.561251e-04
3.784000e+03  8.210000e+02  6.000000e+02  2.782149e-02
3.784000e+03  1.114000e+03  6.000000e+02  1.398126e-01
3.784000e+03  1.512000e+03  6.000000e+02  1.657945e-01
3.784000e+03  2.052000e+03  6.000000e+02  1.399591e-01
3.784000e+03  2.785000e+03  6.000000e+02  2.395156e-02
3.784000e+03  3.779000e+03  6.000000e+02  1.037039e-02
4.395000e+03  6.050000e+02  6.000000e+02  3.705839e-04
4.395000e+03  8.420000e+02  6.000000e+02  6.967202e-03
4.395000e+03  1.171000e+03  6.000000e+02  1.084533e-01
4.395000e+03  1.630000e+03  6.000000e+02  1.426556e-01
4.395000e+03  2.268000e+03  6.000000e+02  1.017236e-01
4.395000e+03  3.155000e+03  6.000000e+02  6.133484e-03
4.395000e+03  4.390000e+03  6.000000e+02  5.344195e-03
5.100000e+03  6.050000e+02  6.000000e+02  3.487264e-04
5.100000e+03  8.630000e+02  6.000000e+02  7.976384e-04
5.100000e+03  1.231000e+03  6.000000e+02  8.877452e-02
5.100000e+03  1.756000e+03  6.000000e+02  1.192990e-01
5.100000e+03  2.504000e+03  6.000000e+02  8.186252e-02
5.100000e+03  3.572000e+03  6.000000e+02  6.621492e-04
5.100000e+03  5.095000e+03  6.000000e+02  3.526710e-03
7.150000e+02  7.070000e+02  7.000000e+02  4.846274e-01
7.620000e+02  7.050000e+02  7.000000e+02  4.996325e-01
7.620000e+02  7.310000e+02  7.000000e+02  4.947302e-01
7.620000e+02  7.570000e+02  7.000000e+02  4.944307e-01
8.120000e+02  7.050000e+02  7.000000e+02  5.041392e-01
8.120000e+02  7.540000e+02  7.000000e+02  5.122928e-01
8.120000e+02  8.070000e+02  7.000000e+02  5.144088e-01
8.760000e+02  7.050000e+02  7.000000e+02  5.297711e-01
8.760000e+02  7.840000e+02  7.000000e+02  5.242925e-01
8.760000e+02  8.710000e+02  7.000000e+02  5.406639e-01
9.570000e+02  7.050000e+02  7.000000e+02  5.561831e-01
9.570000e+02  7.600000e+02  7.000000e+02  5.511085e-01
9.570000e+02  8.190000e+02  7.000000e+02  5.503583e-01
9.570000e+02  8.830000e+02  7.000000e+02  5.500620e-01
9.570000e+02  9.520000e+02  7.000000e+02  5.581666e-01
1.059000e+03  7.050000e+02  7.000000e+02  5.779991e-01
1.059000e+03  7.800000e+02  7.000000e+02  5.801399e-01
1.059000e+03  8.620000e+02  7.000000e+02  5.735668e-01
1.059000e+03  9.530000e+02  7.000000e+02  5.757105e-01
1.059000e+03  1.054000e+03  7.000000e+02  5.815510e-01
1.186000e+03  7.050000e+02  7.000000e+02  5.911623e-01
1.186000e+03  8.020000e+02  7.000000e+02  5.982878e-01
1.186000e+03  9.120000e+02  7.000000e+02  5.970484e-01
1.186000e+03  1.038000e+03  7.000000e+02  5.952187e-01
1.186000e+03  1.181000e+03  7.000000e+02  5.957903e-01
1.343000e+03  7.050000e+02  7.000000e+02  5.914417e-01
1.343000e+03  8.270000e+02  7.000000e+02  6.028715e-01
1.343000e+03  9.710000e+02  7.000000e+02  6.113290e-01
1.343000e+03  1.140000e+03  7.000000e+02  6.018483e-01
1.343000e+03  1.338000e+03  7.000000e+02  5.896168e-01
1.533000e+03  7.050000e+02  7.000000e+02  5.551759e-01
1.533000e+03  8.550000e+02  7.000000e+02  5.921127e-01
1.533000e+03  1.038000e+03  7.000000e+02  6.007190e-01
1.533000e+03  1.259000e+03  7.000000e+02  5.859385e-01
1.533000e+03  1.528000e+03  7.000000e+02  5.665456e-01
1.763000e+03  7.050000e+02  7.000000e+02  4.891516e-01
1.763000e+03  8.860000e+02  7.000000e+02  5.582216e-01
1.763000e+03  1.113000e+03  7.000000e+02  5.696995e-01
1.763000e+03  1.399000e+03  7.000000e+02  5.500512e-01
1.763000e+03  1.758000e+03  7.000000e+02  5.049246e-01
2.039000e+03  7.050000e+02  7.000000e+02  3.896772e-01
2.039000e+03  9.190000e+02  7.000000e+02  4.885419e-01
2.039000e+03  1.197000e+03  7.000000e+02  5.080259e-01
2.039000e+03  1.561000e+03  7.000000e+02  4.871237e-01
2.039000e+03  2.034000e+03  7.000000e+02  4.077889e-01
2.367000e+03  7.050000e+02  7.000000e+02  2.479807e-01
2.367000e+03  8.620000e+02  7.000000e+02  3.521710e-01
2.367000e+03  1.055000e+03  7.000000e+02  4.184947e-01
2.367000e+03  1.290000e+03  7.000000e+02  4.283894e-01
2.367000e+03  1.579000e+03  7.000000e+02  4.166271e-01
2.367000e+03  1.931000e+03  7.000000e+02  3.452182e-01
2.367000e+03  2.362000e+03  7.000000e+02  2.797221e-01
2.755000e+03  7.050000e+02  7.000000e+02  1.218403e-01
2.755000e+03  8.850000e+02  7.000000e+02  2.275211e-01
2.755000e+03  1.110000e+03  7.000000e+02  3.232399e-01
2.755000e+03  1.392000e+03  7.000000e+02  3.367892e-01
2.755000e+03  1.747000e+03  7.000000e+02  3.230502e-01
2.755000e+03  2.192000e+03  7.000000e+02  2.230515e-01
2.755000e+03  2.750000e+03  7.000000e+02  1.465357e-01
3.213000e+03  7.050000e+02  7.000000e+02  3.942780e-02
3.213000e+03  9.080000e+02  7.000000e+02  1.256211e-01
3.213000e+03  1.168000e+03  7.000000e+02  2.390251e-01
3.213000e+03  1.504000e+03  7.000000e+02  2.578551e-01
3.213000e+03  1.936000e+03  7.000000e+02  2.332940e-01
3.213000e+03  2.492000e+03  7.000000e+02  1.238216e-01
3.213000e+03  3.208000e+03  7.000000e+02  5.784291e-02
3.749000e+03  7.050000e+02  7.000000e+02  5.312769e-03
3.749000e+03  9.310000e+02  7.000000e+02  5.663150e-02
3.749000e+03  1.230000e+03  7.000000e+02  1.716191e-01
3.749000e+03  1.625000e+03  7.000000e+02  2.032169e-01
3.749000e+03  2.146000e+03  7.000000e+02  1.734553e-01
3.749000e+03  2.835000e+03  7.000000e+02  5.353033e-02
3.749000e+03  3.744000e+03  7.000000e+02  1.692324e-02
4.374000e+03  7.050000e+02  7.000000e+02  6.327051e-04
4.374000e+03  9.550000e+02  7.000000e+02  2.030971e-02
4.374000e+03  1.295000e+03  7.000000e+02  1.344969e-01
4.374000e+03  1.755000e+03  7.000000e+02  1.639774e-01
4.374000e+03  2.379000e+03  7.000000e+02  1.323213e-01
4.374000e+03  3.224000e+03  7.000000e+02  1.612504e-02
4.374000e+03  4.369000e+03  7.000000e+02  8.319653e-03
5.100000e+03  7.050000e+02  7.000000e+02  1.776130e-04
5.100000e+03  9.800000e+02  7.000000e+02  3.561381e-03
5.100000e+03  1.363000e+03  7.000000e+02  1.073276e-01
5.100000e+03  1.895000e+03  7.000000e+02  1.347821e-01
5.100000e+03  2.635000e+03  7.000000e+02  1.043218e-01
5.100000e+03  3.664000e+03  7.000000e+02  1.793393e-03
5.100000e+03  5.095000e+03  7.000000e+02  4.829127e-03
8.150000e+02  8.070000e+02  8.000000e+02  4.784417e-01
8.620000e+02  8.050000e+02  8.000000e+02  4.873006e-01
8.620000e+02  8.310000e+02  8.000000e+02  4.929263e-01
8.620000e+02  8.570000e+02  8.000000e+02  4.900436e-01
9.110000e+02  8.050000e+02  8.000000e+02  4.941925e-01
9.110000e+02  8.540000e+02  8.000000e+02  4.978467e-01
9.110000e+02  9.060000e+02  8.000000e+02  5.066830e-01
9.740000e+02  8.050000e+02  8.000000e+02  5.121916e-01
9.740000e+02  8.830000e+02  8.000000e+02  5.133817e-01
9.740000e+02  9.690000e+02  8.000000e+02  5.192275e-01
1.054000e+03  8.050000e+02  8.000000e+02  5.356686e-01
1.054000e+03  8.600000e+02  8.000000e+02  5.273500e-01
1.054000e+03  9.190000e+02  8.000000e+02  5.380812e-01
1.054000e+03  9.820000e+02  8.000000e+02  5.375599e-01
1.054000e+03  1.049000e+03  8.000000e+02  5.357554e-01
1.155000e+03  8.050000e+02  8.000000e+02  5.604018e-01
1.155000e+03  8.800000e+02  8.000000e+02  5.562354e-01
1.155000e+03  9.620000e+02  8.000000e+02  5.560168e-01
1.155000e+03  1.052000e+03  8.000000e+02  5.586976e-01
1.155000e+03  1.150000e+03  8.000000e+02  5.639453e-01
1.280000e+03  8.050000e+02  8.000000e+02  5.818341e-01
1.280000e+03  9.030000e+02  8.000000e+02  5.786246e-01
1.280000e+03  1.013000e+03  8.000000e+02  5.791170e-01
1.280000e+03  1.137000e+03  8.000000e+02  5.797463e-01
1.280000e+03  1.275000e+03  8.000000e+02  5.782708e-01
1.433000e+03  8.050000e+02  8.000000e+02  5.817813e-01
1.433000e+03  9.290000e+02  8.000000e+02  5.889303e-01
1.433000e+03  1.072000e+03  8.000000e+02  5.934678e-01
1.433000e+03  1.237000e+03  8.000000e+02  5.888208e-01
1.433000e+03  1.428000e+03  8.000000e+02  5.854644e-01
1.620000e+03  8.050000e+02  8.000000e+02  5.632445e-01
1.620000e+03  9.580000e+02  8.000000e+02  5.885134e-01
1.620000e+03  1.140000e+03  8.000000e+02  5.882163e-01
1.620000e+03  1.357000e+03  8.000000e+02  5.810235e-01
1.620000e+03  1.615000e+03  8.000000e+02  5.737856e-01
1.845000e+03  8.050000e+02  8.000000e+02  5.227084e-01
1.845000e+03  9.900000e+02  8.000000e+02  5.653393e-01
1.845000e+03  1.217000e+03  8.000000e+02  5.726180e-01
1.845000e+03  1.496000e+03  8.000000e+02  5.562100e-01
1.845000e+03  1.840000e+03  8.000000e+02  5.320056e-01
2.115000e+03  8.050000e+02  8.000000e+02  4.406471e-01
2.115000e+03  1.024000e+03  8.000000e+02  5.190013e-01
2.115000e+03  1.303000e+03  8.000000e+02  5.317091e-01
2.115000e+03  1.658000e+03  8.000000e+02  5.133875e-01
2.115000e+03  2.110000e+03  8.000000e+02  4.570580e-01
2.435000e+03  8.050000e+02  8.000000e+02  3.213426e-01
2.435000e+03  1.061000e+03  8.000000e+02  4.386190e-01
2.435000e+03  1.399000e+03  8.000000e+02  4.610107e-01
2.435000e+03  1.844000e+03  8.000000e+02  4.367726e-01
2.435000e+03  2.430000e+03  8.000000e+02  3.427926e-01
2.815000e+03  8.050000e+02  8.000000e+02  1.833983e-01
2.815000e+03  9.910000e+02  8.000000e+02  2.891148e-01
2.815000e+03  1.221000e+03  8.000000e+02  3.681553e-01
2.815000e+03  1.504000e+03  8.000000e+02  3.801141e-01
2.815000e+03  1.852000e+03  8.000000e+02  3.574711e-01
2.815000e+03  2.282000e+03  8.000000e+02  2.842077e-01
2.815000e+03  2.810000e+03  8.000000e+02  2.069201e-01
3.261000e+03  8.050000e+02  8.000000e+02  7.446641e-02
3.261000e+03  1.016000e+03  8.000000e+02  1.774228e-01
3.261000e+03  1.283000e+03  8.000000e+02  2.697664e-01
3.261000e+03  1.619000e+03  8.000000e+02  2.900460e-01
3.261000e+03  2.044000e+03  8.000000e+02  2.709220e-01
3.261000e+03  2.580000e+03  8.000000e+02  1.701151e-01
3.261000e+03  3.256000e+03  8.000000e+02  9.755152e-02
3.784000e+03  8.050000e+02  8.000000e+02  1.883271e-02
3.784000e+03  1.042000e+03  8.000000e+02  8.945687e-02
3.784000e+03  1.348000e+03  8.000000e+02  2.036379e-01
3.784000e+03  1.744000e+03  8.000000e+02  2.216588e-01
3.784000e+03  2.257000e+03  8.000000e+02  2.005579e-01
3.784000e+03  2.920000e+03  8.000000e+02  8.456869e-02
3.784000e+03  3.779000e+03  8.000000e+02  3.190682e-02
4.393000e+03  8.050000e+02  8.000000e+02  1.103045e-03
4.393000e+03  1.068000e+03  8.000000e+02  3.415583e-02
4.393000e+03  1.417000e+03  8.000000e+02  1.536173e-01
4.393000e+03  1.879000e+03  8.000000e+02  1.809176e-01
4.393000e+03  2.493000e+03  8.000000e+02  1.486296e-01
4.393000e+03  3.308000e+03  8.000000e+02  3.301314e-02
4.393000e+03  4.388000e+03  8.000000e+02  1.062183e-02
5.100000e+03  8.050000e+02  8.000000e+02  2.533660e-04
5.100000e+03  1.095000e+03  8.000000e+02  7.356190e-03
5.100000e+03  1.489000e+03  8.000000e+02  1.233075e-01
5.100000e+03  2.025000e+03  8.000000e+02  1.430019e-01
5.100000e+03  2.754000e+03  8.000000e+02  1.212538e-01
5.100000e+03  3.746000e+03  8.000000e+02  6.076160e-03
5.100000e+03  5.095000e+03  8.000000e+02  5.926592e-03
9.150000e+02  9.070000e+02  9.000000e+02  4.650657e-01
9.640000e+02  9.050000e+02  9.000000e+02  4.696000e-01
9.640000e+02  9.320000e+02  9.000000e+02  4.662827e-01
9.640000e+02  9.590000e+02  9.000000e+02  4.684863e-01
1.017000e+03  9.050000e+02  9.000000e+02  4.788651e-01
1.017000e+03  9.570000e+02  9.000000e+02  4.830358e-01
1.017000e+03  1.012000e+03  9.000000e+02  4.780913e-01
1.086000e+03  9.050000e+02  9.000000e+02  4.898105e-01
1.086000e+03  9.890000e+02  9.000000e+02  4.917265e-01
1.086000e+03  1.081000e+03  9.000000e+02  4.988694e-01
1.175000e+03  9.050000e+02  9.000000e+02  5.170365e-01
1.175000e+03  9.650000e+02  9.000000e+02  5.097493e-01
1.175000e+03  1.029000e+03  9.000000e+02  5.082176e-01
1.175000e+03  1.097000e+03  9.000000e+02  5.112537e-01
1.175000e+03  1.170000e+03  9.000000e+02  5.158620e-01
1.288000e+03  9.050000e+02  9.000000e+02  5.376678e-01
1.288000e+03  9.880000e+02  9.000000e+02  5.300092e-01
1.288000e+03  1.078000e+03  9.000000e+02  5.333050e-01
1.288000e+03  1.176000e+03  9.000000e+02  5.362483e-01
1.288000e+03  1.283000e+03  9.000000e+02  5.402426e-01
1.429000e+03  9.050000e+02  9.000000e+02  5.574398e-01
1.429000e+03  1.014000e+03  9.000000e+02  5.559612e-01
1.429000e+03  1.135000e+03  9.000000e+02  5.548552e-01
1.429000e+03  1.271000e+03  9.000000e+02  5.516682e-01
1.429000e+03  1.424000e+03  9.000000e+02  5.598636e-01
1.604000e+03  9.050000e+02  9.000000e+02  5.587469e-01
1.604000e+03  1.043000e+03  9.000000e+02  5.656832e-01
1.604000e+03  1.203000e+03  9.000000e+02  5.663442e-01
1.604000e+03  1.387000e+03  9.000000e+02  5.610398e-01
1.604000e+03  1.599000e+03  9.000000e+02  5.635739e-01
1.819000e+03  9.050000e+02  9.000000e+02  5.416633e-01
1.819000e+03  1.077000e+03  9.000000e+02  5.622279e-01
1.819000e+03  1.281000e+03  9.000000e+02  5.649091e-01
1.819000e+03  1.525000e+03  9.000000e+02  5.614632e-01
1.819000e+03  1.814000e+03  9.000000e+02  5.486546e-01
2.079000e+03  9.050000e+02  9.000000e+02  4.913939e-01
2.079000e+03  1.113000e+03  9.000000e+02  5.410860e-01
2.079000e+03  1.370000e+03  9.000000e+02  5.457795e-01
2.079000e+03  1.686000e+03  9.000000e+02  5.333407e-01
2.079000e+03  2.074000e+03  9.000000e+02  5.052921e-01
2.393000e+03  9.050000e+02  9.000000e+02  4.049072e-01
2.393000e+03  1.153000e+03  9.000000e+02  4.886412e-01
2.393000e+03  1.470000e+03  9.000000e+02  4.933040e-01
2.393000e+03  1.874000e+03  9.000000e+02  4.809891e-01
2.393000e+03  2.388000e+03  9.000000e+02  4.236140e-01
2.769000e+03  9.050000e+02  9.000000e+02  2.736290e-01
2.769000e+03  1.090000e+03  9.000000e+02  3.623670e-01
2.769000e+03  1.313000e+03  9.000000e+02  4.152618e-01
2.769000e+03  1.582000e+03  9.000000e+02  4.220914e-01
2.769000e+03  1.905000e+03  9.000000e+02  4.102931e-01
2.769000e+03  2.295000e+03  9.000000e+02  3.608239e-01
2.769000e+03  2.764000e+03  9.000000e+02  2.983104e-01
3.217000e+03  9.050000e+02  9.000000e+02  1.426128e-01
3.217000e+03  1.118000e+03  9.000000e+02  2.424215e-01
3.217000e+03  1.380000e+03  9.000000e+02  3.149194e-01
3.217000e+03  1.705000e+03  9.000000e+02  3.319524e-01
3.217000e+03  2.106000e+03  9.000000e+02  3.168722e-01
3.217000e+03  2.601000e+03  9.000000e+02  2.367724e-01
3.217000e+03  3.212000e+03  9.000000e+02  1.623572e-01
3.746000e+03  9.050000e+02  9.000000e+02  4.688573e-02
3.746000e+03  1.146000e+03  9.000000e+02  1.334720e-01
3.746000e+03  1.452000e+03  9.000000e+02  2.373416e-01
3.746000e+03  1.840000e+03  9.000000e+02  2.496163e-01
3.746000e+03  2.331000e+03  9.000000e+02  2.314842e-01
3.746000e+03  2.953000e+03  9.000000e+02  1.328033e-01
3.746000e+03  3.741000e+03  9.000000e+02  6.607373e-02
4.370000e+03  9.050000e+02  9.000000e+02  4.529557e-03
4.370000e+03  1.176000e+03  9.000000e+02  5.850904e-02
4.370000e+03  1.529000e+03  9.000000e+02  1.743026e-01
4.370000e+03  1.988000e+03  9.000000e+02  1.894335e-01
4.370000e+03  2.583000e+03  9.000000e+02  1.667542e-01
4.370000e+03  3.358000e+03  9.000000e+02  5.400423e-02
4.370000e+03  4.365000e+03  9.000000e+02  1.681201e-02
5.100000e+03  9.050000e+02  9.000000e+02  3.382985e-04
5.100000e+03  1.207000e+03  9.000000e+02  1.708345e-02
5.100000e+03  1.610000e+03  9.000000e+02  1.302661e-01
5.100000e+03  2.147000e+03  9.000000e+02  1.518907e-01
5.100000e+03  2.864000e+03  9.000000e+02  1.307420e-01
5.100000e+03  3.820000e+03  9.000000e+02  1.370495e-02
5.100000e+03  5.095000e+03  9.000000e+02  7.508691e-03
1.015000e+03  1.007000e+03  1.000000e+03  4.354574e-01
1.064000e+03  1.005000e+03  1.000000e+03  4.402272e-01
1.064000e+03  1.032000e+03  1.000000e+03  4.380532e-01
1.064000e+03  1.059000e+03  1.000000e+03  4.383026e-01
1.116000e+03  1.005000e+03  1.000000e+03  4.450254e-01
1.116000e+03  1.057000e+03  1.000000e+03  4.445998e-01
1.116000e+03  1.111000e+03  1.000000e+03  4.485100e-01
1.184000e+03  1.005000e+03  1.000000e+03  4.540258e-01
1.184000e+03  1.089000e+03  1.000000e+03  4.526620e-01
1.184000e+03  1.179000e+03  1.000000e+03  4.615728e-01
1.272000e+03  1.005000e+03  1.000000e+03  4.758180e-01
1.272000e+03  1.065000e+03  1.000000e+03  4.727506e-01
1.272000e+03  1.128000e+03  1.000000e+03  4.637934e-01
1.272000e+03  1.196000e+03  1.000000e+03  4.745180e-01
1.272000e+03  1.267000e+03  1.000000e+03  4.751389e-01
1.383000e+03  1.005000e+03  1.000000e+03  4.948841e-01
1.383000e+03  1.088000e+03  1.000000e+03  4.876762e-01
1.383000e+03  1.177000e+03  1.000000e+03  4.867776e-01
1.383000e+03  1.273000e+03  1.000000e+03  4.908107e-01
1.383000e+03  1.378000e+03  1.000000e+03  4.974830e-01
1.521000e+03  1.005000e+03  1.000000e+03  5.144948e-01
1.521000e+03  1.114000e+03  1.000000e+03  5.131921e-01
1.521000e+03  1.234000e+03  1.000000e+03  5.096650e-01
1.521000e+03  1.368000e+03  1.000000e+03  5.090032e-01
1.521000e+03  1.516000e+03  1.000000e+03  5.152427e-01
1.693000e+03  1.005000e+03  1.000000e+03  5.203283e-01
1.693000e+03  1.144000e+03  1.000000e+03  5.255483e-01
1.693000e+03  1.302000e+03  1.000000e+03  5.221246e-01
1.693000e+03  1.483000e+03  1.000000e+03  5.182214e-01
1.693000e+03  1.688000e+03  1.000000e+03  5.228581e-01
1.903000e+03  1.005000e+03  1.000000e+03  5.151421e-01
1.903000e+03  1.178000e+03  1.000000e+03  5.271168e-01
1.903000e+03  1.381000e+03  1.000000e+03  5.267681e-01
1.903000e+03  1.619000e+03  1.000000e+03  5.239371e-01
1.903000e+03  1.898000e+03  1.000000e+03  5.198110e-01
2.158000e+03  1.005000e+03  1.000000e+03  4.847844e-01
2.158000e+03  1.216000e+03  1.000000e+03  5.091540e-01
2.158000e+03  1.471000e+03  1.000000e+03  5.124782e-01
2.158000e+03  1.780000e+03  1.000000e+03  5.100141e-01
2.158000e+03  2.153000e+03  1.000000e+03  4.920161e-01
2.464000e+03  1.005000e+03  1.000000e+03  4.164947e-01
2.464000e+03  1.257000e+03  1.000000e+03  4.787905e-01
2.464000e+03  1.572000e+03  1.000000e+03  4.830662e-01
2.464000e+03  1.966000e+03  1.000000e+03  4.723104e-01
2.464000e+03  2.459000e+03  1.000000e+03  4.280706e-01
2.831000e+03  1.005000e+03  1.000000e+03  3.122912e-01
2.831000e+03  1.301000e+03  1.000000e+03  4.042841e-01
2.831000e+03  1.685000e+03  1.000000e+03  4.176372e-01
2.831000e+03  2.182000e+03  1.000000e+03  4.020070e-01
2.831000e+03  2.826000e+03  1.000000e+03  3.253126e-01
3.267000e+03  1.005000e+03  1.000000e+03  1.913074e-01
3.267000e+03  1.223000e+03  1.000000e+03  2.740159e-01
3.267000e+03  1.488000e+03  1.000000e+03  3.362779e-01
3.267000e+03  1.811000e+03  1.000000e+03  3.389103e-01
3.267000e+03  2.203000e+03  1.000000e+03  3.322843e-01
3.267000e+03  2.681000e+03  1.000000e+03  2.705707e-01
3.267000e+03  3.262000e+03  1.000000e+03  2.047229e-01
3.783000e+03  1.005000e+03  1.000000e+03  8.000542e-02
3.783000e+03  1.253000e+03  1.000000e+03  1.708661e-01
3.783000e+03  1.563000e+03  1.000000e+03  2.510575e-01
3.783000e+03  1.949000e+03  1.000000e+03  2.613762e-01
3.783000e+03  2.430000e+03  1.000000e+03  2.498224e-01
3.783000e+03  3.030000e+03  1.000000e+03  1.619885e-01
3.783000e+03  3.778000e+03  1.000000e+03  9.892139e-02
4.390000e+03  1.005000e+03  1.000000e+03  1.405322e-02
4.390000e+03  1.285000e+03  1.000000e+03  8.290070e-02
4.390000e+03  1.642000e+03  1.000000e+03  1.823505e-01
4.390000e+03  2.099000e+03  1.000000e+03  1.954905e-01
4.390000e+03  2.684000e+03  1.000000e+03  1.815104e-01
4.390000e+03  3.430000e+03  1.000000e+03  7.622443e-02
4.390000e+03  4.385000e+03  1.000000e+03  2.882542e-02
5.100000e+03  1.005000e+03  1.000000e+03  5.373694e-04
5.100000e+03  1.317000e+03  1.000000e+03  2.963202e-02
5.100000e+03  1.726000e+03  1.000000e+03  1.375556e-01
5.100000e+03  2.263000e+03  1.000000e+03  1.542063e-01
5.100000e+03  2.966000e+03  1.000000e+03  1.368502e-01
5.100000e+03  3.887000e+03  1.000000e+03  2.616262e-02
5.100000e+03  5.095000e+03  1.000000e+03  9.082333e-03
1.115000e+03  1.107000e+03  1.100000e+03  4.041237e-01
1.163000e+03  1.105000e+03  1.100000e+03  4.098934e-01
1.163000e+03  1.131000e+03  1.100000e+03  4.060684e-01
1.163000e+03  1.158000e+03  1.100000e+03  4.100960e-01
1.215000e+03  1.105000e+03  1.100000e+03  4.079521e-01
1.215000e+03  1.156000e+03  1.100000e+03  4.120510e-01
1.215000e+03  1.210000e+03  1.100000e+03  4.128439e-01
1.282000e+03  1.105000e+03  1.100000e+03  4.148553e-01
1.282000e+03  1.188000e+03  1.100000e+03  4.206157e-01
1.282000e+03  1.277000e+03  1.100000e+03  4.257080e-01
1.368000e+03  1.105000e+03  1.100000e+03  4.312905e-01
1.368000e+03  1.165000e+03  1.100000e+03  4.281719e-01
1.368000e+03  1.227000e+03  1.100000e+03  4.235706e-01
1.368000e+03  1.293000e+03  1.100000e+03  4.333615e-01
1.368000e+03  1.363000e+03  1.100000e+03  4.356321e-01
1.477000e+03  1.105000e+03  1.100000e+03  4.510560e-01
1.477000e+03  1.187000e+03  1.100000e+03  4.453175e-01
1.477000e+03  1.275000e+03  1.100000e+03  4.451045e-01
1.477000e+03  1.370000e+03  1.100000e+03  4.489839e-01
1.477000e+03  1.472000e+03  1.100000e+03  4.528796e-01
1.613000e+03  1.105000e+03  1.100000e+03  4.658754e-01
1.613000e+03  1.214000e+03  1.100000e+03  4.652679e-01
1.613000e+03  1.333000e+03  1.100000e+03  4.591571e-01
1.613000e+03  1.464000e+03  1.100000e+03  4.631705e-01
1.613000e+03  1.608000e+03  1.100000e+03  4.661833e-01
1.781000e+03  1.105000e+03  1.100000e+03  4.766885e-01
1.781000e+03  1.244000e+03  1.100000e+03  4.808019e-01
1.781000e+03  1.401000e+03  1.100000e+03  4.772967e-01
1.781000e+03  1.577000e+03  1.100000e+03  4.761165e-01
1.781000e+03  1.776000e+03  1.100000e+03  4.810471e-01
1.987000e+03  1.105000e+03  1.100000e+03  4.815238e-01
1.987000e+03  1.279000e+03  1.100000e+03  4.873877e-01
1.987000e+03  1.480000e+03  1.100000e+03  4.853086e-01
1.987000e+03  1.713000e+03  1.100000e+03  4.837352e-01
1.987000e+03  1.982000e+03  1.100000e+03  4.833836e-01
2.236000e+03  1.105000e+03  1.100000e+03  4.589957e-01
2.236000e+03  1.317000e+03  1.100000e+03  4.794274e-01
2.236000e+03  1.570000e+03  1.100000e+03  4.839497e-01
2.236000e+03  1.872000e+03  1.100000e+03  4.821066e-01
2.236000e+03  2.231000e+03  1.100000e+03  4.671377e-01
2.535000e+03  1.105000e+03  1.100000e+03  4.117660e-01
2.535000e+03  1.359000e+03  1.100000e+03  4.532636e-01
2.535000e+03  1.672000e+03  1.100000e+03  4.545007e-01
2.535000e+03  2.057000e+03  1.100000e+03  4.537165e-01
2.535000e+03  2.530000e+03  1.100000e+03  4.201426e-01
2.893000e+03  1.105000e+03  1.100000e+03  3.306768e-01
2.893000e+03  1.405000e+03  1.100000e+03  4.013123e-01
2.893000e+03  1.786000e+03  1.100000e+03  4.081001e-01
2.893000e+03  2.271000e+03  1.100000e+03  3.991710e-01
2.893000e+03  2.888000e+03  1.100000e+03  3.417338e-01
3.318000e+03  1.105000e+03  1.100000e+03  2.243427e-01
3.318000e+03  1.327000e+03  1.100000e+03  2.960903e-01
3.318000e+03  1.593000e+03  1.100000e+03  3.438075e-01
3.318000e+03  1.913000e+03  1.100000e+03  3.407519e-01
3.318000e+03  2.298000e+03  1.100000e+03  3.389828e-01
3.318000e+03  2.759000e+03  1.100000e+03  2.955938e-01
3.318000e+03  3.313000e+03  1.100000e+03  2.421602e-01
3.820000e+03  1.105000e+03  1.100000e+03  1.139124e-01
3.820000e+03  1.358000e+03  1.100000e+03  2.008502e-01
3.820000e+03  1.670000e+03  1.100000e+03  2.590281e-01
3.820000e+03  2.053000e+03  1.100000e+03  2.700855e-01
3.820000e+03  2.524000e+03  1.100000e+03  2.578747e-01
3.820000e+03  3.103000e+03  1.100000e+03  1.934100e-01
3.820000e+03  3.815000e+03  1.100000e+03  1.330611e-01
4.410000e+03  1.105000e+03  1.100000e+03  2.828575e-02
4.410000e+03  1.391000e+03  1.100000e+03  1.062472e-01
4.410000e+03  1.752000e+03  1.100000e+03  1.939734e-01
4.410000e+03  2.206000e+03  1.100000e+03  1.973680e-01
4.410000e+03  2.778000e+03  1.100000e+03  1.898143e-01
4.410000e+03  3.498000e+03  1.100000e+03  1.020341e-01
4.410000e+03  4.405000e+03  1.100000e+03  4.693840e-02
5.100000e+03  1.105000e+03  1.100000e+03  9.917826e-04
5.100000e+03  1.426000e+03  1.100000e+03  4.208500e-02
5.100000e+03  1.839000e+03  1.100000e+03  1.446734e-01
5.100000e+03  2.373000e+03  1.100000e+03  1.511921e-01
5.100000e+03  3.061000e+03  1.100000e+03  1.431192e-01
5.100000e+03  3.949000e+03  1.100000e+03  4.142320e-02
5.100000e+03  5.095000e+03  1.100000e+03  1.131117e-02
1.215000e+03  1.207000e+03  1.200000e+03  3.775150e-01
1.266000e+03  1.205000e+03  1.200000e+03  3.739990e-01
1.266000e+03  1.233000e+03  1.200000e+03  3.748651e-01
1.266000e+03  1.261000e+03  1.200000e+03  3.702277e-01
1.323000e+03  1.205000e+03  1.200000e+03  3.805062e-01
1.323000e+03  1.260000e+03  1.200000e+03  3.789362e-01
1.323000e+03  1.318000e+03  1.200000e+03  3.826194e-01
1.397000e+03  1.205000e+03  1.200000e+03  3.843592e-01
1.397000e+03  1.295000e+03  1.200000e+03  3.881736e-01
1.397000e+03  1.392000e+03  1.200000e+03  3.876036e-01
1.493000e+03  1.205000e+03  1.200000e+03  3.953310e-01
1.493000e+03  1.270000e+03  1.200000e+03  3.968672e-01
1.493000e+03  1.339000e+03  1.200000e+03  3.908704e-01
1.493000e+03  1.412000e+03  1.200000e+03  3.944277e-01
1.493000e+03  1.488000e+03  1.200000e+03  4.001469e-01
1.616000e+03  1.205000e+03  1.200000e+03  4.120079e-01
1.616000e+03  1.296000e+03  1.200000e+03  4.088483e-01
1.616000e+03  1.393000e+03  1.200000e+03  4.074805e-01
1.616000e+03  1.498000e+03  1.200000e+03  4.111713e-01
1.616000e+03  1.611000e+03  1.200000e+03  4.129508e-01
1.772000e+03  1.205000e+03  1.200000e+03  4.291518e-01
1.772000e+03  1.326000e+03  1.200000e+03  4.248920e-01
1.772000e+03  1.459000e+03  1.200000e+03  4.201682e-01
1.772000e+03  1.606000e+03  1.200000e+03  4.260713e-01
1.772000e+03  1.767000e+03  1.200000e+03  4.279935e-01
1.965000e+03  1.205000e+03  1.200000e+03  4.412642e-01
1.965000e+03  1.361000e+03  1.200000e+03  4.401250e-01
1.965000e+03  1.537000e+03  1.200000e+03  4.379808e-01
1.965000e+03  1.736000e+03  1.200000e+03  4.362910e-01
1.965000e+03  1.960000e+03  1.200000e+03  4.410507e-01
2.204000e+03  1.205000e+03  1.200000e+03  4.447706e-01
2.204000e+03  1.401000e+03  1.200000e+03  4.461854e-01
2.204000e+03  1.628000e+03  1.200000e+03  4.441692e-01
2.204000e+03  1.892000e+03  1.200000e+03  4.438201e-01
2.204000e+03  2.199000e+03  1.200000e+03  4.426919e-01
2.495000e+03  1.205000e+03  1.200000e+03  4.142817e-01
2.495000e+03  1.445000e+03  1.200000e+03  4.358254e-01
2.495000e+03  1.732000e+03  1.200000e+03  4.340983e-01
2.495000e+03  2.077000e+03  1.200000e+03  4.342236e-01
2.495000e+03  2.490000e+03  1.200000e+03  4.221838e-01
2.849000e+03  1.205000e+03  1.200000e+03  3.548472e-01
2.849000e+03  1.494000e+03  1.200000e+03  4.023802e-01
2.849000e+03  1.851000e+03  1.200000e+03  4.035952e-01
2.849000e+03  2.295000e+03  1.200000e+03  3.998666e-01
2.849000e+03  2.844000e+03  1.200000e+03  3.658129e-01
3.274000e+03  1.205000e+03  1.200000e+03  2.623582e-01
3.274000e+03  1.423000e+03  1.200000e+03  3.229468e-01
3.274000e+03  1.681000e+03  1.200000e+03  3.527932e-01
3.274000e+03  1.985000e+03  1.200000e+03  3.474583e-01
3.274000e+03  2.344000e+03  1.200000e+03  3.445290e-01
3.274000e+03  2.768000e+03  1.200000e+03  3.208444e-01
3.274000e+03  3.269000e+03  1.200000e+03  2.765491e-01
3.782000e+03  1.205000e+03  1.200000e+03  1.571856e-01
3.782000e+03  1.458000e+03  1.200000e+03  2.356181e-01
3.782000e+03  1.763000e+03  1.200000e+03  2.805353e-01
3.782000e+03  2.133000e+03  1.200000e+03  2.843535e-01
3.782000e+03  2.581000e+03  1.200000e+03  2.770758e-01
3.782000e+03  3.122000e+03  1.200000e+03  2.304771e-01
3.782000e+03  3.777000e+03  1.200000e+03  1.724590e-01
4.386000e+03  1.205000e+03  1.200000e+03  5.623332e-02
4.386000e+03  1.494000e+03  1.200000e+03  1.389547e-01
4.386000e+03  1.853000e+03  1.200000e+03  2.052726e-01
4.386000e+03  2.298000e+03  1.200000e+03  2.128830e-01
4.386000e+03  2.849000e+03  1.200000e+03  2.036324e-01
4.386000e+03  3.533000e+03  1.200000e+03  1.356377e-01
4.386000e+03  4.381000e+03  1.200000e+03  7.417626e-02
5.100000e+03  1.205000e+03  1.200000e+03  3.835150e-03
5.100000e+03  1.532000e+03  1.200000e+03  6.041548e-02
5.100000e+03  1.949000e+03  1.200000e+03  1.463107e-01
5.100000e+03  2.478000e+03  1.200000e+03  1.532117e-01
5.100000e+03  3.151000e+03  1.200000e+03  1.425208e-01
5.100000e+03  4.007000e+03  1.200000e+03  5.399299e-02
5.100000e+03  5.095000e+03  1.200000e+03  1.626956e-02
1.315000e+03  1.307000e+03  1.300000e+03  3.304010e-01
1.366000e+03  1.305000e+03  1.300000e+03  3.344770e-01
1.366000e+03  1.333000e+03  1.300000e+03  3.316506e-01
1.366000e+03  1.361000e+03  1.300000e+03  3.323463e-01
1.422000e+03  1.305000e+03  1.300000e+03  3.389965e-01
1.422000e+03  1.360000e+03  1.300000e+03  3.362940e-01
1.422000e+03  1.417000e+03  1.300000e+03  3.346230e-01
1.494000e+03  1.305000e+03  1.300000e+03  3.444101e-01
1.494000e+03  1.394000e+03  1.300000e+03  3.462115e-01
1.494000e+03  1.489000e+03  1.300000e+03  3.399110e-01
1.589000e+03  1.305000e+03  1.300000e+03  3.517293e-01
1.589000e+03  1.370000e+03  1.300000e+03  3.483977e-01
1.589000e+03  1.438000e+03  1.300000e+03  3.456771e-01
1.589000e+03  1.509000e+03  1.300000e+03  3.504671e-01
1.589000e+03  1.584000e+03  1.300000e+03  3.516418e-01
1.710000e+03  1.305000e+03  1.300000e+03  3.595361e-01
1.710000e+03  1.395000e+03  1.300000e+03  3.585036e-01
1.710000e+03  1.492000e+03  1.300000e+03  3.536408e-01
1.710000e+03  1.595000e+03  1.300000e+03  3.603413e-01
1.710000e+03  1.705000e+03  1.300000e+03  3.627096e-01
1.862000e+03  1.305000e+03  1.300000e+03  3.743482e-01
1.862000e+03  1.425000e+03  1.300000e+03  3.705500e-01
1.862000e+03  1.557000e+03  1.300000e+03  3.644750e-01
1.862000e+03  1.700000e+03  1.300000e+03  3.691352e-01
1.862000e+03  1.857000e+03  1.300000e+03  3.725005e-01
2.051000e+03  1.305000e+03  1.300000e+03  3.841107e-01
2.051000e+03  1.460000e+03  1.300000e+03  3.800366e-01
2.051000e+03  1.634000e+03  1.300000e+03  3.770061e-01
2.051000e+03  1.828000e+03  1.300000e+03  3.735952e-01
2.051000e+03  2.046000e+03  1.300000e+03  3.823041e-01
2.284000e+03  1.305000e+03  1.300000e+03  3.819177e-01
2.284000e+03  1.500000e+03  1.300000e+03  3.842039e-01
2.284000e+03  1.725000e+03  1.300000e+03  3.829755e-01
2.284000e+03  1.982000e+03  1.300000e+03  3.830621e-01
2.284000e+03  2.279000e+03  1.300000e+03  3.868008e-01
2.569000e+03  1.305000e+03  1.300000e+03  3.684135e-01
2.569000e+03  1.545000e+03  1.300000e+03  3.791803e-01
2.569000e+03  1.829000e+03  1.300000e+03  3.793114e-01
2.569000e+03  2.166000e+03  1.300000e+03  3.790199e-01
2.569000e+03  2.564000e+03  1.300000e+03  3.695529e-01
2.913000e+03  1.305000e+03  1.300000e+03  3.235826e-01
2.913000e+03  1.594000e+03  1.300000e+03  3.575035e-01
2.913000e+03  1.948000e+03  1.300000e+03  3.578720e-01
2.913000e+03  2.380000e+03  1.300000e+03  3.585431e-01
2.913000e+03  2.908000e+03  1.300000e+03  3.320771e-01
3.326000e+03  1.305000e+03  1.300000e+03  2.560421e-01
3.326000e+03  1.648000e+03  1.300000e+03  3.138166e-01
3.326000e+03  2.082000e+03  1.300000e+03  3.193812e-01
3.326000e+03  2.629000e+03  1.300000e+03  3.116172e-01
3.326000e+03  3.321000e+03  1.300000e+03  2.693064e-01
3.820000e+03  1.305000e+03  1.300000e+03  1.680897e-01
3.820000e+03  1.560000e+03  1.300000e+03  2.324726e-01
3.820000e+03  1.866000e+03  1.300000e+03  2.632267e-01
3.820000e+03  2.231000e+03  1.300000e+03  2.636778e-01
3.820000e+03  2.668000e+03  1.300000e+03  2.624755e-01
3.820000e+03  3.190000e+03  1.300000e+03  2.323792e-01
3.820000e+03  3.815000e+03  1.300000e+03  1.806563e-01
4.407000e+03  1.305000e+03  1.300000e+03  7.794391e-02
4.407000e+03  1.598000e+03  1.300000e+03  1.480009e-01
4.407000e+03  1.957000e+03  1.300000e+03  1.986888e-01
4.407000e+03  2.397000e+03  1.300000e+03  2.031873e-01
4.407000e+03  2.935000e+03  1.300000e+03  1.981647e-01
4.407000e+03  3.595000e+03  1.300000e+03  1.469153e-01
4.407000e+03  4.402000e+03  1.300000e+03  9.099686e-02
5.100000e+03  1.305000e+03  1.300000e+03  1.086671e-02
5.100000e+03  1.638000e+03  1.300000e+03  7.051748e-02
5.100000e+03  2.055000e+03  1.300000e+03  1.421968e-01
5.100000e+03  2.579000e+03  1.300000e+03  1.424401e-01
5.100000e+03  3.236000e+03  1.300000e+03  1.390088e-01
5.100000e+03  4.060000e+03  1.300000e+03  6.789748e-02
5.100000e+03  5.095000e+03  1.300000e+03  2.286313e-02
1.415000e+03  1.407000e+03  1.400000e+03  2.632355e-01
1.465000e+03  1.405000e+03  1.400000e+03  2.634351e-01
1.465000e+03  1.432000e+03  1.400000e+03  2.641119e-01
1.465000e+03  1.460000e+03  1.400000e+03  2.631796e-01
1.520000e+03  1.405000e+03  1.400000e+03  2.624283e-01
1.520000e+03  1.459000e+03  1.400000e+03  2.641456e-01
1.520000e+03  1.515000e+03  1.400000e+03  2.651058e-01
1.592000e+03  1.405000e+03  1.400000e+03  2.668887e-01
1.592000e+03  1.493000e+03  1.400000e+03  2.670942e-01
1.592000e+03  1.587000e+03  1.400000e+03  2.651542e-01
1.685000e+03  1.405000e+03  1.400000e+03  2.697184e-01
1.685000e+03  1.536000e+03  1.400000e+03  2.686903e-01
1.685000e+03  1.680000e+03  1.400000e+03  2.732719e-01
1.803000e+03  1.405000e+03  1.400000e+03  2.802440e-01
1.803000e+03  1.494000e+03  1.400000e+03  2.747937e-01
1.803000e+03  1.589000e+03  1.400000e+03  2.733971e-01
1.803000e+03  1.690000e+03  1.400000e+03  2.767740e-01
1.803000e+03  1.798000e+03  1.400000e+03  2.787899e-01
1.952000e+03  1.405000e+03  1.400000e+03  2.894386e-01
1.952000e+03  1.524000e+03  1.400000e+03  2.835205e-01
1.952000e+03  1.654000e+03  1.400000e+03  2.824015e-01
1.952000e+03  1.795000e+03  1.400000e+03  2.835230e-01
1.952000e+03  1.947000e+03  1.400000e+03  2.877200e-01
2.137000e+03  1.405000e+03  1.400000e+03  2.938329e-01
2.137000e+03  1.559000e+03  1.400000e+03  2.878834e-01
2.137000e+03  1.731000e+03  1.400000e+03  2.846248e-01
2.137000e+03  1.921000e+03  1.400000e+03  2.895977e-01
2.137000e+03  2.132000e+03  1.400000e+03  2.947129e-01
2.365000e+03  1.405000e+03  1.400000e+03  2.995153e-01
2.365000e+03  1.600000e+03  1.400000e+03  2.957630e-01
2.365000e+03  1.821000e+03  1.400000e+03  2.925919e-01
2.365000e+03  2.073000e+03  1.400000e+03  2.958869e-01
2.365000e+03  2.360000e+03  1.400000e+03  2.965163e-01
2.642000e+03  1.405000e+03  1.400000e+03  2.921249e-01
2.642000e+03  1.645000e+03  1.400000e+03  2.972367e-01
2.642000e+03  1.925000e+03  1.400000e+03  2.935058e-01
2.642000e+03  2.253000e+03  1.400000e+03  2.970556e-01
2.642000e+03  2.637000e+03  1.400000e+03  2.958461e-01
2.977000e+03  1.405000e+03  1.400000e+03  2.663834e-01
2.977000e+03  1.694000e+03  1.400000e+03  2.819649e-01
2.977000e+03  2.043000e+03  1.400000e+03  2.827873e-01
2.977000e+03  2.464000e+03  1.400000e+03  2.811437e-01
2.977000e+03  2.972000e+03  1.400000e+03  2.735591e-01
3.379000e+03  1.405000e+03  1.400000e+03  2.222393e-01
3.379000e+03  1.749000e+03  1.400000e+03  2.604911e-01
3.379000e+03  2.177000e+03  1.400000e+03  2.611951e-01
3.379000e+03  2.710000e+03  1.400000e+03  2.567750e-01
3.379000e+03  3.374000e+03  1.400000e+03  2.344388e-01
3.859000e+03  1.405000e+03  1.400000e+03  1.677115e-01
3.859000e+03  1.662000e+03  1.400000e+03  2.104723e-01
3.859000e+03  1.967000e+03  1.400000e+03  2.272472e-01
3.859000e+03  2.327000e+03  1.400000e+03  2.260421e-01
3.859000e+03  2.753000e+03  1.400000e+03  2.253709e-01
3.859000e+03  3.257000e+03  1.400000e+03  2.075819e-01
3.859000e+03  3.854000e+03  1.400000e+03  1.784534e-01
4.428000e+03  1.405000e+03  1.400000e+03  9.460859e-02
4.428000e+03  1.701000e+03  1.400000e+03  1.502162e-01
4.428000e+03  2.059000e+03  1.400000e+03  1.809968e-01
4.428000e+03  2.493000e+03  1.400000e+03  1.812004e-01
4.428000e+03  3.018000e+03  1.400000e+03  1.803363e-01
4.428000e+03  3.654000e+03  1.400000e+03  1.487873e-01
4.428000e+03  4.423000e+03  1.400000e+03  1.063412e-01
5.100000e+03  1.405000e+03  1.400000e+03  2.308728e-02
5.100000e+03  1.741000e+03  1.400000e+03  8.168451e-02
5.100000e+03  2.159000e+03  1.400000e+03  1.298221e-01
5.100000e+03  2.676000e+03  1.400000e+03  1.286596e-01
5.100000e+03  3.316000e+03  1.400000e+03  1.277608e-01
5.100000e+03  4.111000e+03  1.400000e+03  7.997684e-02
5.100000e+03  5.095000e+03  1.400000e+03  3.689951e-02
1.515000e+03  1.507000e+03  1.500000e+03  2.162254e-01
1.569000e+03  1.505000e+03  1.500000e+03  2.141061e-01
1.569000e+03  1.534000e+03  1.500000e+03  2.175566e-01
1.569000e+03  1.564000e+03  1.500000e+03  2.140458e-01
1.629000e+03  1.505000e+03  1.500000e+03  2.153068e-01
1.629000e+03  1.563000e+03  1.500000e+03  2.147540e-01
1.629000e+03  1.624000e+03  1.500000e+03  2.133262e-01
1.709000e+03  1.505000e+03  1.500000e+03  2.156386e-01
1.709000e+03  1.601000e+03  1.500000e+03  2.161942e-01
1.709000e+03  1.704000e+03  1.500000e+03  2.176771e-01
1.814000e+03  1.505000e+03  1.500000e+03  2.202572e-01
1.814000e+03  1.576000e+03  1.500000e+03  2.190724e-01
1.814000e+03  1.650000e+03  1.500000e+03  2.214786e-01
1.814000e+03  1.728000e+03  1.500000e+03  2.199355e-01
1.814000e+03  1.809000e+03  1.500000e+03  2.239137e-01
1.949000e+03  1.505000e+03  1.500000e+03  2.295954e-01
1.949000e+03  1.604000e+03  1.500000e+03  2.271267e-01
1.949000e+03  1.710000e+03  1.500000e+03  2.253603e-01
1.949000e+03  1.824000e+03  1.500000e+03  2.274862e-01
1.949000e+03  1.944000e+03  1.500000e+03  2.253242e-01
2.121000e+03  1.505000e+03  1.500000e+03  2.375081e-01
2.121000e+03  1.639000e+03  1.500000e+03  2.346119e-01
2.121000e+03  1.785000e+03  1.500000e+03  2.327640e-01
2.121000e+03  1.943000e+03  1.500000e+03  2.329373e-01
2.121000e+03  2.116000e+03  1.500000e+03  2.355569e-01
2.337000e+03  1.505000e+03  1.500000e+03  2.468616e-01
2.337000e+03  1.679000e+03  1.500000e+03  2.427350e-01
2.337000e+03  1.873000e+03  1.500000e+03  2.378109e-01
2.337000e+03  2.090000e+03  1.500000e+03  2.437327e-01
2.337000e+03  2.332000e+03  1.500000e+03  2.479227e-01
2.605000e+03  1.505000e+03  1.500000e+03  2.536204e-01
2.605000e+03  1.725000e+03  1.500000e+03  2.537418e-01
2.605000e+03  1.978000e+03  1.500000e+03  2.479581e-01
2.605000e+03  2.268000e+03  1.500000e+03  2.493553e-01
2.605000e+03  2.600000e+03  1.500000e+03  2.543875e-01
2.934000e+03  1.505000e+03  1.500000e+03  2.470598e-01
2.934000e+03  1.778000e+03  1.500000e+03  2.491571e-01
2.934000e+03  2.100000e+03  1.500000e+03  2.515376e-01
2.934000e+03  2.480000e+03  1.500000e+03  2.515607e-01
2.934000e+03  2.929000e+03  1.500000e+03  2.495833e-01
3.335000e+03  1.505000e+03  1.500000e+03  2.231521e-01
3.335000e+03  1.836000e+03  1.500000e+03  2.405517e-01
3.335000e+03  2.239000e+03  1.500000e+03  2.409211e-01
3.335000e+03  2.730000e+03  1.500000e+03  2.417777e-01
3.335000e+03  3.330000e+03  1.500000e+03  2.274701e-01
3.820000e+03  1.505000e+03  1.500000e+03  1.836789e-01
3.820000e+03  1.757000e+03  1.500000e+03  2.105971e-01
3.820000e+03  2.052000e+03  1.500000e+03  2.156986e-01
3.820000e+03  2.396000e+03  1.500000e+03  2.156152e-01
3.820000e+03  2.798000e+03  1.500000e+03  2.178419e-01
3.820000e+03  3.267000e+03  1.500000e+03  2.105666e-01
3.820000e+03  3.815000e+03  1.500000e+03  1.895813e-01
4.404000e+03  1.505000e+03  1.500000e+03  1.209128e-01
4.404000e+03  1.800000e+03  1.500000e+03  1.666256e-01
4.404000e+03  2.152000e+03  1.500000e+03  1.826800e-01
4.404000e+03  2.573000e+03  1.500000e+03  1.783899e-01
4.404000e+03  3.077000e+03  1.500000e+03  1.823674e-01
4.404000e+03  3.679000e+03  1.500000e+03  1.643631e-01
4.404000e+03  4.399000e+03  1.500000e+03  1.309744e-01
5.100000e+03  1.505000e+03  1.500000e+03  4.362671e-02
5.100000e+03  1.844000e+03  1.500000e+03  1.026391e-01
5.100000e+03  2.260000e+03  1.500000e+03  1.300674e-01
5.100000e+03  2.769000e+03  1.500000e+03  1.271576e-01
5.100000e+03  3.393000e+03  1.500000e+03  1.292361e-01
5.100000e+03  4.158000e+03  1.500000e+03  1.011336e-01
5.100000e+03  5.095000e+03  1.500000e+03  5.581992e-02
1.615000e+03  1.607000e+03  1.600000e+03  2.001482e-01
1.668000e+03  1.605000e+03  1.600000e+03  1.970136e-01
1.668000e+03  1.634000e+03  1.600000e+03  1.974634e-01
1.668000e+03  1.663000e+03  1.600000e+03  1.958593e-01
1.727000e+03  1.605000e+03  1.600000e+03  1.975478e-01
1.727000e+03  1.662000e+03  1.600000e+03  1.991381e-01
1.727000e+03  1.722000e+03  1.600000e+03  1.982309e-01
1.806000e+03  1.605000e+03  1.600000e+03  1.969142e-01
1.806000e+03  1.700000e+03  1.600000e+03  1.975333e-01
1.806000e+03  1.801000e+03  1.600000e+03  1.997541e-01
1.909000e+03  1.605000e+03  1.600000e+03  2.036226e-01
1.909000e+03  1.748000e+03  1.600000e+03  2.016872e-01
1.909000e+03  1.904000e+03  1.600000e+03  2.044384e-01
2.041000e+03  1.605000e+03  1.600000e+03  2.091637e-01
2.041000e+03  1.703000e+03  1.600000e+03  2.060039e-01
2.041000e+03  1.808000e+03  1.600000e+03  2.074684e-01
2.041000e+03  1.918000e+03  1.600000e+03  2.081251e-01
2.041000e+03  2.036000e+03  1.600000e+03  2.093302e-01
2.209000e+03  1.605000e+03  1.600000e+03  2.164966e-01
2.209000e+03  1.737000e+03  1.600000e+03  2.155921e-01
2.209000e+03  1.881000e+03  1.600000e+03  2.094801e-01
2.209000e+03  2.036000e+03  1.600000e+03  2.161124e-01
2.209000e+03  2.204000e+03  1.600000e+03  2.186014e-01
2.420000e+03  1.605000e+03  1.600000e+03  2.265776e-01
2.420000e+03  1.778000e+03  1.600000e+03  2.215778e-01
2.420000e+03  1.969000e+03  1.600000e+03  2.180152e-01
2.420000e+03  2.181000e+03  1.600000e+03  2.223262e-01
2.420000e+03  2.415000e+03  1.600000e+03  2.272927e-01
2.681000e+03  1.605000e+03  1.600000e+03  2.382502e-01
2.681000e+03  1.824000e+03  1.600000e+03  2.334810e-01
2.681000e+03  2.072000e+03  1.600000e+03  2.292092e-01
2.681000e+03  2.355000e+03  1.600000e+03  2.311327e-01
2.681000e+03  2.676000e+03  1.600000e+03  2.362628e-01
3.001000e+03  1.605000e+03  1.600000e+03  2.388270e-01
3.001000e+03  1.876000e+03  1.600000e+03  2.372854e-01
3.001000e+03  2.193000e+03  1.600000e+03  2.346937e-01
3.001000e+03  2.563000e+03  1.600000e+03  2.364456e-01
3.001000e+03  2.996000e+03  1.600000e+03  2.371853e-01
3.390000e+03  1.605000e+03  1.600000e+03  2.208972e-01
3.390000e+03  1.934000e+03  1.600000e+03  2.332350e-01
3.390000e+03  2.331000e+03  1.600000e+03  2.297744e-01
3.390000e+03  2.809000e+03  1.600000e+03  2.308466e-01
3.390000e+03  3.385000e+03  1.600000e+03  2.235696e-01
3.861000e+03  1.605000e+03  1.600000e+03  1.919124e-01
3.861000e+03  1.998000e+03  1.600000e+03  2.174352e-01
3.861000e+03  2.488000e+03  1.600000e+03  2.126238e-01
3.861000e+03  3.097000e+03  1.600000e+03  2.158612e-01
3.861000e+03  3.856000e+03  1.600000e+03  1.962961e-01
4.426000e+03  1.605000e+03  1.600000e+03  1.404927e-01
4.426000e+03  1.900000e+03  1.600000e+03  1.769669e-01
4.426000e+03  2.250000e+03  1.600000e+03  1.898229e-01
4.426000e+03  2.664000e+03  1.600000e+03  1.846893e-01
4.426000e+03  3.154000e+03  1.600000e+03  1.889109e-01
4.426000e+03  3.734000e+03  1.600000e+03  1.766426e-01
4.426000e+03  4.421000e+03  1.600000e+03  1.492276e-01
5.100000e+03  1.605000e+03  1.600000e+03  6.351627e-02
5.100000e+03  1.946000e+03  1.600000e+03  1.198979e-01
5.100000e+03  2.359000e+03  1.600000e+03  1.433857e-01
5.100000e+03  2.860000e+03  1.600000e+03  1.384878e-01
5.100000e+03  3.467000e+03  1.600000e+03  1.412488e-01
5.100000e+03  4.203000e+03  1.600000e+03  1.179474e-01
5.100000e+03  5.095000e+03  1.600000e+03  7.718025e-02
1.815000e+03  1.807000e+03  1.800000e+03  1.691538e-01
1.871000e+03  1.805000e+03  1.800000e+03  1.687468e-01
1.871000e+03  1.835000e+03  1.800000e+03  1.712106e-01
1.871000e+03  1.866000e+03  1.800000e+03  1.697241e-01
1.936000e+03  1.805000e+03  1.800000e+03  1.691671e-01
1.936000e+03  1.867000e+03  1.800000e+03  1.675236e-01
1.936000e+03  1.931000e+03  1.800000e+03  1.672157e-01
2.022000e+03  1.805000e+03  1.800000e+03  1.680320e-01
2.022000e+03  1.908000e+03  1.800000e+03  1.684006e-01
2.022000e+03  2.017000e+03  1.800000e+03  1.686098e-01
2.138000e+03  1.805000e+03  1.800000e+03  1.694741e-01
2.138000e+03  1.882000e+03  1.800000e+03  1.692050e-01
2.138000e+03  1.962000e+03  1.800000e+03  1.673054e-01
2.138000e+03  2.046000e+03  1.800000e+03  1.731095e-01
2.138000e+03  2.133000e+03  1.800000e+03  1.715629e-01
2.288000e+03  1.805000e+03  1.800000e+03  1.739958e-01
2.288000e+03  1.914000e+03  1.800000e+03  1.710976e-01
2.288000e+03  2.030000e+03  1.800000e+03  1.716782e-01
2.288000e+03  2.153000e+03  1.800000e+03  1.717325e-01
2.288000e+03  2.283000e+03  1.800000e+03  1.734315e-01
2.480000e+03  1.805000e+03  1.800000e+03  1.799649e-01
2.480000e+03  1.953000e+03  1.800000e+03  1.772539e-01
2.480000e+03  2.114000e+03  1.800000e+03  1.756521e-01
2.480000e+03  2.287000e+03  1.800000e+03  1.760519e-01
2.480000e+03  2.475000e+03  1.800000e+03  1.818975e-01
2.723000e+03  1.805000e+03  1.800000e+03  1.847379e-01
2.723000e+03  1.999000e+03  1.800000e+03  1.817608e-01
2.723000e+03  2.215000e+03  1.800000e+03  1.797011e-01
2.723000e+03  2.454000e+03  1.800000e+03  1.797867e-01
2.723000e+03  2.718000e+03  1.800000e+03  1.842999e-01
3.027000e+03  1.805000e+03  1.800000e+03  1.863756e-01
3.027000e+03  2.053000e+03  1.800000e+03  1.880233e-01
3.027000e+03  2.336000e+03  1.800000e+03  1.848093e-01
3.027000e+03  2.657000e+03  1.800000e+03  1.872943e-01
3.027000e+03  3.022000e+03  1.800000e+03  1.907975e-01
3.402000e+03  1.805000e+03  1.800000e+03  1.829480e-01
3.402000e+03  2.114000e+03  1.800000e+03  1.854286e-01
3.402000e+03  2.476000e+03  1.800000e+03  1.833900e-01
3.402000e+03  2.900000e+03  1.800000e+03  1.844066e-01
3.402000e+03  3.397000e+03  1.800000e+03  1.853086e-01
3.863000e+03  1.805000e+03  1.800000e+03  1.706087e-01
3.863000e+03  2.182000e+03  1.800000e+03  1.817709e-01
3.863000e+03  2.639000e+03  1.800000e+03  1.777942e-01
3.863000e+03  3.191000e+03  1.800000e+03  1.776556e-01
3.863000e+03  3.858000e+03  1.800000e+03  1.745822e-01
4.423000e+03  1.805000e+03  1.800000e+03  1.422995e-01
4.423000e+03  2.095000e+03  1.800000e+03  1.629220e-01
4.423000e+03  2.433000e+03  1.800000e+03  1.652880e-01
4.423000e+03  2.824000e+03  1.800000e+03  1.624956e-01
4.423000e+03  3.278000e+03  1.800000e+03  1.662250e-01
4.423000e+03  3.806000e+03  1.800000e+03  1.637939e-01
4.423000e+03  4.418000e+03  1.800000e+03  1.492418e-01
5.100000e+03  1.805000e+03  1.800000e+03  9.161934e-02
5.100000e+03  2.146000e+03  1.800000e+03  1.279774e-01
5.100000e+03  2.551000e+03  1.800000e+03  1.386493e-01
5.100000e+03  3.033000e+03  1.800000e+03  1.336237e-01
5.100000e+03  3.605000e+03  1.800000e+03  1.392803e-01
5.100000e+03  4.286000e+03  1.800000e+03  1.270865e-01
5.100000e+03  5.095000e+03  1.800000e+03  1.001741e-01
2.015000e+03  2.007000e+03  2.000000e+03  1.134811e-01
2.070000e+03  2.005000e+03  2.000000e+03  1.128343e-01
2.070000e+03  2.035000e+03  2.000000e+03  1.117184e-01
2.070000e+03  2.065000e+03  2.000000e+03  1.136129e-01
2.132000e+03  2.005000e+03  2.000000e+03  1.100702e-01
2.132000e+03  2.065000e+03  2.000000e+03  1.093106e-01
2.132000e+03  2.127000e+03  2.000000e+03  1.117402e-01
2.216000e+03  2.005000e+03  2.000000e+03  1.107033e-01
2.216000e+03  2.105000e+03  2.000000e+03  1.108383e-01
2.216000e+03  2.211000e+03  2.000000e+03  1.108675e-01
2.326000e+03  2.005000e+03  2.000000e+03  1.091753e-01
2.326000e+03  2.157000e+03  2.000000e+03  1.113986e-01
2.326000e+03  2.321000e+03  2.000000e+03  1.116530e-01
2.468000e+03  2.005000e+03  2.000000e+03  1.120781e-01
2.468000e+03  2.111000e+03  2.000000e+03  1.093561e-01
2.468000e+03  2.222000e+03  2.000000e+03  1.095716e-01
2.468000e+03  2.340000e+03  2.000000e+03  1.113577e-01
2.468000e+03  2.463000e+03  2.000000e+03  1.109722e-01
2.650000e+03  2.005000e+03  2.000000e+03  1.117131e-01
2.650000e+03  2.149000e+03  2.000000e+03  1.090859e-01
2.650000e+03  2.303000e+03  2.000000e+03  1.078339e-01
2.650000e+03  2.468000e+03  2.000000e+03  1.096515e-01
2.650000e+03  2.645000e+03  2.000000e+03  1.122819e-01
2.880000e+03  2.005000e+03  2.000000e+03  1.119913e-01
2.880000e+03  2.194000e+03  2.000000e+03  1.100875e-01
2.880000e+03  2.401000e+03  2.000000e+03  1.108493e-01
2.880000e+03  2.627000e+03  2.000000e+03  1.096639e-01
2.880000e+03  2.875000e+03  2.000000e+03  1.119044e-01
3.165000e+03  2.005000e+03  2.000000e+03  1.147578e-01
3.165000e+03  2.247000e+03  2.000000e+03  1.106544e-01
3.165000e+03  2.517000e+03  2.000000e+03  1.094464e-01
3.165000e+03  2.820000e+03  2.000000e+03  1.119830e-01
3.165000e+03  3.160000e+03  2.000000e+03  1.135740e-01
3.518000e+03  2.005000e+03  2.000000e+03  1.138973e-01
3.518000e+03  2.307000e+03  2.000000e+03  1.098884e-01
3.518000e+03  2.654000e+03  2.000000e+03  1.091453e-01
3.518000e+03  3.053000e+03  2.000000e+03  1.112894e-01
3.518000e+03  3.513000e+03  2.000000e+03  1.115584e-01
3.948000e+03  2.005000e+03  2.000000e+03  1.092208e-01
3.948000e+03  2.374000e+03  2.000000e+03  1.100096e-01
3.948000e+03  2.812000e+03  2.000000e+03  1.068728e-01
3.948000e+03  3.330000e+03  2.000000e+03  1.093268e-01
3.948000e+03  3.943000e+03  2.000000e+03  1.093167e-01
4.471000e+03  2.005000e+03  2.000000e+03  1.016880e-01
4.471000e+03  2.449000e+03  2.000000e+03  1.084716e-01
4.471000e+03  2.992000e+03  2.000000e+03  1.029258e-01
4.471000e+03  3.656000e+03  2.000000e+03  1.078980e-01
4.471000e+03  4.466000e+03  2.000000e+03  1.033038e-01
5.100000e+03  2.005000e+03  2.000000e+03  8.224721e-02
5.100000e+03  2.342000e+03  2.000000e+03  9.869389e-02
5.100000e+03  2.736000e+03  2.000000e+03  9.790014e-02
5.100000e+03  3.196000e+03  2.000000e+03  9.502017e-02
5.100000e+03  3.734000e+03  2.000000e+03  9.785873e-02
5.100000e+03  4.362000e+03  2.000000e+03  9.760720e-02
5.100000e+03  5.095000e+03  2.000000e+03  8.706826e-02
2.215000e+03  2.207000e+03  2.200000e+03  6.866151e-02
2.273000e+03  2.205000e+03  2.200000e+03  6.763028e-02
2.273000e+03  2.236000e+03  2.200000e+03  6.753630e-02
2.273000e+03  2.268000e+03  2.200000e+03  6.736399e-02
2.342000e+03  2.205000e+03  2.200000e+03  6.704083e-02
2.342000e+03  2.270000e+03  2.200000e+03  6.647884e-02
2.342000e+03  2.337000e+03  2.200000e+03  6.725651e-02
2.434000e+03  2.205000e+03  2.200000e+03  6.805337e-02
2.434000e+03  2.314000e+03  2.200000e+03  6.658573e-02
2.434000e+03  2.429000e+03  2.200000e+03  6.717061e-02
2.559000e+03  2.205000e+03  2.200000e+03  6.860811e-02
2.559000e+03  2.373000e+03  2.200000e+03  6.775670e-02
2.559000e+03  2.554000e+03  2.200000e+03  6.802249e-02
2.722000e+03  2.205000e+03  2.200000e+03  6.791593e-02
2.722000e+03  2.323000e+03  2.200000e+03  6.787078e-02
2.722000e+03  2.448000e+03  2.200000e+03  6.702997e-02
2.722000e+03  2.579000e+03  2.200000e+03  6.691786e-02
2.722000e+03  2.717000e+03  2.200000e+03  6.879099e-02
2.932000e+03  2.205000e+03  2.200000e+03  6.943592e-02
2.932000e+03  2.367000e+03  2.200000e+03  6.879011e-02
2.932000e+03  2.540000e+03  2.200000e+03  6.761800e-02
2.932000e+03  2.727000e+03  2.200000e+03  6.916753e-02
2.932000e+03  2.927000e+03  2.200000e+03  7.043984e-02
3.200000e+03  2.205000e+03  2.200000e+03  7.397374e-02
3.200000e+03  2.419000e+03  2.200000e+03  6.985339e-02
3.200000e+03  2.654000e+03  2.200000e+03  7.022618e-02
3.200000e+03  2.912000e+03  2.200000e+03  7.147477e-02
3.200000e+03  3.195000e+03  2.200000e+03  7.188735e-02
3.536000e+03  2.205000e+03  2.200000e+03  7.405186e-02
3.536000e+03  2.480000e+03  2.200000e+03  7.162969e-02
3.536000e+03  2.790000e+03  2.200000e+03  7.281511e-02
3.536000e+03  3.139000e+03  2.200000e+03  7.259224e-02
3.536000e+03  3.531000e+03  2.200000e+03  7.457821e-02
3.954000e+03  2.205000e+03  2.200000e+03  7.490608e-02
3.954000e+03  2.551000e+03  2.200000e+03  7.449690e-02
3.954000e+03  2.951000e+03  2.200000e+03  7.118314e-02
3.954000e+03  3.414000e+03  2.200000e+03  7.385321e-02
3.954000e+03  3.949000e+03  2.200000e+03  7.520493e-02
4.470000e+03  2.205000e+03  2.200000e+03  7.756780e-02
4.470000e+03  2.630000e+03  2.200000e+03  7.655314e-02
4.470000e+03  3.138000e+03  2.200000e+03  7.285690e-02
4.470000e+03  3.743000e+03  2.200000e+03  7.497854e-02
4.470000e+03  4.465000e+03  2.200000e+03  7.790903e-02
5.100000e+03  2.205000e+03  2.200000e+03  7.127796e-02
5.100000e+03  2.535000e+03  2.200000e+03  7.820610e-02
5.100000e+03  2.915000e+03  2.200000e+03  7.571574e-02
5.100000e+03  3.352000e+03  2.200000e+03  7.202775e-02
5.100000e+03  3.854000e+03  2.200000e+03  7.461795e-02
5.100000e+03  4.431000e+03  2.200000e+03  7.541380e-02
5.100000e+03  5.095000e+03  2.200000e+03  7.247613e-02
2.415000e+03  2.407000e+03  2.400000e+03  4.897565e-02
2.472000e+03  2.405000e+03  2.400000e+03  4.715297e-02
2.472000e+03  2.436000e+03  2.400000e+03  4.719214e-02
2.472000e+03  2.467000e+03  2.400000e+03  4.691298e-02
2.537000e+03  2.405000e+03  2.400000e+03  4.682913e-02
2.537000e+03  2.468000e+03  2.400000e+03  4.625132e-02
2.537000e+03  2.532000e+03  2.400000e+03  4.718662e-02
2.626000e+03  2.405000e+03  2.400000e+03  4.620350e-02
2.626000e+03  2.511000e+03  2.400000e+03  4.634661e-02
2.626000e+03  2.621000e+03  2.400000e+03  4.720703e-02
2.744000e+03  2.405000e+03  2.400000e+03  4.672379e-02
2.744000e+03  2.567000e+03  2.400000e+03  4.610755e-02
2.744000e+03  2.739000e+03  2.400000e+03  4.654784e-02
2.897000e+03  2.405000e+03  2.400000e+03  4.902145e-02
2.897000e+03  2.518000e+03  2.400000e+03  4.764439e-02
2.897000e+03  2.637000e+03  2.400000e+03  4.744057e-02
2.897000e+03  2.762000e+03  2.400000e+03  4.801936e-02
2.897000e+03  2.892000e+03  2.400000e+03  4.877309e-02
3.095000e+03  2.405000e+03  2.400000e+03  5.117762e-02
3.095000e+03  2.561000e+03  2.400000e+03  4.985011e-02
3.095000e+03  2.726000e+03  2.400000e+03  4.868497e-02
3.095000e+03  2.902000e+03  2.400000e+03  4.987853e-02
3.095000e+03  3.090000e+03  2.400000e+03  5.091561e-02
3.344000e+03  2.405000e+03  2.400000e+03  5.474293e-02
3.344000e+03  2.611000e+03  2.400000e+03  5.258903e-02
3.344000e+03  2.834000e+03  2.400000e+03  5.118900e-02
3.344000e+03  3.076000e+03  2.400000e+03  5.307289e-02
3.344000e+03  3.339000e+03  2.400000e+03  5.447116e-02
3.657000e+03  2.405000e+03  2.400000e+03  6.025400e-02
3.657000e+03  2.670000e+03  2.400000e+03  5.590352e-02
3.657000e+03  2.964000e+03  2.400000e+03  5.446522e-02
3.657000e+03  3.290000e+03  2.400000e+03  5.491521e-02
3.657000e+03  3.652000e+03  2.400000e+03  5.873206e-02
4.045000e+03  2.405000e+03  2.400000e+03  6.440238e-02
4.045000e+03  2.738000e+03  2.400000e+03  5.963041e-02
4.045000e+03  3.117000e+03  2.400000e+03  5.783380e-02
4.045000e+03  3.549000e+03  2.400000e+03  5.892223e-02
4.045000e+03  4.040000e+03  2.400000e+03  6.217907e-02
4.520000e+03  2.405000e+03  2.400000e+03  6.764663e-02
4.520000e+03  2.815000e+03  2.400000e+03  6.533599e-02
4.520000e+03  3.295000e+03  2.400000e+03  6.054273e-02
4.520000e+03  3.857000e+03  2.400000e+03  6.479268e-02
4.520000e+03  4.515000e+03  2.400000e+03  6.817675e-02
5.100000e+03  2.405000e+03  2.400000e+03  6.882346e-02
5.100000e+03  2.901000e+03  2.400000e+03  6.947974e-02
5.100000e+03  3.500000e+03  2.400000e+03  6.450404e-02
5.100000e+03  4.223000e+03  2.400000e+03  6.896596e-02
5.100000e+03  5.095000e+03  2.400000e+03  6.950198e-02
2.615000e+03  2.607000e+03  2.600000e+03  4.193433e-02
2.676000e+03  2.605000e+03  2.600000e+03  4.178216e-02
2.676000e+03  2.638000e+03  2.600000e+03  4.134398e-02
2.676000e+03  2.671000e+03  2.600000e+03  4.184191e-02
2.748000e+03  2.605000e+03  2.600000e+03  4.077274e-02
2.748000e+03  2.673000e+03  2.600000e+03  4.065740e-02
2.748000e+03  2.743000e+03  2.600000e+03  4.121670e-02
2.847000e+03  2.605000e+03  2.600000e+03  4.075214e-02
2.847000e+03  2.721000e+03  2.600000e+03  4.099001e-02
2.847000e+03  2.842000e+03  2.600000e+03  4.114475e-02
2.981000e+03  2.605000e+03  2.600000e+03  4.142206e-02
2.981000e+03  2.784000e+03  2.600000e+03  4.126765e-02
2.981000e+03  2.976000e+03  2.600000e+03  4.120248e-02
3.159000e+03  2.605000e+03  2.600000e+03  4.334159e-02
3.159000e+03  2.733000e+03  2.600000e+03  4.261938e-02
3.159000e+03  2.866000e+03  2.600000e+03  4.130730e-02
3.159000e+03  3.007000e+03  2.600000e+03  4.221977e-02
3.159000e+03  3.154000e+03  2.600000e+03  4.366968e-02
3.389000e+03  2.605000e+03  2.600000e+03  4.543739e-02
3.389000e+03  2.781000e+03  2.600000e+03  4.358135e-02
3.389000e+03  2.969000e+03  2.600000e+03  4.305796e-02
3.389000e+03  3.170000e+03  2.600000e+03  4.465471e-02
3.389000e+03  3.384000e+03  2.600000e+03  4.502367e-02
3.684000e+03  2.605000e+03  2.600000e+03  4.936641e-02
3.684000e+03  2.840000e+03  2.600000e+03  4.608469e-02
3.684000e+03  3.096000e+03  2.600000e+03  4.536886e-02
3.684000e+03  3.375000e+03  2.600000e+03  4.599125e-02
3.684000e+03  3.679000e+03  2.600000e+03  4.851088e-02
4.057000e+03  2.605000e+03  2.600000e+03  5.380049e-02
4.057000e+03  2.909000e+03  2.600000e+03  4.971894e-02
4.057000e+03  3.249000e+03  2.600000e+03  4.747067e-02
4.057000e+03  3.628000e+03  2.600000e+03  5.016737e-02
4.057000e+03  4.052000e+03  2.600000e+03  5.405970e-02
4.523000e+03  2.605000e+03  2.600000e+03  6.142164e-02
4.523000e+03  2.989000e+03  2.600000e+03  5.652983e-02
4.523000e+03  3.431000e+03  2.600000e+03  5.237620e-02
4.523000e+03  3.937000e+03  2.600000e+03  5.666615e-02
4.523000e+03  4.518000e+03  2.600000e+03  6.070056e-02
5.100000e+03  2.605000e+03  2.600000e+03  6.898342e-02
5.100000e+03  3.081000e+03  2.600000e+03  6.322048e-02
5.100000e+03  3.643000e+03  2.600000e+03  5.789526e-02
5.100000e+03  4.308000e+03  2.600000e+03  6.392871e-02
5.100000e+03  5.095000e+03  2.600000e+03  6.804332e-02
3.015000e+03  3.007000e+03  3.000000e+03  2.966554e-02
3.078000e+03  3.005000e+03  3.000000e+03  2.818372e-02
3.078000e+03  3.039000e+03  3.000000e+03  2.838996e-02
3.078000e+03  3.073000e+03  3.000000e+03  2.902764e-02
3.154000e+03  3.005000e+03  3.000000e+03  2.749822e-02
3.154000e+03  3.076000e+03  3.000000e+03  2.808469e-02
3.154000e+03  3.149000e+03  3.000000e+03  2.755654e-02
3.260000e+03  3.005000e+03  3.000000e+03  2.727008e-02
3.260000e+03  3.128000e+03  3.000000e+03  2.680215e-02
3.260000e+03  3.255000e+03  3.000000e+03  2.672342e-02
3.404000e+03  3.005000e+03  3.000000e+03  2.670007e-02
3.404000e+03  3.196000e+03  3.000000e+03  2.667186e-02
3.404000e+03  3.399000e+03  3.000000e+03  2.663366e-02
3.597000e+03  3.005000e+03  3.000000e+03  2.793462e-02
3.597000e+03  3.142000e+03  3.000000e+03  2.566399e-02
3.597000e+03  3.285000e+03  3.000000e+03  2.611925e-02
3.597000e+03  3.435000e+03  3.000000e+03  2.642349e-02
3.597000e+03  3.592000e+03  3.000000e+03  2.678736e-02
3.848000e+03  3.005000e+03  3.000000e+03  2.626848e-02
3.848000e+03  3.196000e+03  3.000000e+03  2.533980e-02
3.848000e+03  3.398000e+03  3.000000e+03  2.550075e-02
3.848000e+03  3.614000e+03  3.000000e+03  2.469372e-02
3.848000e+03  3.843000e+03  3.000000e+03  2.597123e-02
4.172000e+03  3.005000e+03  3.000000e+03  2.780555e-02
4.172000e+03  3.261000e+03  3.000000e+03  2.578559e-02
4.172000e+03  3.539000e+03  3.000000e+03  2.466994e-02
4.172000e+03  3.840000e+03  3.000000e+03  2.568024e-02
4.172000e+03  4.167000e+03  3.000000e+03  2.653633e-02
4.583000e+03  3.005000e+03  3.000000e+03  3.009410e-02
4.583000e+03  3.339000e+03  3.000000e+03  2.720706e-02
4.583000e+03  3.709000e+03  3.000000e+03  2.482459e-02
4.583000e+03  4.121000e+03  3.000000e+03  2.675791e-02
4.583000e+03  4.578000e+03  3.000000e+03  2.946081e-02
5.100000e+03  3.005000e+03  3.000000e+03  3.560431e-02
5.100000e+03  3.429000e+03  3.000000e+03  2.951639e-02
5.100000e+03  3.913000e+03  3.000000e+03  2.781015e-02
5.100000e+03  4.465000e+03  3.000000e+03  3.101577e-02
5.100000e+03  5.095000e+03  3.000000e+03  3.455643e-02
3.515000e+03  3.507000e+03  3.500000e+03  1.639071e-02
3.578000e+03  3.505000e+03  3.500000e+03  1.617228e-02
3.578000e+03  3.539000e+03  3.500000e+03  1.638035e-02
3.578000e+03  3.573000e+03  3.500000e+03  1.678906e-02
3.655000e+03  3.505000e+03  3.500000e+03  1.569376e-02
3.655000e+03  3.577000e+03  3.500000e+03  1.579398e-02
3.655000e+03  3.650000e+03  3.500000e+03  1.539185e-02
3.762000e+03  3.505000e+03  3.500000e+03  1.516090e-02
3.762000e+03  3.629000e+03  3.500000e+03  1.442151e-02
3.762000e+03  3.757000e+03  3.500000e+03  1.463921e-02
3.907000e+03  3.505000e+03  3.500000e+03  1.379818e-02
3.907000e+03  3.698000e+03  3.500000e+03  1.399101e-02
3.907000e+03  3.902000e+03  3.500000e+03  1.421597e-02
4.102000e+03  3.505000e+03  3.500000e+03  1.286115e-02
4.102000e+03  3.644000e+03  3.500000e+03  1.237394e-02
4.102000e+03  3.789000e+03  3.500000e+03  1.228113e-02
4.102000e+03  3.940000e+03  3.500000e+03  1.238654e-02
4.102000e+03  4.097000e+03  3.500000e+03  1.235450e-02
4.356000e+03  3.505000e+03  3.500000e+03  1.204427e-02
4.356000e+03  3.700000e+03  3.500000e+03  1.122306e-02
4.356000e+03  3.905000e+03  3.500000e+03  1.161729e-02
4.356000e+03  4.122000e+03  3.500000e+03  1.131583e-02
4.356000e+03  4.351000e+03  3.500000e+03  1.175485e-02
4.683000e+03  3.505000e+03  3.500000e+03  1.216489e-02
4.683000e+03  3.767000e+03  3.500000e+03  1.088183e-02
4.683000e+03  4.049000e+03  3.500000e+03  1.033851e-02
4.683000e+03  4.352000e+03  3.500000e+03  1.135123e-02
4.683000e+03  4.678000e+03  3.500000e+03  1.210512e-02
5.100000e+03  3.505000e+03  3.500000e+03  1.295855e-02
5.100000e+03  3.849000e+03  3.500000e+03  1.154658e-02
5.100000e+03  4.226000e+03  3.500000e+03  1.035535e-02
5.100000e+03  4.640000e+03  3.500000e+03  1.144428e-02
5.100000e+03  5.095000e+03  3.500000e+03  1.284870e-02
4.015000e+03  4.007000e+03  4.000000e+03  8.880199e-03
4.087000e+03  4.005000e+03  4.000000e+03  7.893021e-03
4.087000e+03  4.043000e+03  4.000000e+03  7.810994e-03
4.087000e+03  4.082000e+03  4.000000e+03  8.186551e-03
4.179000e+03  4.005000e+03  4.000000e+03  7.732192e-03
4.179000e+03  4.089000e+03  4.000000e+03  7.430593e-03
4.179000e+03  4.174000e+03  4.000000e+03  7.480910e-03
4.313000e+03  4.005000e+03  4.000000e+03  7.140336e-03
4.313000e+03  4.154000e+03  4.000000e+03  6.739400e-03
4.313000e+03  4.308000e+03  4.000000e+03  6.432052e-03
4.500000e+03  4.005000e+03  4.000000e+03  5.800526e-03
4.500000e+03  4.122000e+03  4.000000e+03  5.937102e-03
4.500000e+03  4.243000e+03  4.000000e+03  5.591351e-03
4.500000e+03  4.367000e+03  4.000000e+03  5.876344e-03
4.500000e+03  4.495000e+03  4.000000e+03  5.949576e-03
4.757000e+03  4.005000e+03  4.000000e+03  5.298908e-03
4.757000e+03  4.180000e+03  4.000000e+03  4.798717e-03
4.757000e+03  4.363000e+03  4.000000e+03  4.665643e-03
4.757000e+03  4.553000e+03  4.000000e+03  4.413424e-03
4.757000e+03  4.752000e+03  4.000000e+03  5.179746e-03
5.100000e+03  4.005000e+03  4.000000e+03  4.849549e-03
5.100000e+03  4.253000e+03  4.000000e+03  4.556028e-03
5.100000e+03  4.517000e+03  4.000000e+03  4.138710e-03
5.100000e+03  4.797000e+03  4.000000e+03  4.431253e-03
5.100000e+03  5.095000e+03  4.000000e+03  4.704400e-03
4.515000e+03  4.507000e+03  4.500000e+03  3.665787e-03
4.626000e+03  4.505000e+03  4.500000e+03  3.042366e-03
4.626000e+03  4.563000e+03  4.500000e+03  3.113404e-03
4.626000e+03  4.621000e+03  4.500000e+03  3.114904e-03
4.805000e+03  4.505000e+03  4.500000e+03  2.391765e-03
4.805000e+03  4.650000e+03  4.500000e+03  2.446901e-03
4.805000e+03  4.800000e+03  4.500000e+03  2.393885e-03
5.100000e+03  4.505000e+03  4.500000e+03  1.825718e-03
5.100000e+03  4.646000e+03  4.500000e+03  1.857868e-03
5.100000e+03  4.791000e+03  4.500000e+03  1.617918e-03
5.100000e+03  4.941000e+03  4.500000e+03  1.666927e-03
5.100000e+03  5.095000e+03  4.500000e+03  1.634006e-03
5.015000e+03  5.007000e+03  5.000000e+03  9.271798e-04
5.100000e+03  5.050000e+03  5.000000e+03  6.212030e-04
