#                prod                mhscp              mrec300 
                  526                  400                  0.0 
                 2453                  500       0.021847670087 
                 2692                 1500      0.0893140869476 
                  552                  500       0.264060624423 
                 3577                  400                  0.0 
                 1796                 1500      0.0880352750714 
                 4239                 3500      0.0039124845491 
                 2953                 2000       0.039001500732 
                  494                  200                  0.0 
                  736                  600       0.281148729415 
                  488                  250                  0.0 
                  235                  100                  0.0 
                 1348                 1000       0.230297150963 
                 2124                 2000      0.0434190004725 
                 5100                  100                  0.0 
                 1086                  550        0.28811375155 
                  710                  350                  0.0 
                  251                  150                  0.0 
                  449                  400                  0.0 
                 2032                 2000      0.0452270137924 
                 2765                 1600      0.0846294722743 
                 3589                 3500     0.00525793611036 
                 1199                 1100       0.201124621745 
                 1581                 1100       0.210819820516 
                 1490                  200                  0.0 
                  788                  500       0.291896421335 
                 3019                 1000       0.113528370097 
                 1266                  450                  0.0 
                 3623                 1300      0.0891342352113 
                  350                  150                  0.0 
                 1405                 1400       0.120174725179 
                 1429                 1400       0.117828374619 
                  477                  350                  0.0 
                 2629                  150                  0.0 
                 2432                 2200      0.0245496219856 
                 5100                 1600      0.0349618591324 
                 2234                 2200      0.0263421533693 
                 4307                 1600      0.0626551384756 
                  425                  400                  0.0 
                  309                  200                  0.0 
                 1711                  500       0.117099847593 
                 4297                  300                  0.0 
                  155                  150                  0.0 
                 2972                  550     0.00965993009524 
                  626                  600       0.284468797191 
                  575                  450                  0.0 
                 5100                  450                  0.0 
                 2748                 2400        0.01706893085 
                 4303                 1800       0.059375199726 
                 2539                  800       0.126167520569 
                 1928                 1800      0.0691860518525 
                 3881                 2400       0.018095900172 
                 2855                 2600       0.015685640852 
                 1028                 1000       0.232423889408 
                 2474                  700      0.0952146723103 
                 1909                  100                  0.0 
                 2433                 2400      0.0183934265173 
                 4357                 2200      0.0246089667617 
                  418                  150                  0.0 
                 2268                  100                  0.0 
                  284                  100                  0.0 
                  420                  250                  0.0 
                 5100                 2000      0.0356438290524 
                  576                  550       0.286239765549 
                  607                  150                  0.0 
                  503                  150                  0.0 
                 4270                  800     0.00218171719789 
                  346                  100                  0.0 
                 1987                 1100       0.205295296751 
                 3595                  450                  0.0 
                 4262                  550    0.000166934262655 
                  627                  100                  0.0 
                 1397                  900        0.26473166284 
                  399                  350                  0.0 
                  612                  350                  0.0 
                  794                  700       0.270916913029 
                  482                  400                  0.0 
                 5100                 4000     0.00157250373204 
                 1237                  200                  0.0 
                 2686                  100                  0.0 
                  886                  150                  0.0 
                 1443                 1100       0.207410747146 
                 2749                 2200       0.023464904742 
                 1262                 1200       0.183734367628 
                  958                  900       0.252914760889 
                 1904                 1000        0.22873535721 
                 1473                 1300       0.155078166095 
                 1187                  250                  0.0 
                 2372                 1500      0.0903390982778 
                 3075                 1100       0.122179695633 
                 3062                  200                  0.0 
                 1871                 1800      0.0708637026905 
                 3580                 1200      0.0895423290371 
                  988                  350                  0.0 
                 1005                 1000       0.237023943464 
                 3183                 1800      0.0656346905327 
                 2947                  500     0.00526725779979 
                 4316                  200                  0.0 
                  515                  100                  0.0 
                 3667                 1400      0.0782975507155 
                  727                  700       0.277924431452 
                 5100                  500    9.62234678183e-05 
                 2681                 2600      0.0161565224124 
                 5100                 2600      0.0209797836409 
                 2750                 2600      0.0158253306757 
                 1306                  600       0.269571745716 
                  536                  350                  0.0 
                 3538                 3500     0.00560205979963 
                 4289                 1100      0.0283663061132 
                  244                  200                  0.0 
                 1329                 1300        0.16117389258 
                  805                  450                  0.0 
                 3593                  250                  0.0 
                  499                  450                  0.0 
                 4602                 3500     0.00378320913817 
                 2147                  200                  0.0 
                 2464                  350                  0.0 
                 4281                 1500      0.0584421569021 
                  761                  100                  0.0 
                  105                  100                  0.0 
                 1132                  600       0.293138277107 
                 1659                 1400       0.113467031864 
                 2453                 1600       0.083711663708 
                 1304                  700       0.291752774899 
                  205                  200                  0.0 
                  921                  700       0.285056554016 
                 1755                 1200       0.188205139842 
                  836                  550       0.295659802391 
                  893                  800       0.266372062205 
                 3540                  700      0.0101284222159 
                 1546                  150                  0.0 
                 1287                  150                  0.0 
                 5100                  350                  0.0 
                 1376                 1200       0.179392055171 
                 1261                  550        0.25801386544 
                  164                  100                  0.0 
                 5005                 5000    0.000184164503929 
                 4358                 2000      0.0395640430043 
                 2205                 2200      0.0264736140177 
                 2069                 2000      0.0449552212222 
                 2012                 1800      0.0689659264472 
                 1205                 1200       0.189593430706 
                  575                  250                  0.0 
                 1764                  700       0.224333595643 
                 2564                 1000       0.165833341816 
                  848                  700       0.278108766269 
                 3579                  600     0.00234627917704 
                 2125                 1500      0.0894561213857 
                  173                  150                  0.0 
                  702                  500       0.285941494878 
                 5100                  200                  0.0 
                 1254                  900       0.258130523231 
                  357                  200                  0.0 
                  602                  550       0.275058362715 
                  305                  300                  0.0 
                 1591                 1200       0.184234408261 
                 3163                 3000      0.0106439134747 
                  526                  500       0.277042108051 
                 1078                  450                  0.0 
                 3147                 1400      0.0963344109557 
                  346                  300                  0.0 
                  272                  200                  0.0 
                 2117                  600       0.104652967082 
                 2116                  450                  0.0 
                 1738                  400                  0.0 
                 4227                 4000     0.00193564775338 
                 5100                  250                  0.0 
                  327                  250                  0.0 
                 2503                  250                  0.0 
                 1336                  100                  0.0 
                 1777                  450                  0.0 
                 4273                  600     0.00017747422494 
                 2115                  300                  0.0 
                 1728                  250                  0.0 
                  946                  550       0.298533600412 
                  687                  600       0.276838470933 
                 3541                  500    0.000525829604862 
                 2964                  350                  0.0 
                 1605                 1600      0.0879810219225 
                  324                  300                  0.0 
                 3469                 2400      0.0172111261108 
                 2317                 2000      0.0415783143335 
                 1566                 1500      0.0912274902092 
                  295                  150                  0.0 
                 1229                  300                  0.0 
                 1105                 1100       0.214511629465 
                 1496                  450                  0.0 
                 1891                 1600      0.0814065216172 
                 2512                 1800      0.0673704058257 
                 5100                 1500       0.025411848331 
                  660                  400                  0.0 
                  884                  600       0.296387832474 
                 5100                  300                  0.0 
                 1631                 1600      0.0863880064046 
                 2197                 1000       0.204139290359 
                 1480                  550        0.21101576071 
                 2242                 1200       0.180144961489 
                 4266                  350                  0.0 
                 4749                 4500    0.000584280111386 
                 2339                 2200      0.0248759622413 
                  140                  100                  0.0 
                 4261                 1200      0.0439629050326 
                 3103                 1500      0.0854131864761 
                 4417                 2600      0.0179146713907 
                  731                  300                  0.0 
                 3037                 3000      0.0113078907737 
                  584                  400                  0.0 
                 3164                 1600      0.0830881190483 
                 4579                 4500    0.000848013755899 
                 1789                 1600      0.0812612141604 
                  432                  350                  0.0 
                 1128                 1100       0.209876365824 
                  377                  300                  0.0 
                 5100                  700    0.000161780080686 
                 3169                  100                  0.0 
                 5100                 1100     0.00155320293489 
                 1583                  900       0.262783925607 
                 1531                 1500      0.0936357559514 
                 4342                  150                  0.0 
                 1821                  900       0.246075359701 
                 2053                 1300       0.156719602532 
                 4276                  400                  0.0 
                  852                  200                  0.0 
                 2028                 1600      0.0824790191944 
                  633                  450                  0.0 
                 5100                 2200      0.0261672881176 
                  623                  300                  0.0 
                 2473                 2400       0.018197071517 
                  537                  300                  0.0 
                  755                  700       0.274384063292 
                 1408                 1300       0.153545541776 
                  255                  250                  0.0 
                 3538                  900      0.0457565510274 
                 1069                  150                  0.0 
                  588                  500       0.272629323886 
                 1143                  700       0.295159830819 
                 4688                 4000     0.00151949792222 
                 1472                  300                  0.0 
                 2156                  800       0.187235677887 
                 3725                  100                  0.0 
                 3005                 2600      0.0154123899205 
                 2081                  400                  0.0 
                 2955                  700      0.0409515184266 
                 5100                  900    0.000469482918285 
                 1309                 1200       0.180343875809 
                 3280                 3000       0.010118326979 
                  864                  300                  0.0 
                 1789                  600       0.168521091582 
                 5100                  600    8.33363530766e-05 
                 4505                 4500    0.000829069011363 
                 4266                 1000      0.0167589259446 
                  469                  300                  0.0 
                  708                  200                  0.0 
                 1506                 1400       0.114475825297 
                  984                  250                  0.0 
                 5100                 1400      0.0158726343369 
                 1112                  100                  0.0 
                 1845                 1300       0.156983217402 
                 3008                  800      0.0676700562767 
                 4285                  450                  0.0 
                 2212                 1600      0.0827354364529 
                 1033                  400                  0.0 
                  800                  600       0.287735392052 
                  818                  250                  0.0 
                 4415                 2400      0.0198455096529 
                 1716                 1600      0.0835242139203 
                 3579                  800      0.0243528553629 
                 2130                 1800      0.0682530112105 
                 2661                 1300       0.141511513998 
                 3795                 3500      0.0046553097458 
                 2399                 1400       0.110218171297 
                 1968                 1200       0.187406568371 
                  709                  450                  0.0 
                 2293                 1800      0.0675839162012 
                  192                  150                  0.0 
                 2485                  550      0.0354902818598 
                 3117                  150                  0.0 
                 1144                  900       0.257587779812 
                 1305                 1300       0.165258211009 
                 2494                  400                  0.0 
                 1833                 1800      0.0733280538149 
                 3625                 1500      0.0753996421679 
                 4029                 3000     0.00904077284213 
                  926                  450                  0.0 
                  475                  450                  0.0 
                 3505                 3500     0.00549429464148 
                 1505                 1500      0.0949765493158 
                 2121                  900       0.211641092594 
                 4005                 4000     0.00248530252664 
                 5100                 5000    0.000170443707729 
                 2516                  600      0.0492312573435 
                 1594                  800       0.267569548027 
                 1100                 1000       0.224501615899 
                 3693                 3000       0.009407081832 
                  684                  250                  0.0 
                  195                  100                  0.0 
                  417                  300                  0.0 
                  805                  800       0.275094383665 
                 1692                 1500       0.088683644009 
                  417                  200                  0.0 
                 3611                  300                  0.0 
                 3013                  450                  0.0 
                 1671                 1000       0.238607383376 
                 1018                  800        0.27315103507 
                 4287                  250                  0.0 
                 2591                 1200       0.163218244532 
                 4285                 1300      0.0510425947922 
                 4045                 4000     0.00232494829553 
                 3674                 1800      0.0636319957639 
                  297                  250                  0.0 
                 3027                  300                  0.0 
                 2568                  200                  0.0 
                 2803                 1800      0.0681032031613 
                  705                  700       0.285620747865 
                 1700                  350                  0.0 
                 2534                 2400      0.0175348187621 
                 3641                  200                  0.0 
                 3559                  350                  0.0 
                 3897                 2600      0.0160842362074 
                 1230                 1200       0.187794396929 
                  751                  550       0.288188055406 
                 1241                 1000       0.230586795999 
                 2082                  700       0.163179680171 
                 3156                 2400      0.0168353990862 
                 5100                  800    0.000263444459081 
                 3671                 1600      0.0751091241503 
                 1217                  500        0.23990063351 
                  422                  100                  0.0 
                 2205                 2000      0.0426802105951 
                 1361                 1300       0.157972010442 
                 1750                  550        0.14744775841 
                 1765                  300                  0.0 
                 2730                 1400       0.106812004045 
                 2963                  900      0.0991343907149 
                  223                  200                  0.0 
                 5100                 3000      0.0124415572121 
                  855                  800       0.266167678933 
                 2622                 2400       0.017351377784 
                 3560                  550    0.000857140017619 
                 1236                  800       0.285085847378 
                 1778                 1400       0.112633797341 
                 1157                 1100       0.203931840193 
                 3685                  150                  0.0 
                 3978                 3500     0.00431909528112 
                 1058                 1000       0.225718651498 
                  827                  800       0.272229565113 
                 2631                 1100       0.163587731476 
                 1179                  350                  0.0 
                 1844                  800       0.237971379383 
                 2320                 1300       0.151965358145 
                 2921                 2400      0.0167378553504 
                 1040                  500       0.279641640184 
                 3621                 1100      0.0765763689163 
                 1665                 1600      0.0839696385472 
                  455                  450                  0.0 
                 1571                 1400       0.114156595182 
                 3337                 2200      0.0221425611009 
                 1394                  800        0.28224578126 
                  880                  400                  0.0 
                 2532                  300                  0.0 
                 5100                  550    0.000117433247101 
                 3001                 2200      0.0231554095399 
                 5100                 1300     0.00876075828831 
                  833                  350                  0.0 
                 4252                  500    0.000107868823223 
                 2046                  350                  0.0 
                 5100                 1800       0.042415516482 
                 3506                 2600      0.0158262792337 
                  122                  100                  0.0 
                 5100                 4500    0.000491975648586 
                 5100                  150                  0.0 
                 1160                 1000       0.225943631694 
                 2989                  400                  0.0 
                 1805                 1800      0.0739636024679 
                 2210                  150                  0.0 
                  922                  100                  0.0 
                 1489                 1000       0.235375275104 
                 3003                  250                  0.0 
                 1018                  700       0.290958816575 
                 2605                 2600      0.0167867949938 
                 1029                  300                  0.0 
                 2497                  900       0.160486644341 
                 1851                  150                  0.0 
                 4487                 3000      0.0098684959658 
                  590                  200                  0.0 
                 2405                 2400       0.018338850382 
                 5100                  400                  0.0 
                  734                  150                  0.0 
                  652                  600        0.27495239114 
                 2565                 2200      0.0239768609444 
                 2636                 2600      0.0166153106752 
                  367                  250                  0.0 
                 2081                  250                  0.0 
                 3030                 1200       0.133212981157 
                 2138                 1400       0.112327885053 
                 3671                 3500     0.00505716252275 
                  274                  250                  0.0 
                  505                  500       0.278452232442 
                  899                  500       0.290458436992 
                 5100                 3500      0.0045319964792 
                 1618                 1500       0.089032543382 
                 2679                 2000      0.0407677309245 
                 1414                  350                  0.0 
                  905                  900       0.258923521782 
                  928                  900       0.259102020502 
                 1113                  800       0.275889762288 
                 3580                 1000      0.0640554487803 
                  757                  400                  0.0 
                 1062                  900       0.250274665981 
                 1937                 1500      0.0876341014755 
                  375                  350                  0.0 
                 1563                 1300       0.155129027157 
                  355                  350                  0.0 
                  638                  550       0.272943193945 
                 1522                  600       0.229579046542 
                  555                  550        0.28558612083 
                 4113                 4000     0.00215277164098 
                 4366                  100                  0.0 
                 2998                  600      0.0158848257693 
                 3451                 3000     0.00982678958525 
                 2275                 2200      0.0255451477703 
                 5100                 1200     0.00439678369799 
                 2472                 2000      0.0412062073565 
                 1468                 1200       0.182630737377 
                 1461                 1400       0.116209115963 
                 2525                  450                  0.0 
                 5100                 2400      0.0222915466488 
                  637                  500       0.277755090372 
                 3310                 2000      0.0377060313129 
                  405                  400                  0.0 
                 3005                 3000      0.0114893913412 
                 2045                  500      0.0626900113399 
                 1685                 1300       0.156228203386 
                  531                  450                  0.0 
                 2081                  550      0.0820905310998 
                 1337                 1100       0.202292065639 
                 2005                 2000      0.0457682228378 
                 1455                  400                  0.0 
                 3770                 2000       0.037901230758 
                 1258                 1100       0.201061067585 
                  947                  800       0.265127542298 
                 4310                 1400      0.0526766323815 
                 3089                 1300        0.11834086885 
                 4243                  900     0.00834878257047 
                  993                  600       0.303330897015 
                 1222                  400                  0.0 
                 3780                 2200      0.0231715806765 
                 1432                  250                  0.0 
                 3216                 2600      0.0154422869122 
                  218                  150                  0.0 
                 5100                 1000    0.000689058611881 
                  605                  600       0.286377808772 
                 1508                  700        0.26779056966 
                 4409                 4000     0.00176568209741 
                 1027                  200                  0.0 
                 3086                 3000      0.0108409735013 
                 2273                 1100       0.190078008728 
                 1002                  900       0.247942015938 
                 1438                  500       0.186499985532 
                  686                  550       0.281821690271 
                 1759                 1100       0.209393771667 
                 4248                  700    0.000764391745791 
                 1934                 1400       0.112512171279 
                 1600                  100                  0.0 
                 1791                  200                  0.0 
