100.3584229390681 96.25468164794006
119.35483870967744 114.23220973782776
143.36917562724017 137.45318352059928
163.44086021505376 158.42696629213484
189.6057347670251 186.1423220973783
217.921146953405 213.10861423220973
239.06810035842295 234.0823970037453
262.00716845878134 256.55430711610484
282.7956989247312 276.0299625468165
279.2114695340502 265.5430711610487
273.47670250896056 256.55430711610484
269.17562724014334 247.56554307116104
265.23297491039426 234.8314606741573
259.85663082437276 233.33333333333334
253.40501792114694 227.34082397003746
248.74551971326167 224.34456928838952
243.72759856630827 215.3558052434457
238.70967741935485 209.36329588014982
233.33333333333334 199.625468164794
230.46594982078855 190.6367041198502
227.59856630824373 180.14981273408242
224.01433691756273 175.65543071161048
218.99641577060933 174.90636704119854
211.82795698924733 170.4119850187266
203.22580645161293 167.41573033707866
196.05734767025092 158.42696629213486
190.3225806451613 153.93258426966293
183.8709677419355 144.1947565543071
180.2867383512545 129.21348314606743
176.70250896057348 120.97378277153558
172.4014336917563 115.7303370786517
167.38351254480287 111.98501872659176
162.36559139784947 107.49063670411988
156.98924731182797 102.24719101123594
152.32974910394267 97.75280898876406
147.1326164874552 91.38576779026215
141.57706093189967 85.7677902621723
136.55913978494627 79.77528089887642
131.89964157706095 75.28089887640448
125.08960573476703 71.5355805243446
117.92114695340503 68.53932584269666
112.18637992831542 66.29213483146071
107.52688172043011 61.797752808988776
101.07526881720432 55.805243445692895

