m x420GeV:181.96 x520GeV:268.35 y200GeV:239.791 y300GeV:335.921
275.854 66.757
1.518 5.3405
1.518 5.3406
0.979 3.4458
1.316 1.8947
3.484 1.749
4.799 2.4096
2.355 1.182
2.445 1.2276
3.088 4.113
1.711 2.279
2.299 3.0615
2.501 3.3307
1.509 2.01
3.29 4.382
0.72 0.958
4.01 5.341
-1.744 5.341
-1.744 5.34
-1.242 3.803
-0.49 1.538
-1.588 5.34
-1.587 5.341
-1.134 3.815
-0.454 1.525
-1.587 5.341
-1.588 5.34
-1.171 3.94
-0.416 1.401
-0.787 5.341
-0.786 5.34
-0.786 5.341
-0.787 5.34
-0.786 5.341
-0.451 3.064
-0.542 2.276
-1.27 5.341
-1.271 5.34
-0.89 5.341
-0.827 2.702
-0.808 2.639
-0.87 5.34
-0.609 5.341
-0.609 5.34
-0.609 5.341
-0.609 5.34
-0.609 5.341
-0.076 0.672
-0.532 4.668
-0.609 5.341
-3.151 5.341
-0.508 0.859
-2.644 4.481
-2.155 3.653
-0.996 1.688
-3.151 5.34
-0.653 0.949
