#MA5 EffMap for txName: T5WW , Analysis: cms_sus_13_012 , SR: 6NJet8_800HT1000_450MHTinf
# Mother Interm Daughter  Eff. 
1020   50   0.0007591
300   0   0.0000000
1500   600   0.0032932
1440   400   0.0019459
840   200   0.0067152
1320   0   0.0000676
360.0   306.0   0.0000350
840   300   0.0063837
1260   700   0.0087885
900   250   0.0080095
780   250   0.0053711
1680.0   400.0   0.0005123
1500   650   0.0046510
1560   250   0.0004742
840.0   650.0   0.0010898
300   100   0.0000513
840   0   0.0008307
1500   550   0.0024025
1680.0   300.0   0.0002235
1200   100   0.0007409
1380   700   0.0078263
1380   350   0.0020033
420   200   0.0001981
840   350   0.0052080
1020   0   0.0003526
480.0   432.0   0.0001277
1020   450   0.0074071
900   450   0.0049968
360.0   315.0   0.0000528
1320.0   550.0   0.0056953
1440   700   0.0065116
1200   150   0.0014675
1680.0   500.0   0.0007359
1260   100   0.0005456
1200   350   0.0044290
660   600   0.0002399
1680.0   50.0   0.0000480
1020   100   0.0020083
420.0   378.0   0.0001439
360   300   0.0001055
660   300   0.0019250
60.0   18.0   0.0000000
1080   700   0.0039549
1080   50   0.0006144
720   50   0.0015602
540   300   0.0006417
1260   50   0.0003068
1020   400   0.0089837
1620   550   0.0018921
840   50   0.0015927
60.0   0.0   0.0000000
1080   0   0.0002107
300.0   252.0   0.0000171
540   150   0.0009196
480   50   0.0002551
540   0   0.0002752
1080   150   0.0025793
1200   700   0.0074968
360   50   0.0000528
1680.0   700.0   0.0021617
1140   200   0.0026384
360   250   0.0000884
1020   150   0.0035012
900   200   0.0070716
720   250   0.0036239
780   200   0.0050525
1200   200   0.0020745
1140   350   0.0062394
900   0   0.0005393
900   600   0.0021330
1620   450   0.0010518
480   150   0.0003652
240   150   0.0000162
540   50   0.0004762
720   300   0.0029362
960   100   0.0023936
960   50   0.0010978
120.0   50.0   0.0000000
600   0   0.0004621
420   150   0.0002507
300   150   0.0000680
300   50   0.0000170
1200   0   0.0001543
1140   500   0.0082561
180.0   100.0   0.0000000
600   300   0.0008808
1500   700   0.0057474
1020   350   0.0077224
1140   0   0.0002774
1500   250   0.0006443
720   500   0.0007107
960   550   0.0042228
1440   50   0.0001331
1620   200   0.0002431
660   450   0.0009009
600   550   0.0001289
780   550   0.0011143
360   150   0.0000706
1200   500   0.0076755
1560   100   0.0001469
660   0   0.0005146
720   200   0.0043212
1020   200   0.0048818
1680.0   200.0   0.0002880
360   200   0.0000706
1200   250   0.0027182
1320   650   0.0078987
1620.0   50.0   0.0000161
1320   200   0.0007765
1320   250   0.0015029
1020   300   0.0078868
540.0   486.0   0.0001827
1440   300   0.0009417
1680.0   0.0   0.0000321
660   100   0.0020087
960   400   0.0081029
1620   250   0.0002739
1440   100   0.0001498
1320.0   600.0   0.0073750
1620   700   0.0028030
960   150   0.0044524
1680.0   150.0   0.0001922
720.0   666.0   0.0001285
1620   0   0.0000000
1380   100   0.0002347
420   300   0.0001434
1320   350   0.0027904
1200   300   0.0040668
1620   500   0.0012292
420   0   0.0000359
1380   250   0.0011885
780   600   0.0009318
840.0   700.0   0.0007253
120.0   0.0   0.0000000
1620   600   0.0018934
1260   250   0.0017909
240   50   0.0000000
1440   450   0.0022784
1140   700   0.0056815
900   550   0.0033087
840   500   0.0025477
600   200   0.0014881
180.0   135.0   0.0000000
600   50   0.0007005
1200   650   0.0085598
720   600   0.0006428
1620   150   0.0001133
1020   250   0.0063284
600   350   0.0007354
660   200   0.0028318
1260   200   0.0014673
1680.0   450.0   0.0005587
240   0   0.0000000
540   400   0.0003124
1020   650   0.0036678
960   200   0.0057401
1140   100   0.0008324
720   400   0.0018677
1380   400   0.0022975
1380   650   0.0066867
960   600   0.0030714
1320   300   0.0020959
900   50   0.0013332
1140   550   0.0077876
1500   300   0.0008236
1560   300   0.0006532
1320   500   0.0049818
660   150   0.0030341
660   400   0.0011431
900   400   0.0067485
1440   550   0.0038315
1440   150   0.0003671
1080   500   0.0087274
1200   600   0.0083128
1200   400   0.0058584
1140   650   0.0075436
1260   0   0.0001868
780   50   0.0015167
1080   400   0.0079780
1260   650   0.0080386
660.0   603.0   0.0002199
900   100   0.0027576
960   650   0.0021270
780   150   0.0044955
1500   0   0.0000494
780   500   0.0014955
1140   150   0.0017404
1500   350   0.0012515
1680.0   100.0   0.0001281
1440   250   0.0009278
1440   500   0.0026155
1320   50   0.0001691
1260   300   0.0025802
420   100   0.0001435
180.0   0.0   0.0000000
1440   600   0.0046579
780   400   0.0034328
1080   600   0.0061457
1560   650   0.0029682
1560   550   0.0021768
1380   450   0.0031920
480   350   0.0005293
900.0   700.0   0.0011676
1680.0   350.0   0.0005289
1020   550   0.0061515
840   250   0.0064285
1020   500   0.0076493
660   50   0.0011826
780.0   650.0   0.0006917
720.0   675.0   0.0002364
1200   550   0.0078985
1560   350   0.0007356
1260   500   0.0061319
960   350   0.0079545
480.0   423.0   0.0001092
480   250   0.0002919
480   100   0.0003454
1620   300   0.0005650
1500   450   0.0016480
1500   50   0.0000822
720   350   0.0023311
1320   700   0.0092553
1260   450   0.0053117
1560   400   0.0009934
1680.0   250.0   0.0002890
1560   200   0.0002610
1140   400   0.0071814
1320   150   0.0006944
720   100   0.0029205
840   600   0.0014509
1500   200   0.0004436
480   0   0.0002549
480   400   0.0001282
180.0   126.0   0.0000000
720   150   0.0037715
420   250   0.0001260
1080   350   0.0077244
1080   550   0.0074962
720   450   0.0015713
1320   400   0.0033727
1140   50   0.0005211
1200   50   0.0003620
1560   500   0.0015801
1500   150   0.0001978
240.0   198.0   0.0000484
1140   600   0.0080977
1200   450   0.0070749
1620   400   0.0006807
1080   100   0.0011917
720.0   650.0   0.0003281
1380   600   0.0053941
1560   50   0.0001142
300.0   250.0   0.0000852
1680.0   600.0   0.0013458
600   450   0.0004418
1080   300   0.0061416
600   100   0.0014155
1320   100   0.0003715
1620   350   0.0006004
900   150   0.0053211
1380   50   0.0002176
1080   450   0.0082916
1620   650   0.0024221
1140   300   0.0052351
900   300   0.0075813
960   450   0.0070304
1380   200   0.0006357
960   0   0.0005007
1260   150   0.0009885
780   100   0.0033672
600   500   0.0003497
60.0   9.0   0.0000000
180.0   50.0   0.0000000
540   350   0.0003844
1440   650   0.0050639
840   450   0.0031335
1140   450   0.0079684
1680.0   650.0   0.0017963
1380   500   0.0040924
1260   600   0.0081943
840   400   0.0042572
1560   450   0.0011434
1440   0   0.0000331
480   200   0.0004923
1380   150   0.0003014
1500   400   0.0012495
660   250   0.0024284
660   500   0.0005711
1380   0   0.0001167
240.0   189.0   0.0000162
1560   600   0.0026108
1020   600   0.0043900
840   100   0.0030576
960   300   0.0078912
1440   200   0.0006455
1260   350   0.0031960
1260   400   0.0040863
1260   550   0.0079538
1080   650   0.0059744
660.0   612.0   0.0000919
1440   350   0.0014680
300   200   0.0000509
720   550   0.0008983
420   350   0.0001620
1560   0   0.0000163
780   450   0.0020425
540   450   0.0002380
900.0   650.0   0.0014221
600   150   0.0013196
1620   100   0.0001454
900   350   0.0071551
660   550   0.0004982
540   100   0.0007512
780   350   0.0038130
1500   100   0.0001644
960.0   700.0   0.0016666
360   0   0.0000351
360   100   0.0000176
780   0   0.0008018
840   550   0.0019259
600   250   0.0014838
780   300   0.0047857
1560   700   0.0035422
1500   500   0.0023328
480   300   0.0003097
660   350   0.0014144
420   50   0.0001437
1380   300   0.0017040
1020   700   0.0025855
1560   150   0.0001792
780.0   700.0   0.0003651
1380   550   0.0048560
600.0   558.0   0.0001283
900   500   0.0040788
540   200   0.0008246
960   500   0.0061206
240   100   0.0000000
1320   450   0.0038960
960   250   0.0073014
1080   250   0.0048609
1680.0   550.0   0.0010700
840   150   0.0054425
420.0   369.0   0.0001438
600   400   0.0005872
540.0   495.0   0.0001280
1140   250   0.0038399
720   0   0.0006085
1080   200   0.0038449
540   250   0.0008445
