#MA5 EffMap for txName: T5WW , Analysis: cms_sus_13_012 , SR: 6NJet8_800HT1000_200MHT300
# Mother Interm Daughter  Eff. 
1160.0   630.0   0.0292024
400   360   0.0000537
1000   180   0.0164779
1440   450   0.0041738
680   300   0.0074174
1000   510   0.0243345
1440   390   0.0035533
1400   675   0.0184816
1080   540   0.0277043
400   150   0.0006775
880.0   480.0   0.0116012
300.0   120.0   0.0002037
1440   690   0.0156796
600   570   0.0000735
680   270   0.0102370
840   420   0.0136722
1000   630   0.0094338
960   30   0.0126982
1280   150   0.0036791
920   210   0.0244945
600   180   0.0089250
760   0   0.0239813
680   360   0.0051320
600   210   0.0078637
680.0   90.0   0.0215257
600   390   0.0017149
920   420   0.0241825
880   30   0.0181720
880   630   0.0035073
1040   450   0.0292178
760   240   0.0224969
600   540   0.0001840
1560   210   0.0008286
1040   120   0.0109271
920   30   0.0163228
1360.0   660.0   0.0199367
480   300   0.0007100
920   480   0.0164523
1360.0   0.0   0.0013125
1080   750   0.0071377
840.0   240.0   0.0277662
400.0   160.0   0.0007326
1080   660   0.0147347
920   750   0.0014945
800   510   0.0041104
1400   375   0.0039417
1120   120   0.0074947
440   210   0.0009597
1160   600   0.0302851
520   450   0.0002375
520   330   0.0012240
840   510   0.0061970
640   450   0.0017312
680   330   0.0059816
1560   510   0.0030725
400   330   0.0002854
1000   600   0.0126212
680   60   0.0209852
1040   720   0.0061946
560   0   0.0092072
400   0   0.0010005
640   600   0.0000549
1200   15   0.0035487
1000   390   0.0277174
1240   630   0.0295649
1280   120   0.0031626
840.0   150.0   0.0252462
350.0   40.0   0.0004875
1200   630   0.0294391
1400   495   0.0072562
880   420   0.0172923
1360.0   240.0   0.0027235
760.0   630.0   0.0008227
240.0   198.0   0.0000806
840   360   0.0194350
1320   30   0.0017432
920   240   0.0252687
50.0   0.0   0.0000000
560   30   0.0096293
1480   165   0.0009881
520   360   0.0009926
50.0   40.0   0.0000000
920   330   0.0281771
760.0   660.0   0.0002936
1040   180   0.0136065
720.0   690.0   0.0000731
1520   255   0.0012446
920.0   600.0   0.0058974
600   240   0.0053372
1160   30   0.0045838
720   480   0.0026508
600   270   0.0043244
1120   30   0.0055565
1200.0   600.0   0.0295371
840   600   0.0025806
520   180   0.0034253
480   420   0.0001094
1080   585   0.0239155
1480   345   0.0024632
1120   360   0.0176946
600.0   558.0   0.0000921
640   330   0.0037261
640   270   0.0069533
1480   45   0.0007279
1600   555   0.0031836
520   390   0.0005664
920   450   0.0211503
1000   660   0.0072209
480   180   0.0020530
560   150   0.0067091
300.0   240.0   0.0000680
480   210   0.0019807
560   240   0.0033075
760   555   0.0019271
1520   555   0.0047081
1480   465   0.0039459
200.0   80.0   0.0000310
720   330   0.0099788
560   360   0.0015236
1080.0   510.0   0.0289868
1280   285   0.0050642
1040   330   0.0225482
1480   285   0.0016170
1600   75   0.0004720
1400   195   0.0016369
640   420   0.0017979
1240   0   0.0026835
250.0   160.0   0.0000977
640   0   0.0167642
1320   120   0.0022025
1000   150   0.0146994
680   150   0.0184279
1600   630   0.0045291
880.0   210.0   0.0261054
560   180   0.0055473
960   120   0.0162139
1000   480   0.0261001
1160.0   240.0   0.0093104
440   360   0.0001804
720   390   0.0059715
60.0   9.0   0.0000000
480.0   432.0   0.0001101
880.0   510.0   0.0092566
540.0   531.0   0.0000183
1160   150   0.0063239
960.0   690.0   0.0037443
1160   60   0.0049643
680   180   0.0182315
1080   330   0.0189599
1280   210   0.0041381
960.0   510.0   0.0185472
800.0   540.0   0.0031581
960.0   600.0   0.0083815
1160   480   0.0240111
250.0   80.0   0.0000000
1080   30   0.0061947
560   330   0.0017955
1120   240   0.0103407
1360.0   390.0   0.0059154
880.0   570.0   0.0054596
880   300   0.0271358
960   0   0.0127811
880.0   330.0   0.0273328
1120   390   0.0193432
640   540   0.0003680
1360   510   0.0105874
1280   750   0.0287941
1440   90   0.0010285
1320   180   0.0027732
920   570   0.0081148
350.0   200.0   0.0004376
1360   30   0.0014625
840.0   210.0   0.0259401
520   210   0.0023594
1320.0   210.0   0.0029638
1000   330   0.0260789
1320   510   0.0125850
1440   570   0.0086628
1120   630   0.0252260
540.0   486.0   0.0001099
840   0   0.0195801
480   390   0.0002534
1480   705   0.0144362
680   540   0.0011009
1400   15   0.0011241
1440   30   0.0014278
1560   150   0.0007491
720   300   0.0116275
440   390   0.0000905
840.0   690.0   0.0009775
400.0   280.0   0.0004834
180.0   135.0   0.0000149
720   240   0.0168392
520   420   0.0004953
350.0   120.0   0.0003672
1120   420   0.0221266
760   420   0.0062443
480   360   0.0005288
1240   450   0.0149159
600   60   0.0132035
300.0   0.0   0.0001698
1120   60   0.0060135
400.0   120.0   0.0009270
800   420   0.0086530
440   330   0.0003422
600   0   0.0133245
1160.0   390.0   0.0161992
1200   165   0.0052396
960   675   0.0043191
680   210   0.0143708
760   120   0.0259901
250.0   40.0   0.0000653
1440   510   0.0061410
760   285   0.0179203
920   525   0.0114171
760   645   0.0006407
1160   90   0.0054909
960   630   0.0067447
1200   105   0.0041077
1080   630   0.0198056
920   120   0.0182616
1120   660   0.0205590
1280   180   0.0036874
600   300   0.0039138
1240   750   0.0260465
1160.0   660.0   0.0262443
520   270   0.0018230
720.0   540.0   0.0014504
880   60   0.0196456
880   720   0.0011361
1160.0   540.0   0.0277355
1160   420   0.0189171
100.0   0.0   0.0000000
250.0   120.0   0.0001631
1360   180   0.0028061
880   180   0.0239967
440   0   0.0018454
640   300   0.0053665
720   360   0.0077013
400   240   0.0004275
600   480   0.0006788
840   390   0.0174119
600   120   0.0117106
440   90   0.0015832
1000   420   0.0290108
920   60   0.0166359
1200   270   0.0082807
520   60   0.0061427
1320.0   600.0   0.0181800
1080   360   0.0203450
960   60   0.0141287
1200   570   0.0264969
440   30   0.0024752
1480   525   0.0052772
760   60   0.0242927
720   120   0.0254666
1280   405   0.0097441
720   270   0.0145349
1520   495   0.0036558
1280.0   690.0   0.0295370
300.0   80.0   0.0001189
840   540   0.0048952
800.0   180.0   0.0283978
1120   90   0.0066171
680.0   120.0   0.0219564
480   450   0.0000727
600   330   0.0027801
800.0   570.0   0.0027560
920   300   0.0286785
1040   420   0.0282293
300.0   200.0   0.0001868
1320   330   0.0053140
880   150   0.0245487
960   720   0.0029430
480   60   0.0038450
1120   450   0.0244246
880.0   270.0   0.0291625
1560   450   0.0024129
600   510   0.0002731
800   300   0.0216052
420.0   396.0   0.0000541
1480   585   0.0070197
1320.0   570.0   0.0175465
1360   360   0.0048374
1440   270   0.0019088
1320.0   690.0   0.0267777
1120   150   0.0079372
1080   0   0.0063539
1080   120   0.0100501
1160   450   0.0214835
920   390   0.0265074
1320   360   0.0062010
1160   210   0.0077054
560   480   0.0003123
720   0   0.0231599
1240   540   0.0205068
1040   390   0.0266336
560   390   0.0012185
600   450   0.0009014
1600   15   0.0001951
1120   480   0.0269681
1240.0   90.0   0.0034691
600.0   594.0   0.0000737
1160.0   690.0   0.0219799
1120   750   0.0101280
960   360   0.0286630
1280.0   540.0   0.0168967
1160   330   0.0125753
1520   75   0.0008240
800   360   0.0145464
1240   135   0.0033347
1320   60   0.0020910
1280   480   0.0129351
1080   150   0.0094849
240.0   234.0   0.0000484
1160.0   510.0   0.0262302
640   30   0.0179564
1560   270   0.0010270
150.0   0.0   0.0000000
1160   555   0.0297426
440   120   0.0022845
1080   210   0.0121598
960   210   0.0195928
1120   180   0.0082379
1560   570   0.0040144
1240   180   0.0043816
1280.0   570.0   0.0215749
480   0   0.0034862
1080   390   0.0229676
1200   390   0.0138450
680   390   0.0040152
880   0   0.0173891
180.0   171.0   0.0000000
440   240   0.0008627
520   150   0.0040007
800   90   0.0243787
440   300   0.0005047
560   60   0.0099704
720   450   0.0033794
1360.0   600.0   0.0152363
250.0   200.0   0.0000485
720   30   0.0227494
1320.0   450.0   0.0101845
1520   15   0.0006080
200.0   120.0   0.0000308
1080   480   0.0279706
1600   435   0.0017628
100.0   40.0   0.0000000
300.0   280.0   0.0000679
1240   255   0.0060373
1280   630   0.0252786
880   660   0.0024536
600   420   0.0012110
880   390   0.0226309
1360.0   90.0   0.0017954
1040   480   0.0296170
1000   210   0.0175209
640   570   0.0002205
960   300   0.0245844
1280   330   0.0066526
1000   720   0.0041561
1200   420   0.0156457
1360.0   540.0   0.0115696
560   210   0.0041559
150.0   120.0   0.0000142
880   360   0.0236690
1000   0   0.0094992
1320.0   270.0   0.0038182
1200   240   0.0065848
680   480   0.0018362
400   180   0.0007367
960   90   0.0150954
1160   120   0.0055680
420.0   414.0   0.0000543
1280.0   660.0   0.0289576
840   270   0.0270915
350.0   240.0   0.0002618
1320.0   420.0   0.0081931
720   150   0.0235126
480   30   0.0043827
1320   0   0.0017220
1560   330   0.0012091
480   240   0.0012587
960   150   0.0166479
1040   690   0.0081561
1320.0   660.0   0.0254237
1280   90   0.0027371
250.0   0.0   0.0000326
1400   255   0.0020953
1360.0   570.0   0.0124379
680   450   0.0023913
1120.0   690.0   0.0177926
1360.0   210.0   0.0028113
1200   480   0.0194534
400   210   0.0006262
1360   630   0.0182193
400.0   80.0   0.0011687
1200   180   0.0058126
520   30   0.0062356
400   300   0.0003570
760.0   210.0   0.0238617
840   300   0.0251128
1360.0   60.0   0.0017939
200.0   160.0   0.0000462
720   60   0.0241339
920   630   0.0043466
920   0   0.0155657
1200   330   0.0100000
440   270   0.0006497
1240   510   0.0176874
1120   300   0.0139292
960   270   0.0249633
960   390   0.0291673
1320   750   0.0302278
680   240   0.0120524
1000   570   0.0167673
960   420   0.0276018
400   60   0.0011243
800.0   630.0   0.0014197
640   240   0.0090939
400.0   40.0   0.0012748
1040   540   0.0250722
840   90   0.0235504
1240   660   0.0291202
1240   360   0.0095492
880   540   0.0069467
640   390   0.0022355
1160   180   0.0067666
1400   555   0.0101279
300.0   160.0   0.0001361
520   300   0.0013001
920   150   0.0210236
640   60   0.0179062
680   510   0.0014353
1320   480   0.0113723
1080   420   0.0243257
800   240   0.0252687
1320.0   630.0   0.0223749
920   270   0.0256727
1520   675   0.0102177
1120   570   0.0291164
1040   600   0.0173049
1360.0   300.0   0.0036266
250.0   240.0   0.0000653
760   375   0.0089080
760   510   0.0031910
1480   105   0.0009596
1240.0   120.0   0.0039015
1040   630   0.0138387
800   390   0.0123099
660.0   612.0   0.0000549
800.0   690.0   0.0003823
680   630   0.0001282
1200   300   0.0086669
1080   705   0.0103593
350.0   80.0   0.0003847
1000   360   0.0283172
1040   660   0.0099628
60.0   18.0   0.0000000
1360   255   0.0026129
480   90   0.0032498
760   330   0.0142129
840   480   0.0081117
1360   330   0.0044565
1000   540   0.0193970
560   300   0.0024082
720   420   0.0049098
1080   240   0.0130102
680.0   660.0   0.0000922
1360   105   0.0017926
920   90   0.0183955
1080   60   0.0079861
1560   90   0.0005704
1200   525   0.0238482
800   60   0.0247034
1400   315   0.0031203
640   480   0.0012706
1240.0   600.0   0.0258416
400   30   0.0010697
200.0   0.0   0.0000154
840   630   0.0024816
1600   705   0.0068409
680   30   0.0216984
100.0   80.0   0.0000127
1600   495   0.0021404
960   570   0.0108171
1000   120   0.0142844
1560   390   0.0014918
640   90   0.0171847
880.0   690.0   0.0018755
1360.0   690.0   0.0236879
600   30   0.0128130
720.0   630.0   0.0003278
1320.0   390.0   0.0069481
1240   390   0.0110046
1600   375   0.0014076
800   0   0.0222599
720   90   0.0243130
1240   480   0.0167172
640   150   0.0142967
1320   90   0.0018524
1440   150   0.0011783
1400   135   0.0015146
1400   435   0.0060025
1240.0   210.0   0.0047848
640   360   0.0028891
1600   195   0.0007954
560   270   0.0031161
800.0   660.0   0.0008983
1000   270   0.0217207
800.0   600.0   0.0020118
880   120   0.0215507
800   330   0.0187330
800   210   0.0267526
1000   240   0.0204212
1080   450   0.0280390
760   90   0.0248513
720.0   570.0   0.0009130
760   150   0.0250910
1200   360   0.0121301
1360   750   0.0300480
1560   630   0.0058963
1000   690   0.0052446
760   600   0.0011543
1280   360   0.0080616
480   120   0.0030497
1040   240   0.0160437
300.0   288.0   0.0000000
1240   300   0.0075584
520   480   0.0001468
960.0   660.0   0.0048487
440   60   0.0020426
1280.0   600.0   0.0237641
1240   30   0.0025699
1520   315   0.0014428
1240   420   0.0131109
960   330   0.0280282
1360   420   0.0060434
300.0   252.0   0.0000847
1280   30   0.0021908
640   180   0.0115820
1040   60   0.0088081
960   240   0.0215991
840   525   0.0055296
920   705   0.0022120
1280.0   450.0   0.0117011
1280   0   0.0025716
1040   150   0.0119488
840   450   0.0113277
1040   510   0.0277241
150.0   40.0   0.0000000
1000   60   0.0114985
800   480   0.0057450
1200   750   0.0206136
1080   90   0.0081040
840   660   0.0015737
920   675   0.0038302
1240.0   570.0   0.0236755
760   30   0.0251289
480   330   0.0008563
960   540   0.0138556
1440   630   0.0121026
400   270   0.0004091
720.0   510.0   0.0021626
1160.0   270.0   0.0096587
1240   60   0.0029833
680   420   0.0030695
520   240   0.0025466
760.0   180.0   0.0254174
150.0   80.0   0.0000000
880   450   0.0150385
840   60   0.0213464
480.0   468.0   0.0000366
800   150   0.0270600
720.0   702.0   0.0000184
560   90   0.0088256
720.0   660.0   0.0002204
1120   270   0.0126401
480   270   0.0012056
1040   210   0.0154077
960   750   0.0023751
880   90   0.0213270
1200   60   0.0037100
840   180   0.0274619
1200   450   0.0181552
1040   270   0.0177640
800   120   0.0251896
1400   615   0.0132096
560   120   0.0076953
640   120   0.0153267
1520   615   0.0077061
720   210   0.0187159
60.0   54.0   0.0000000
1200   210   0.0060383
840.0   120.0   0.0241163
1360.0   450.0   0.0077361
800   30   0.0230251
1320.0   240.0   0.0033985
1280.0   510.0   0.0151696
1240.0   690.0   0.0299694
1040   300   0.0221502
1520   435   0.0027699
1160   750   0.0137900
600   90   0.0126489
1000   300   0.0224763
640   210   0.0101351
1600   315   0.0009382
1200.0   690.0   0.0279878
1280   60   0.0024214
440   150   0.0012109
400.0   200.0   0.0007670
1560   690   0.0079482
350.0   0.0   0.0006659
720   180   0.0208632
1000   30   0.0108219
1000   450   0.0288780
1280   240   0.0044781
1160.0   300.0   0.0117441
660.0   648.0   0.0000918
760   465   0.0046922
1440   210   0.0017751
1080   270   0.0144668
1080   300   0.0166501
1080   180   0.0116843
1000   90   0.0118611
350.0   160.0   0.0002100
1160.0   360.0   0.0140395
840   30   0.0217777
560   510   0.0000735
560   450   0.0004969
1520   375   0.0022251
560   420   0.0005332
1160.0   570.0   0.0300408
440   180   0.0011412
1040   0   0.0076372
520   0   0.0055274
1440   330   0.0026433
1480   225   0.0016142
1480   645   0.0099550
1200   645   0.0303255
1120   330   0.0163220
1080   495   0.0292968
1160   0   0.0044125
960   180   0.0200189
1120   210   0.0097670
760.0   690.0   0.0002018
350.0   280.0   0.0001573
1040   570   0.0222483
880   240   0.0267965
1240   330   0.0082958
300.0   40.0   0.0000511
1120   525   0.0288318
920   360   0.0263464
1360.0   150.0   0.0021478
520   120   0.0050386
1040   360   0.0244532
680   600   0.0002019
1320   300   0.0046830
680   570   0.0006246
600   150   0.0104366
520   90   0.0055510
1320   540   0.0142417
1600   135   0.0005198
720.0   666.0   0.0000549
600   360   0.0022591
480   150   0.0026731
200.0   40.0   0.0000461
680   0   0.0209347
800   450   0.0077273
920   180   0.0229364
1320   150   0.0020775
1040   30   0.0088830
840   330   0.0214192
1400   75   0.0013491
800   270   0.0242047
1520   195   0.0010994
640   510   0.0006599
960   450   0.0250721
880   600   0.0045040
1520   135   0.0007575
1040   90   0.0098376
840   570   0.0041593
1600   255   0.0007467
1480   405   0.0031819
400   90   0.0011781
1560   30   0.0005363
720.0   600.0   0.0007692
1120.0   0.0   0.0049546
