#MA5 EffMap for txName: T5WW , Analysis: cms_sus_13_012 , SR: 3NJet6_1000HT1250_200MHT300
# Mother Interm Daughter  Eff. 
1160.0   630.0   0.0051442
400   360   0.0000358
1000   180   0.0102301
1440   450   0.0056478
680   300   0.0024359
1000   510   0.0049981
1440   390   0.0057782
1400   675   0.0096265
1080   540   0.0059016
400   150   0.0005170
880.0   480.0   0.0025641
300.0   120.0   0.0001867
1440   690   0.0098288
600   570   0.0000918
680   270   0.0024539
840   420   0.0028138
1000   630   0.0015399
960   30   0.0115389
1280   150   0.0047351
920   210   0.0108606
600   180   0.0030852
760   0   0.0103506
680   360   0.0014030
600   210   0.0027256
680.0   90.0   0.0070037
600   390   0.0003319
920   420   0.0049048
880   30   0.0121686
880   630   0.0005576
1040   450   0.0079172
760   240   0.0059712
600   540   0.0000920
1560   210   0.0023721
1040   120   0.0100593
920   30   0.0111024
1360.0   660.0   0.0099936
480   300   0.0004733
920   480   0.0033192
1360.0   0.0   0.0031129
1080   750   0.0008922
840.0   240.0   0.0085351
400.0   160.0   0.0004824
1080   660   0.0028383
920   750   0.0001621
800   510   0.0010096
1400   375   0.0055715
1120   120   0.0080873
440   210   0.0005976
1160   600   0.0063210
520   450   0.0001461
520   330   0.0002923
840   510   0.0010691
640   450   0.0003315
680   330   0.0016380
1560   510   0.0054460
400   330   0.0000535
1000   600   0.0027121
680   60   0.0075119
1040   720   0.0009151
560   0   0.0045574
400   0   0.0010898
640   600   0.0001829
1200   15   0.0055125
1000   390   0.0078250
1240   630   0.0083318
1280   120   0.0048630
840.0   150.0   0.0108944
350.0   40.0   0.0006268
1200   630   0.0069339
1400   495   0.0082449
880   420   0.0039808
1360.0   240.0   0.0047577
760.0   630.0   0.0001280
240.0   198.0   0.0000323
840   360   0.0046334
1320   30   0.0037742
920   240   0.0096133
50.0   0.0   0.0000000
560   30   0.0042266
1480   165   0.0029643
520   360   0.0002390
50.0   40.0   0.0000000
920   330   0.0075353
760.0   660.0   0.0000918
1040   180   0.0097946
720.0   690.0   0.0001280
1520   255   0.0031278
920.0   600.0   0.0011507
600   240   0.0016874
1160   30   0.0065384
720   480   0.0003656
600   270   0.0014353
1120   30   0.0073971
1200.0   600.0   0.0075260
840   600   0.0003248
520   180   0.0013189
480   420   0.0000912
1080   585   0.0042400
1480   345   0.0039675
1120   360   0.0103523
600.0   558.0   0.0000921
640   330   0.0012543
640   270   0.0021706
1480   45   0.0021836
1600   555   0.0049703
520   390   0.0001827
920   450   0.0038210
1000   660   0.0011681
480   180   0.0010719
560   150   0.0030329
300.0   240.0   0.0000170
480   210   0.0007087
560   240   0.0015435
760   555   0.0003636
1520   555   0.0068079
1480   465   0.0056795
200.0   80.0   0.0001239
720   330   0.0021788
560   360   0.0005140
1080.0   510.0   0.0069793
1280   285   0.0072224
1040   330   0.0098427
1480   285   0.0036465
1600   75   0.0016928
1400   195   0.0038250
640   420   0.0004220
1240   0   0.0050081
250.0   160.0   0.0000488
640   0   0.0070712
1320   120   0.0045745
1000   150   0.0106743
680   150   0.0053548
1600   630   0.0071334
880.0   210.0   0.0093712
560   180   0.0022153
960   120   0.0108806
1000   480   0.0054938
1160.0   240.0   0.0078595
440   360   0.0001263
720   390   0.0013964
60.0   9.0   0.0000000
480.0   432.0   0.0001468
880.0   510.0   0.0019450
540.0   531.0   0.0000733
1160   150   0.0080863
960.0   690.0   0.0006388
1160   60   0.0060194
680   180   0.0049106
1080   330   0.0106288
1280   210   0.0065733
960.0   510.0   0.0034208
800.0   540.0   0.0005626
960.0   600.0   0.0017298
1160   480   0.0100234
250.0   80.0   0.0001468
1080   30   0.0090009
560   330   0.0003847
1120   240   0.0104974
1360.0   390.0   0.0066548
880.0   570.0   0.0008108
880   300   0.0074926
960   0   0.0109604
880.0   330.0   0.0064651
1120   390   0.0105445
640   540   0.0002392
1360   510   0.0085137
1280   750   0.0053946
1440   90   0.0029693
1320   180   0.0052251
920   570   0.0013256
350.0   200.0   0.0002626
1360   30   0.0032612
840.0   210.0   0.0090727
520   210   0.0011706
1320.0   210.0   0.0050470
1000   330   0.0100481
1320   510   0.0096248
1440   570   0.0089954
1120   630   0.0043727
540.0   486.0   0.0000733
840   0   0.0117408
480   390   0.0001448
1480   705   0.0092510
680   540   0.0001284
1400   15   0.0028859
1440   30   0.0023077
1560   150   0.0023613
720   300   0.0028795
440   390   0.0001266
840.0   690.0   0.0002172
400.0   280.0   0.0001790
180.0   135.0   0.0000000
720   240   0.0039762
520   420   0.0001284
350.0   120.0   0.0004196
1120   420   0.0094082
760   420   0.0013472
480   360   0.0001459
1240   450   0.0098244
600   60   0.0048683
300.0   0.0   0.0002037
1120   60   0.0070911
400.0   120.0   0.0005527
800   420   0.0021860
440   330   0.0001441
600   0   0.0056084
1160.0   390.0   0.0108053
1200   165   0.0067685
960   675   0.0007287
680   210   0.0043370
760   120   0.0088818
250.0   40.0   0.0001143
1440   510   0.0074782
760   285   0.0043753
920   525   0.0022442
760   645   0.0001831
1160   90   0.0067900
960   630   0.0009814
1200   105   0.0064525
1080   630   0.0036729
920   120   0.0103791
1120   660   0.0034178
1280   180   0.0052167
600   300   0.0010106
1240   750   0.0042099
1160.0   660.0   0.0044288
520   270   0.0008204
720.0   540.0   0.0003121
880   60   0.0113661
880   720   0.0002344
1160.0   540.0   0.0084141
1160   420   0.0100891
100.0   0.0   0.0000000
250.0   120.0   0.0001305
1360   180   0.0044527
880   180   0.0102636
440   0   0.0017368
640   300   0.0015989
720   360   0.0017195
400   240   0.0001960
600   480   0.0000917
840   390   0.0034643
600   120   0.0039772
440   90   0.0010974
1000   420   0.0079104
920   60   0.0112579
1200   270   0.0079357
520   60   0.0032272
1320.0   600.0   0.0100830
1080   360   0.0102862
960   60   0.0111852
1200   570   0.0084433
440   30   0.0016803
1480   525   0.0072067
760   60   0.0100276
720   120   0.0071343
1280   405   0.0081088
720   270   0.0034598
1520   495   0.0059345
1280.0   690.0   0.0079549
300.0   80.0   0.0003566
840   540   0.0009065
800.0   180.0   0.0092052
1120   90   0.0080586
680.0   120.0   0.0060082
480   450   0.0000545
600   330   0.0007733
800.0   570.0   0.0004015
920   300   0.0090479
1040   420   0.0088084
300.0   200.0   0.0001868
1320   330   0.0068080
880   150   0.0099236
960   720   0.0004281
480   60   0.0019774
1120   450   0.0096413
880.0   270.0   0.0076829
1560   450   0.0042062
600   510   0.0001456
800   300   0.0052326
420.0   396.0   0.0000541
1480   585   0.0072674
1320.0   570.0   0.0100821
1360   360   0.0068698
1440   270   0.0036018
1320.0   690.0   0.0090385
1120   150   0.0081640
1080   0   0.0080868
1080   120   0.0091921
1160   450   0.0098285
920   390   0.0060081
1320   360   0.0071015
1160   210   0.0079831
560   480   0.0002021
720   0   0.0105989
1240   540   0.0095504
1040   390   0.0091184
560   390   0.0002400
600   450   0.0002759
1600   15   0.0013332
1120   480   0.0093908
1240.0   90.0   0.0055710
600.0   594.0   0.0001105
1160.0   690.0   0.0038188
1120   750   0.0013550
960   360   0.0080377
1280.0   540.0   0.0103352
1160   330   0.0102716
1520   75   0.0022907
800   360   0.0033555
1240   135   0.0054723
1320   60   0.0034400
1280   480   0.0090937
1080   150   0.0097479
240.0   234.0   0.0000323
1160.0   510.0   0.0091319
640   30   0.0068808
1560   270   0.0028690
150.0   0.0   0.0000000
1160   555   0.0079093
440   120   0.0009174
1080   210   0.0096265
960   210   0.0109285
1120   180   0.0085154
1560   570   0.0058748
1240   180   0.0062472
1280.0   570.0   0.0103037
480   0   0.0021970
1080   390   0.0094213
1200   390   0.0098745
680   390   0.0013017
880   0   0.0112581
180.0   171.0   0.0000150
440   240   0.0003954
520   150   0.0017821
800   90   0.0101775
440   300   0.0002524
560   60   0.0037343
720   450   0.0007489
1360.0   600.0   0.0093400
250.0   200.0   0.0001133
720   30   0.0093717
1320.0   450.0   0.0088210
1520   15   0.0013967
200.0   120.0   0.0000616
1080   480   0.0074670
1600   435   0.0036711
100.0   40.0   0.0000000
300.0   280.0   0.0000170
1240   255   0.0066719
1280   630   0.0089731
880   660   0.0004330
600   420   0.0003119
880   390   0.0045441
1360.0   90.0   0.0041781
1040   480   0.0070842
1000   210   0.0108025
640   570   0.0002389
960   300   0.0101272
1280   330   0.0078637
1000   720   0.0003891
1200   420   0.0094734
1360.0   540.0   0.0097030
560   210   0.0018389
150.0   120.0   0.0000142
880   360   0.0054898
1000   0   0.0104544
1320.0   270.0   0.0060217
1200   240   0.0078227
680   480   0.0003153
400   180   0.0004492
960   90   0.0104849
1160   120   0.0076495
420.0   414.0   0.0000362
1280.0   660.0   0.0083896
840   270   0.0067955
350.0   240.0   0.0001571
1320.0   420.0   0.0078215
720   150   0.0065638
480   30   0.0023096
1320   0   0.0034103
1560   330   0.0032679
480   240   0.0004925
960   150   0.0102352
1040   690   0.0013711
1320.0   660.0   0.0094746
1280   90   0.0049641
250.0   0.0   0.0001142
1400   255   0.0042404
1360.0   570.0   0.0093326
680   450   0.0004381
1120.0   690.0   0.0026366
1360.0   210.0   0.0043173
1200   480   0.0101825
400   210   0.0002684
1360   630   0.0106265
400.0   80.0   0.0010968
1200   180   0.0072270
520   30   0.0032184
400   300   0.0000535
760.0   210.0   0.0066455
840   300   0.0061158
1360.0   60.0   0.0034201
200.0   160.0   0.0000154
720   60   0.0093148
920   630   0.0007334
920   0   0.0112130
1200   330   0.0097414
440   270   0.0003429
1240   510   0.0101733
1120   300   0.0103121
960   270   0.0096950
960   390   0.0065649
1320   750   0.0071094
680   240   0.0033857
1000   570   0.0024512
960   420   0.0062836
400   60   0.0009637
800.0   630.0   0.0002002
640   240   0.0022827
400.0   40.0   0.0007361
1040   540   0.0046691
840   90   0.0113872
1240   660   0.0069971
1240   360   0.0085242
880   540   0.0015598
640   390   0.0004764
1160   180   0.0078597
1400   555   0.0091118
300.0   160.0   0.0002211
520   300   0.0004944
920   150   0.0113728
640   60   0.0056209
680   510   0.0001656
1320   480   0.0099000
1080   420   0.0094707
800   240   0.0060389
1320.0   630.0   0.0093607
920   270   0.0094103
1520   675   0.0085092
1120   570   0.0067352
1040   600   0.0030839
1360.0   300.0   0.0053224
250.0   240.0   0.0000326
760   375   0.0021997
760   510   0.0004923
1480   105   0.0023826
1240.0   120.0   0.0057415
1040   630   0.0020273
800   390   0.0029179
660.0   612.0   0.0001280
800.0   690.0   0.0001821
680   630   0.0001649
1200   300   0.0083050
1080   705   0.0017588
350.0   80.0   0.0003498
1000   360   0.0096042
1040   660   0.0019220
60.0   18.0   0.0000000
1360   255   0.0053270
480   90   0.0021060
760   330   0.0033431
840   480   0.0018287
1360   330   0.0059532
1000   540   0.0037268
560   300   0.0006250
720   420   0.0010076
1080   240   0.0099150
680.0   660.0   0.0000922
1360   105   0.0034512
920   90   0.0110337
1080   60   0.0083731
1560   90   0.0017602
1200   525   0.0096014
800   60   0.0113904
1400   315   0.0051059
640   480   0.0002026
1240.0   600.0   0.0091558
400   30   0.0011589
200.0   0.0   0.0000462
840   630   0.0003079
1600   705   0.0074204
680   30   0.0080657
100.0   80.0   0.0000000
1600   495   0.0042645
960   570   0.0021992
1000   120   0.0101019
1560   390   0.0036485
640   90   0.0057527
880.0   690.0   0.0001984
1360.0   690.0   0.0089544
600   30   0.0057990
720.0   630.0   0.0002003
1320.0   390.0   0.0077088
1240   390   0.0101502
1600   375   0.0031711
800   0   0.0115131
720   90   0.0082752
1240   480   0.0101053
640   150   0.0045456
1320   90   0.0041977
1440   150   0.0032196
1400   135   0.0031290
1400   435   0.0066564
1240.0   210.0   0.0064253
640   360   0.0010057
1600   195   0.0016558
560   270   0.0012391
800.0   660.0   0.0001833
1000   270   0.0099148
800.0   600.0   0.0002719
880   120   0.0106767
800   330   0.0045054
800   210   0.0075053
1000   240   0.0110888
1080   450   0.0094221
760   90   0.0093785
720.0   570.0   0.0003104
760   150   0.0075035
1200   360   0.0096282
1360   750   0.0075246
1560   630   0.0078184
1000   690   0.0008356
760   600   0.0002748
1280   360   0.0080106
480   120   0.0015974
1040   240   0.0109309
300.0   288.0   0.0000000
1240   300   0.0086528
520   480   0.0001101
960.0   660.0   0.0005683
440   60   0.0013376
1280.0   600.0   0.0090798
1240   30   0.0048828
1520   315   0.0032956
1240   420   0.0094357
960   330   0.0086432
1360   420   0.0078278
300.0   252.0   0.0000508
1280   30   0.0047213
640   180   0.0035792
1040   60   0.0096571
960   240   0.0104793
840   525   0.0011603
920   705   0.0002158
1280.0   450.0   0.0097907
1280   0   0.0039082
1040   150   0.0097667
840   450   0.0020991
1040   510   0.0058191
150.0   40.0   0.0000142
1000   60   0.0101874
800   480   0.0012363
1200   750   0.0031474
1080   90   0.0087530
840   660   0.0002171
920   675   0.0004296
1240.0   570.0   0.0096418
760   30   0.0106784
480   330   0.0002551
960   540   0.0024514
1440   630   0.0096456
400   270   0.0001779
720.0   510.0   0.0005315
1160.0   270.0   0.0091740
1240   60   0.0048008
680   420   0.0008822
520   240   0.0008977
760.0   180.0   0.0072595
150.0   80.0   0.0000426
880   450   0.0031052
840   60   0.0113203
480.0   468.0   0.0000549
800   150   0.0094027
720.0   702.0   0.0001469
560   90   0.0027764
720.0   660.0   0.0001836
1120   270   0.0090436
480   270   0.0005480
1040   210   0.0103543
960   750   0.0002143
880   90   0.0115046
1200   60   0.0060912
840   180   0.0091419
1200   450   0.0103695
1040   270   0.0102037
800   120   0.0100248
1400   615   0.0097651
560   120   0.0031925
640   120   0.0047088
1520   615   0.0082012
720   210   0.0055414
60.0   54.0   0.0000000
1200   210   0.0082919
840.0   120.0   0.0101828
1360.0   450.0   0.0078703
800   30   0.0110733
1320.0   240.0   0.0057657
1280.0   510.0   0.0106629
1240.0   690.0   0.0063030
1040   300   0.0108814
1520   435   0.0047366
1160   750   0.0019057
600   90   0.0044012
1000   300   0.0100701
640   210   0.0032307
1600   315   0.0024587
1200.0   690.0   0.0050809
1280   60   0.0047074
440   150   0.0008314
400.0   200.0   0.0003746
1560   690   0.0081935
350.0   0.0   0.0004907
720   180   0.0057668
1000   30   0.0101123
1000   450   0.0060258
1280   240   0.0068368
1160.0   300.0   0.0093537
660.0   648.0   0.0000918
760   465   0.0011685
1440   210   0.0032682
1080   270   0.0097848
1080   300   0.0102207
1080   180   0.0096813
1000   90   0.0095280
350.0   160.0   0.0002800
1160.0   360.0   0.0103958
840   30   0.0121007
560   510   0.0001653
560   450   0.0001656
1520   375   0.0043521
560   420   0.0001655
1160.0   570.0   0.0076833
440   180   0.0005797
1040   0   0.0085544
520   0   0.0033605
1440   330   0.0048210
1480   225   0.0027837
1480   645   0.0094111
1200   645   0.0063925
1120   330   0.0104727
1080   495   0.0075916
1160   0   0.0061255
960   180   0.0113707
1120   210   0.0094513
760.0   690.0   0.0001284
350.0   280.0   0.0000524
1040   570   0.0041869
880   240   0.0090341
1240   330   0.0089971
300.0   40.0   0.0002046
1120   525   0.0075296
920   360   0.0070829
1360.0   150.0   0.0039574
520   120   0.0021620
1040   360   0.0102124
680   600   0.0002386
1320   300   0.0060524
680   570   0.0003123
600   150   0.0032706
520   90   0.0025465
1320   540   0.0096411
1600   135   0.0016892
720.0   666.0   0.0000732
600   360   0.0005877
480   150   0.0014281
200.0   40.0   0.0000461
680   0   0.0079237
800   450   0.0014874
920   180   0.0111472
1320   150   0.0045435
1040   30   0.0086181
840   330   0.0050868
1400   75   0.0032813
800   270   0.0055689
1520   195   0.0024778
640   510   0.0001833
960   450   0.0053777
880   600   0.0007597
1520   135   0.0021900
1040   90   0.0093422
840   570   0.0006175
1600   255   0.0021588
1480   405   0.0051602
400   90   0.0007140
1560   30   0.0017064
720.0   600.0   0.0002930
1120.0   0.0   0.0076840
