600.825471698  245.341614907
798.113207547  442.772422751
834.433962264  471.704216962
904.599056604  487.128403453
900.471698113  487.134507207
902.948113208  487.130844955
901.297169811  487.133286457
902.122641509  488.167262393
973.938679245  499.448220634
1008.60849057  500.432145787
1042.45283019  490.03012813
1077.94811321  468.23850541
1112.61792453  427.814563069
1132.42924528  390.518184304
1160.49528302  321.118500723
1179.48113208  246.556261963
1179.48113208  202.042804406
1187.73584906  91.2645513497
1187.73584906  75.7366010391
1191.03773585  -0.872836829564
