     500.00           1.00   0.00392
     500.00          50.00   0.00281
     500.00         100.00   0.00208
     500.00         145.00   0.0009
     550.00           1.00   0.0051
     550.00          50.00   0.00477
     550.00         100.00   0.00321
     550.00         150.00   0.00172
     550.00         195.00   0.00117
     600.00           1.00   0.00747
     600.00          50.00   0.0069
     600.00         100.00   0.00593
     600.00         150.00   0.00413
     600.00         200.00   0.00241
     600.00         245.00   0.00163
     650.00           1.00   0.00918
     650.00          50.00   0.00967
     650.00         100.00   0.00759
     650.00         150.00   0.00629
     650.00         200.00   0.00483
     650.00         250.00   0.00334
     650.00         295.00   0.00179
     700.00           1.00   0.01088
     700.00          50.00   0.01063
     700.00         100.00   0.00973
     700.00         150.00   0.00817
     700.00         200.00   0.00681
     700.00         250.00   0.00451
     700.00         300.00   0.00326
     700.00         345.00   0.00131
     750.00           1.00   0.01206
     750.00          50.00   0.01187
     750.00         100.00   0.01132
     750.00         150.00   0.00949
     750.00         200.00   0.00845
     750.00         250.00   0.00684
     750.00         300.00   0.00555
     750.00         350.00   0.00446
     750.00         395.00   0.00151
     800.00           1.00   0.01349
     800.00          50.00   0.01335
     800.00         100.00   0.01385
     800.00         150.00   0.01313
     800.00         200.00   0.01139
     800.00         250.00   0.0099
     800.00         300.00   0.00776
     800.00         350.00   0.00539
     800.00         400.00   0.00351
     800.00         445.00   0.00202
     850.00           1.00   0.015
     850.00          50.00   0.01647
     850.00         100.00   0.01465
     850.00         150.00   0.01394
     850.00         200.00   0.01301
     850.00         250.00   0.01358
     850.00         300.00   0.0103
     850.00         350.00   0.00626
     850.00         400.00   0.00659
     850.00         450.00   0.00388
     850.00         495.00   0.00173
     900.00           1.00   0.01696
     900.00          50.00   0.01675
     900.00         100.00   0.01547
     900.00         150.00   0.01599
     900.00         200.00   0.01393
     900.00         250.00   0.01375
     900.00         300.00   0.01136
     900.00         350.00   0.01076
     900.00         400.00   0.00839
     900.00         450.00   0.00574
     900.00         500.00   0.00388
     900.00         545.00   0.00239
     950.00           1.00   0.01761
     950.00          50.00   0.01626
     950.00         100.00   0.01563
     950.00         150.00   0.01559
     950.00         200.00   0.01719
     950.00         250.00   0.01443
     950.00         300.00   0.01243
     950.00         350.00   0.01312
     950.00         400.00   0.00973
     950.00         450.00   0.00957
     950.00         500.00   0.00625
     950.00         550.00   0.0039
     950.00         595.00   0.00184
    1000.00           1.00   0.01812
    1000.00          50.00   0.01706
    1000.00         100.00   0.01904
    1000.00         150.00   0.01499
    1000.00         200.00   0.01755
    1000.00         250.00   0.01517
    1000.00         300.00   0.015
    1000.00         350.00   0.01206
    1000.00         400.00   0.01267
    1000.00         450.00   0.01086
    1000.00         500.00   0.00815
    1000.00         550.00   0.00649
    1000.00         600.00   0.0042
    1000.00         645.00   0.00181
    1050.00           1.00   0.01856
    1050.00          50.00   0.01727
    1050.00         100.00   0.01866
    1050.00         150.00   0.01826
    1050.00         200.00   0.01701
    1050.00         250.00   0.01519
    1050.00         300.00   0.01648
    1050.00         350.00   0.01579
    1050.00         400.00   0.01468
    1050.00         450.00   0.01376
    1050.00         500.00   0.0105
    1050.00         550.00   0.00868
    1050.00         600.00   0.00579
    1050.00         650.00   0.00364
    1050.00         695.00   0.00208
    1100.00           1.00   0.01937
    1100.00          50.00   0.02007
    1100.00         100.00   0.01985
    1100.00         150.00   0.02534
    1100.00         200.00   0.01859
    1100.00         250.00   0.01582
    1100.00         300.00   0.01693
    1100.00         350.00   0.01768
    1100.00         400.00   0.01525
    1100.00         450.00   0.01583
    1100.00         500.00   0.01278
    1100.00         550.00   0.00997
    1100.00         600.00   0.00864
    1100.00         650.00   0.00605
    1100.00         700.00   0.00369
    1100.00         745.00   0.00212
    1150.00           1.00   0.01795
    1150.00          50.00   0.02172
    1150.00         100.00   0.01995
    1150.00         150.00   0.01804
    1150.00         200.00   0.02026
    1150.00         250.00   0.01864
    1150.00         300.00   0.01846
    1150.00         350.00   0.01581
    1150.00         400.00   0.01619
    1150.00         450.00   0.01476
    1150.00         500.00   0.01508
    1150.00         550.00   0.01389
    1150.00         600.00   0.01131
    1150.00         650.00   0.00803
    1150.00         700.00   0.00603
    1150.00         750.00   0.00412
    1150.00         795.00   0.00204
    1200.00           1.00   0.02139
    1200.00          50.00   0.02219
    1200.00         100.00   0.01997
    1200.00         150.00   0.02221
    1200.00         200.00   0.02033
    1200.00         250.00   0.01907
    1200.00         300.00   0.01988
    1200.00         350.00   0.01885
    1200.00         400.00   0.01815
    1200.00         450.00   0.01747
    1200.00         500.00   0.01632
    1200.00         550.00   0.013
    1200.00         600.00   0.0127
    1200.00         650.00   0.00952
    1200.00         700.00   0.0084
    1200.00         750.00   0.00613
    1200.00         800.00   0.00363
    1200.00         845.00   0.00228
    1250.00           1.00   0.02284
    1250.00          50.00   0.02223
    1250.00         100.00   0.02096
    1250.00         150.00   0.0202
    1250.00         200.00   0.02093
    1250.00         250.00   0.02331
    1250.00         300.00   0.0193
    1250.00         350.00   0.01907
    1250.00         400.00   0.01811
    1250.00         450.00   0.01775
    1250.00         500.00   0.01767
    1250.00         550.00   0.01611
    1250.00         600.00   0.01512
    1250.00         650.00   0.01181
    1250.00         700.00   0.01057
    1250.00         750.00   0.01001
    1250.00         800.00   0.00564
    1250.00         850.00   0.0027
    1250.00         895.00   0.00176
    1300.00           1.00   0.02328
    1300.00          50.00   0.02397
    1300.00         100.00   0.02209
    1300.00         150.00   0.02135
    1300.00         200.00   0.02012
    1300.00         250.00   0.01879
    1300.00         300.00   0.02091
    1300.00         350.00   0.02094
    1300.00         400.00   0.01941
    1300.00         450.00   0.01854
    1300.00         500.00   0.01822
    1300.00         550.00   0.01612
    1300.00         600.00   0.01611
    1300.00         650.00   0.01335
    1300.00         700.00   0.01356
    1300.00         750.00   0.00983
    1300.00         800.00   0.00851
    1300.00         850.00   0.00645
    1300.00         900.00   0.00273
    1300.00         945.00   0.0024
    1350.00           1.00   0.02366
    1350.00          50.00   0.022
    1350.00         100.00   0.02353
    1350.00         150.00   0.02158
    1350.00         200.00   0.02207
    1350.00         250.00   0.02498
    1350.00         300.00   0.02232
    1350.00         350.00   0.02299
    1350.00         400.00   0.0191
    1350.00         450.00   0.0224
    1350.00         500.00   0.01936
    1350.00         550.00   0.02003
    1350.00         600.00   0.01818
    1350.00         650.00   0.01598
    1350.00         700.00   0.01388
    1350.00         750.00   0.0136
    1350.00         800.00   0.01063
    1350.00         850.00   0.00679
    1350.00         900.00   0.00525
    1350.00         950.00   0.00296
    1350.00         995.00   0.00163
    1400.00           1.00   0.02431
    1400.00          50.00   0.02614
    1400.00         100.00   0.0234
    1400.00         150.00   0.0243
    1400.00         200.00   0.02437
    1400.00         250.00   0.02073
    1400.00         300.00   0.02154
    1400.00         350.00   0.02158
    1400.00         400.00   0.02123
    1400.00         450.00   0.02002
    1400.00         500.00   0.01992
    1400.00         550.00   0.0182
    1400.00         600.00   0.01777
    1400.00         650.00   0.01706
    1400.00         700.00   0.01646
    1400.00         750.00   0.01507
    1400.00         800.00   0.01171
    1400.00         850.00   0.01113
    1400.00         900.00   0.00825
    1400.00         950.00   0.00526
    1400.00        1000.00   0.00308
    1400.00        1045.00   0.0013
    1450.00           1.00   0.02553
    1450.00          50.00   0.02491
    1450.00         100.00   0.02489
    1450.00         150.00   0.02648
    1450.00         200.00   0.02355
    1450.00         250.00   0.02287
    1450.00         300.00   0.02504
    1450.00         350.00   0.02194
    1450.00         400.00   0.02205
    1450.00         450.00   0.02197
    1450.00         500.00   0.02099
    1450.00         550.00   0.02166
    1450.00         600.00   0.0183
    1450.00         650.00   0.0196
    1450.00         700.00   0.01745
    1450.00         750.00   0.01791
    1450.00         800.00   0.0156
    1450.00         850.00   0.01217
    1450.00         900.00   0.01054
    1450.00         950.00   0.00788
    1450.00        1000.00   0.00546
    1450.00        1050.00   0.00329
    1450.00        1095.00   0.00157
    1500.00           1.00   0.02588
    1500.00         100.00   0.02711
    1500.00         200.00   0.02347
    1500.00         300.00   0.02404
    1500.00         400.00   0.0215
    1500.00         500.00   0.02062
    1500.00         600.00   0.01939
    1500.00         700.00   0.01885
    1500.00         800.00   0.01669
    1500.00         900.00   0.01395
    1500.00        1000.00   0.00939
    1500.00        1100.00   0.00236
    1600.00           1.00   0.0238
    1600.00         100.00   0.02738
    1600.00         200.00   0.02652
    1600.00         300.00   0.02921
    1600.00         400.00   0.0241
    1600.00         500.00   0.02678
    1600.00         600.00   0.0202
    1600.00         700.00   0.02053
    1600.00         800.00   0.01608
    1600.00         900.00   0.01669
    1600.00        1000.00   0.01348
    1600.00        1100.00   0.00809
    1600.00        1200.00   0.00303
    1700.00           1.00   0.0316
    1700.00         100.00   0.02795
    1700.00         200.00   0.03263
    1700.00         300.00   0.02253
    1700.00         400.00   0.02489
    1700.00         500.00   0.02502
    1700.00         600.00   0.02674
    1700.00         700.00   0.02496
    1700.00         800.00   0.01877
    1700.00         900.00   0.01735
    1700.00        1000.00   0.01473
    1700.00        1100.00   0.01193
    1700.00        1200.00   0.00868
    1700.00        1300.00   0.00252
    1800.00           1.00   0.03193
    1800.00         100.00   0.03099
    1800.00         200.00   0.02934
    1800.00         300.00   0.02829
    1800.00         400.00   0.02675
    1800.00         500.00   0.02782
    1800.00         600.00   0.02324
    1800.00         700.00   0.02139
    1800.00         800.00   0.02054
    1800.00         900.00   0.02394
    1800.00        1000.00   0.01899
    1800.00        1100.00   0.01691
    1800.00        1200.00   0.0115
    1800.00        1300.00   0.00798
    1800.00        1400.00   0.00283
    1900.00           1.00   0.03134
    1900.00         100.00   0.035
    1900.00         200.00   0.03055
    1900.00         300.00   0.027
    1900.00         400.00   0.02782
    1900.00         500.00   0.02647
    1900.00         600.00   0.02471
    1900.00         700.00   0.02741
    1900.00         800.00   0.0248
    1900.00         900.00   0.02401
    1900.00        1000.00   0.02099
    1900.00        1100.00   0.01759
    1900.00        1200.00   0.01557
    1900.00        1300.00   0.01313
    1900.00        1400.00   0.00639
    1900.00        1500.00   0.00173
