       500            1   0.00476462
       500           50   0.00419129
       500          100   0.00214254
       500          145   0.00103457
       550            1   0.00824766
       550           50   0.00700648
       550          100   0.00480987
       550          150   0.00246968
       550          195   0.00159131
       600            1   0.0130638
       600           50   0.011922
       600          100   0.0100781
       600          150   0.00662842
       600          200   0.00324952
       600          245   0.00203125
       650            1   0.0178724
       650           50   0.0161025
       650          100   0.0144089
       650          150   0.0114308
       650          200   0.00706457
       650          250   0.00405111
       650          295   0.00200449
       700            1   0.0242675
       700           50   0.0253018
       700          100   0.02194
       700          150   0.0187041
       700          200   0.0114168
       700          250   0.00816882
       700          300   0.00405823
       700          345   0.00143972
       750            1   0.0327978
       750           50   0.0336197
       750          100   0.0289561
       750          150   0.0241264
       750          200   0.0186386
       750          250   0.0132581
       750          300   0.00823407
       750          350   0.00456455
       750          395   0.00233879
       800            1   0.0409887
       800           50   0.0408241
       800          100   0.0370854
       800          150   0.0320051
       800          200   0.0257955
       800          250   0.0187741
       800          300   0.0131141
       800          350   0.00962528
       800          400   0.00477268
       800          445   0.0023806
       850            1   0.0502352
       850           50   0.0489389
       850          100   0.0452139
       850          150   0.0405144
       850          200   0.034194
       850          250   0.0275703
       850          300   0.0196981
       850          350   0.0149061
       850          400   0.00861677
       850          450   0.00526959
       850          495   0.00247436
       900            1   0.0586785
       900           50   0.0587759
       900          100   0.056558
       900          150   0.0497505
       900          200   0.0438545
       900          250   0.0361441
       900          300   0.0285745
       900          350   0.0220333
       900          400   0.0142265
       900          450   0.00790506
       900          500   0.00459541
       900          545   0.00210894
       950            1   0.0685641
       950           50   0.063367
       950          100   0.0648742
       950          150   0.0569842
       950          200   0.0532346
       950          250   0.0451008
       950          300   0.0384306
       950          350   0.029386
       950          400   0.0214839
       950          450   0.014121
       950          500   0.00810411
       950          550   0.00526415
       950          595   0.0022447
      1000            1   0.0759834
      1000           50   0.0691911
      1000          100   0.0734778
      1000          150   0.0675926
      1000          200   0.0626814
      1000          250   0.0559843
      1000          300   0.0476701
      1000          350   0.0406038
      1000          400   0.0304546
      1000          450   0.0212507
      1000          500   0.0142196
      1000          550   0.00874095
      1000          600   0.00465206
      1000          645   0.00240074
      1050            1   0.0824726
      1050           50   0.077665
      1050          100   0.0812469
      1050          150   0.0744103
      1050          200   0.0723448
      1050          250   0.0676429
      1050          300   0.0585949
      1050          350   0.0482142
      1050          400   0.0405155
      1050          450   0.0301495
      1050          500   0.0218842
      1050          550   0.0126846
      1050          600   0.00820699
      1050          650   0.00376608
      1050          695   0.0018941
      1100            1   0.0886602
      1100           50   0.0882955
      1100          100   0.0881078
      1100          150   0.0834931
      1100          200   0.0804362
      1100          250   0.0741274
      1100          300   0.0693565
      1100          350   0.0596208
      1100          400   0.0512142
      1100          450   0.0392708
      1100          500   0.0315192
      1100          550   0.0214941
      1100          600   0.0141273
      1100          650   0.00878374
      1100          700   0.00400998
      1100          745   0.00193435
      1150            1   0.0951151
      1150           50   0.101739
      1150          100   0.0932471
      1150          150   0.0894722
      1150          200   0.0892301
      1150          250   0.0835028
      1150          300   0.0786507
      1150          350   0.0686494
      1150          400   0.0596674
      1150          450   0.0499295
      1150          500   0.0422665
      1150          550   0.0337261
      1150          600   0.0212054
      1150          650   0.0138581
      1150          700   0.00758236
      1150          750   0.00432423
      1150          795   0.00227138
      1200            1   0.102995
      1200           50   0.0978304
      1200          100   0.099147
      1200          150   0.0995841
      1200          200   0.0968779
      1200          250   0.0936582
      1200          300   0.0877361
      1200          350   0.080673
      1200          400   0.068049
      1200          450   0.0656003
      1200          500   0.0523153
      1200          550   0.0399478
      1200          600   0.0308382
      1200          650   0.0227026
      1200          700   0.0132531
      1200          750   0.00964417
      1200          800   0.00377363
      1200          845   0.0016937
      1250            1   0.106432
      1250           50   0.102735
      1250          100   0.107123
      1250          150   0.106668
      1250          200   0.103966
      1250          250   0.0937386
      1250          300   0.0931582
      1250          350   0.0862025
      1250          400   0.081276
      1250          450   0.0701747
      1250          500   0.0645729
      1250          550   0.0491406
      1250          600   0.0413937
      1250          650   0.0291714
      1250          700   0.0216596
      1250          750   0.0133249
      1250          800   0.0071862
      1250          850   0.00383064
      1250          895   0.00191493
      1300            1   0.111768
      1300           50   0.110227
      1300          100   0.112817
      1300          150   0.110357
      1300          200   0.10909
      1300          250   0.106767
      1300          300   0.100916
      1300          350   0.0989693
      1300          400   0.0889592
      1300          450   0.0840253
      1300          500   0.0724206
      1300          550   0.0609008
      1300          600   0.0531329
      1300          650   0.00470919
      1300          700   0.0307302
      1300          750   0.0218764
      1300          800   0.0135405
      1300          850   0.00764291
      1300          900   0.0038108
      1300          945   0.00127904
      1350            1   0.115499
      1350           50   0.115973
      1350          100   0.114632
      1350          150   0.115558
      1350          200   0.111416
      1350          250   0.108945
      1350          300   0.104849
      1350          350   0.103705
      1350          400   0.093708
      1350          450   0.0871039
      1350          500   0.082611
      1350          550   0.0744061
      1350          600   0.063107
      1350          650   0.0518783
      1350          700   0.0416508
      1350          750   0.0297228
      1350          800   0.0206729
      1350          850   0.010781
      1350          900   0.00722013
      1350          950   0.00284632
      1350          995   0.00154596
      1400            1   0.116894
      1400           50   0.116956
      1400          100   0.119322
      1400          150   0.118676
      1400          200   0.117184
      1400          250   0.115476
      1400          300   0.111913
      1400          350   0.11034
      1400          400   0.10149
      1400          450   0.0965034
      1400          500   0.0907691
      1400          550   0.086423
      1400          600   0.0752704
      1400          650   0.0667662
      1400          700   0.0532386
      1400          750   0.042378
      1400          800   0.0308166
      1400          850   0.0196269
      1400          900   0.0122973
      1400          950   0.00767779
      1400         1000   0.00340796
      1400         1045   0.00146272
      1450            1   0.122919
      1450           50   0.121802
      1450          100   0.122906
      1450          150   0.126528
      1450          200   0.122534
      1450          250   0.122089
      1450          300   0.114661
      1450          350   0.113984
      1450          400   0.108675
      1450          450   0.109353
      1450          500   0.0993432
      1450          550   0.094436
      1450          600   0.0859867
      1450          650   0.0745647
      1450          700   0.0658812
      1450          750   0.0488385
      1450          800   0.0391998
      1450          850   0.0282778
      1450          900   0.0204026
      1450          950   0.0127242
      1450         1000   0.00700779
      1450         1050   0.00282844
      1450         1095   0.0013406
      1500            1   0.124481
      1500          100   0.130852
      1500          200   0.122484
      1500          300   0.119625
      1500          400   0.112931
      1500          500   0.100659
      1500          600   0.0935864
      1500          700   0.0768415
      1500          800   0.0550488
      1500          900   0.0261288
      1500         1000   0.011675
      1500         1100   0.00353955
      1600            1   0.132139
      1600          100   0.132623
      1600          200   0.127488
      1600          300   0.126103
      1600          400   0.116981
      1600          500   0.118329
      1600          600   0.106592
      1600          700   0.0951057
      1600          800   0.0788897
      1600          900   0.0511254
      1600         1000   0.0278791
      1600         1100   0.0108622
      1600         1200   0.00265235
      1700            1   0.129109
      1700          100   0.133439
      1700          200   0.133437
      1700          300   0.132986
      1700          400   0.132769
      1700          500   0.124086
      1700          600   0.118028
      1700          700   0.112735
      1700          800   0.100559
      1700          900   0.0694362
      1700         1000   0.0526666
      1700         1100   0.0277584
      1700         1200   0.00967216
      1700         1300   0.00273904
      1800            1   0.138248
      1800          100   0.136129
      1800          200   0.13221
      1800          300   0.132964
      1800          400   0.11278
      1800          500   0.131263
      1800          600   0.122796
      1800          700   0.123653
      1800          800   0.111945
      1800          900   0.0951934
      1800         1000   0.0752756
      1800         1100   0.0459288
      1800         1200   0.0255112
      1800         1300   0.0087108
      1800         1400   0.00213963
      1900            1   0.137729
      1900          100   0.140813
      1900          200   0.104012
      1900          300   0.138217
      1900          400   0.132947
      1900          500   0.1331
      1900          600   0.129951
      1900          700   0.130302
      1900          800   0.122854
      1900          900   0.112463
      1900         1000   0.099273
      1900         1100   0.0746958
      1900         1200   0.0531174
      1900         1300   0.026194
      1900         1400   0.00813279
      1900         1500   0.0020288
