408.1591121170607  290.1840490797547
424.3527508090615  299.3865030674847
438.9381936585462  315.95092024539895
457.56522127583537  329.75460122699405
487.5315186530863  352.76073619631916
510.2075763893025  369.3251533742332
529.6399428197034  380.36809815950926
547.454186272758  391.41104294478555
570.1203168741438  400.61349693251543
596.0226934302221  409.81595092024554
618.6863422479004  417.1779141104296
636.4906585661247  420.8588957055217
652.6842972581253  430.0613496932518
668.8704905990033  433.74233128834373
702.8709273929359  448.46625766871193
723.9263803680982  463.19018404908
753.0674846625767  474.233128834356
778.9698612186552  483.4355828220861
809.7191613556496  487.11656441717815
846.9335080509064  485.2760736196322
876.049794508309  477.9141104294481
903.5479579883655  470.55214723926406
932.6443901761074  448.46625766871205
950.4263704409633  435.5828220858899
968.2033871384042  419.01840490797576
985.967994917307  393.2515337423316
1000.5062838763477  374.8466257668714
1008.5571902237576  345.39877300613523
1023.0905156153832  323.3128834355831
1037.6362499255465  310.429447852761
1055.42071197411  299.3865030674849
1071.5870510453274  288.34355828220885
1082.8940576170905  273.61963190184076
1095.8117418150773  253.3742331288346
1105.490698274664  231.28834355828246
1115.1597275994202  201.8404907975463
1123.2106339468303  172.39263803681013
1131.2565767268252  139.26380368098194
1131.221831754919  113.49693251533768
1132.8101733277742  91.41104294478566
1127.921059423829  65.6441717791414
1111.7199753807056  50.920245398773204
1101.9889014632597  34.355828220859166
1080.9408938392203  25.153374233129057