# MassX , MassY , Eff*Acc  
450 50 1.079e-05
450 150 7.68e-06
500 0 0.0001065
500 50 3.415e-05
500 100 7.2e-06
550 250 3.86e-06
600 0 0.00012
600 50 0.0001146
600 100 9.708e-05
600 200 6.128e-05
600 250 1.565e-05
600 300 2.283e-05
650 0 0.0001575
650 50 0.00017094
650 100 0.00011172
650 200 6.426e-05
650 250 8.148e-05
650 300 4.648e-05
650 350 2.499e-05
650 400 5.62e-06
700 0 0.0001863
700 50 0.0002509
700 100 0.00020225
700 200 0.00017765
700 250 7.344e-05
700 300 5.28e-05
700 350 5.068e-05
700 400 1.11e-06
750 0 0.0002856
750 50 0.0002534
750 100 0.00020823
750 200 0.0001711
750 250 0.00016236
750 300 0.0001326
750 350 7.878e-05
750 400 9.981e-05
750 450 6.415e-05
750 500 7.42e-06
800 0 0.000304
800 50 0.0002492
800 100 0.00026372
800 200 0.00020128
800 250 0.00021616
800 300 0.000173
800 350 0.0001304
800 400 0.000138
800 450 4.086e-05
800 500 3.79e-05
800 550 1.168e-05
850 0 0.0003375
850 50 0.00035865
850 100 0.0003381
850 200 0.0003276
850 300 0.00022902
850 400 0.00023016
850 500 9.317e-05
850 600 3.057e-05
900 0 0.0002805
900 200 0.00028529
900 400 0.00021607
900 600 2.22e-05
