# SR SR22_HighPt Gluino , Neutralino , Acc 
25 0 0.0
50 0 0.0
50 25 0.0
75 0 0.0
75 25 0.0
75 50 0.0
100 0 0.0
100 25 0.0
100 50 0.0
100 75 0.0
125 0 0.0
125 25 0.0
125 50 0.0
125 75 0.0
125 100 0.0
150 0 0.0
150 25 0.0
150 50 0.0
150 75 0.0
150 100 0.0
150 125 0.0
175 0 0.0
175 25 0.0
175 50 0.0
175 75 0.0
175 100 0.0
175 125 0.0
175 150 0.0
200 0 0.0
200 25 0.0
200 50 0.0
200 75 0.0
200 100 0.0
200 125 0.0
200 150 0.0
200 175 0.0
225 0 0.0
225 25 0.0
225 50 0.0
225 75 0.0
225 100 0.0
225 125 0.0
225 150 0.0
225 175 0.0
225 200 0.0
250 0 0.0
250 25 0.0
250 50 0.0
250 75 0.0
250 100 0.0
250 125 0.0
250 150 0.0
250 175 0.0
250 200 0.0
250 225 0.0
275 0 0.0
275 25 0.0
275 50 0.0
275 75 0.0
275 100 0.0
275 125 0.0
275 150 0.0
275 175 0.0
275 200 0.0
275 225 0.0
275 250 0.0
300 0 0.0
300 25 0.0
300 50 0.0
300 75 0.0
300 100 0.0
300 125 0.0
300 150 0.0
300 175 0.0
300 200 0.0
300 225 0.0
300 250 0.0
300 275 0.0
325 0 0.0
325 25 0.0
325 50 0.0
325 75 0.0
325 100 0.0
325 125 0.0
325 150 0.0
325 175 0.0
325 200 0.0
325 225 0.0
325 250 0.0
325 275 0.0
325 300 0.0
350 0 0.0
350 25 0.0
350 50 0.0
350 75 0.0
350 100 0.0
350 125 0.0
350 150 0.0
350 175 0.0
350 200 0.0
350 225 0.0
350 250 0.0
350 275 0.0
350 300 0.0
350 325 0.0
375 0 0.0
375 25 0.0
375 50 0.0
375 75 0.0
375 100 0.0
375 125 0.0
375 150 0.0
375 175 0.0
375 200 0.0
375 225 0.0
375 250 0.0
375 275 0.0
375 300 0.0
375 325 0.0
375 350 0.0
400 0 0.00011477897943
400 25 6.81622879476e-05
400 50 4.88745803995e-05
400 75 2.95868728514e-05
400 100 3.05050888181e-05
400 125 3.14233047848e-05
400 150 0.0
400 175 0.0
400 200 0.0
400 225 0.0
400 250 0.0
400 275 0.0
400 300 0.0
400 325 0.0
400 350 0.0
400 375 0.0
425 0 0.000117570565058
425 25 8.06196312209e-05
425 50 6.49362548916e-05
425 75 4.92528785624e-05
425 100 4.69151782238e-05
425 125 4.45774778852e-05
425 150 4.3286740677e-05
425 175 0.0
425 200 0.0
425 225 0.0
425 250 0.0
425 275 0.0
425 300 0.0
425 325 0.0
425 350 0.0
425 375 0.0
425 400 0.0
450 0 0.000120362150686
450 25 9.30769744942e-05
450 50 8.09979293838e-05
450 75 6.89188842734e-05
450 100 6.33252676295e-05
450 125 5.77316509856e-05
450 150 4.3286740677e-05
450 175 2.88418303683e-05
450 200 2.25023222699e-05
450 225 0.0
450 250 0.0
450 275 0.0
450 300 0.0
450 325 0.0
450 350 0.0
450 375 0.0
450 400 0.0
450 425 0.0
475 0 0.000117044527158
475 25 8.01195345044e-05
475 50 7.29536127726e-05
475 75 6.57876910408e-05
475 100 6.83789167064e-05
475 125 7.0970142372e-05
475 150 5.65804479875e-05
475 175 4.2190753603e-05
475 200 3.08153176427e-05
475 225 1.94398816824e-05
475 250 0.0
475 275 0.0
475 300 0.0
475 325 0.0
475 350 0.0
475 375 0.0
475 400 0.0
475 425 0.0
475 450 0.0
500 0 0.00011372690363
500 25 6.71620945147e-05
500 50 6.49092961615e-05
500 75 6.26564978083e-05
500 100 7.34325657833e-05
500 125 8.42086337583e-05
500 150 6.9874155298e-05
500 175 5.55396768376e-05
500 200 3.91283130154e-05
500 225 2.27169491933e-05
500 250 2.27169491933e-05
500 275 0.0
500 300 0.0
500 325 0.0
500 350 0.0
500 375 0.0
500 400 0.0
500 425 0.0
500 450 0.0
500 475 0.0
525 0 0.000108167184666
525 25 0.000108226479154
525 50 9.44254227596e-05
525 75 8.06243663653e-05
525 100 7.85679447091e-05
525 125 7.6511523053e-05
525 150 5.936467144e-05
525 175 4.22178198271e-05
525 200 4.4599287275e-05
525 225 4.69807547229e-05
525 250 7.01884217393e-05
525 275 6.96603524827e-05
525 300 0.0
525 325 0.0
525 350 0.0
525 375 0.0
525 400 0.0
525 425 0.0
525 450 0.0
525 475 0.0
525 500 0.0
550 0 0.000102607465703
550 25 0.000149290863793
550 50 0.000123941549358
550 75 9.85922349224e-05
550 100 8.3703323635e-05
550 125 6.88144123476e-05
550 150 4.88551875821e-05
550 175 2.88959628167e-05
550 200 5.00702615346e-05
550 225 7.12445602524e-05
550 250 7.01884217393e-05
550 275 6.91322832261e-05
550 300 6.91322832261e-05
550 325 0.0
550 350 0.0
550 375 0.0
550 400 0.0
550 425 0.0
550 450 0.0
550 475 0.0
550 500 0.0
550 525 0.0
575 0 0.000106466496495
575 25 0.000110123625387
575 50 0.000104630468872
575 75 9.91373123576e-05
575 100 8.03299643213e-05
575 125 6.15226162851e-05
575 150 5.38535263119e-05
575 175 4.61844363387e-05
575 200 5.61751256224e-05
575 225 6.61658149061e-05
575 250 5.99425129974e-05
575 275 5.37192110886e-05
575 300 3.44861263493e-05
575 325 3.25761200484e-05
575 350 0.0
575 375 0.0
575 400 0.0
575 425 0.0
575 450 0.0
575 475 0.0
575 500 0.0
575 525 0.0
575 550 0.0
600 0 0.000110325527288
600 25 7.09563869809e-05
600 50 8.53193883868e-05
600 75 9.96823897928e-05
600 100 7.69566050077e-05
600 125 5.42308202226e-05
600 150 5.88518650417e-05
600 175 6.34729098608e-05
600 200 6.22799897103e-05
600 225 6.10870695599e-05
600 250 4.96966042555e-05
600 275 3.83061389511e-05
600 300 3.44861263493e-05
600 325 3.06661137475e-05
600 350 0.0
600 375 0.0
600 400 0.0
600 425 0.0
600 450 0.0
600 475 0.0
600 500 0.0
600 525 0.0
600 550 0.0
600 575 0.0
625 0 0.000109928450752
625 25 8.55071436685e-05
625 50 9.13505432264e-05
625 75 9.71939427844e-05
625 100 8.40569194552e-05
625 125 7.09198961259e-05
625 150 7.25985566327e-05
625 175 7.42772171396e-05
625 200 6.63893510173e-05
625 225 5.85014848951e-05
625 250 5.88492654795e-05
625 275 5.91970460638e-05
625 300 4.46968899402e-05
625 325 3.01967338167e-05
625 350 3.38568690966e-05
625 375 0.0
625 400 0.0
625 425 0.0
625 450 0.0
625 475 0.0
625 500 0.0
625 525 0.0
625 550 0.0
625 575 0.0
625 600 0.0
650 0 0.000109531374216
650 25 0.000100057900356
650 50 9.73816980661e-05
650 75 9.47054957761e-05
650 100 9.11572339026e-05
650 125 8.76089720292e-05
650 150 8.63452482238e-05
650 175 8.50815244184e-05
650 200 7.04987123243e-05
650 225 5.59159002303e-05
650 250 6.80019267035e-05
650 275 8.00879531766e-05
650 300 5.49076535312e-05
650 325 2.97273538858e-05
650 350 3.38568690966e-05
650 375 3.79863843074e-05
650 400 0.0
650 425 0.0
650 450 0.0
650 475 0.0
650 500 0.0
650 525 0.0
650 550 0.0
650 575 0.0
650 600 0.0
650 625 0.0
675 0 0.000105532048869
675 25 0.000100822669991
675 50 0.000112291684596
675 75 0.000123760699201
675 100 9.62474303445e-05
675 125 6.87341614876e-05
675 150 7.51620828876e-05
675 175 8.15900042876e-05
675 200 6.47238203269e-05
675 225 4.78576363662e-05
675 250 5.71602033714e-05
675 275 6.64627703765e-05
675 300 4.86418823416e-05
675 325 3.08209943067e-05
675 350 3.58184296961e-05
675 375 4.08158650855e-05
675 400 3.30657542175e-05
675 425 0.0
675 450 0.0
675 475 0.0
675 500 0.0
675 525 0.0
675 550 0.0
675 575 0.0
675 600 0.0
675 625 0.0
675 650 0.0
700 0 0.000101532723522
700 25 0.000101587439627
700 50 0.000127201671127
700 75 0.000152815902627
700 100 0.000101337626786
700 125 4.9859350946e-05
700 150 6.39789175514e-05
700 175 7.80984841568e-05
700 200 5.89489283295e-05
700 225 3.97993725022e-05
700 250 4.63184800393e-05
700 275 5.28375875764e-05
700 300 4.2376111152e-05
700 325 3.19146347277e-05
700 350 3.77799902956e-05
700 375 4.36453458636e-05
700 400 3.30657542175e-05
700 425 2.24861625713e-05
700 450 1.43853434467e-05
700 475 0.0
700 500 0.0
700 525 0.0
700 550 0.0
700 575 0.0
700 600 0.0
700 625 0.0
700 650 0.0
700 675 0.0
725 0 9.73344845841e-05
725 25 8.97631320116e-05
725 50 0.00010442998946
725 75 0.000119096846909
725 100 8.55488232998e-05
725 125 5.2000799691e-05
725 150 7.62814690142e-05
725 175 0.000100562138337
725 200 7.66359811685e-05
725 225 5.27098239996e-05
725 250 5.85597303467e-05
725 275 6.44096366937e-05
725 300 5.16545899906e-05
725 325 3.88995432874e-05
725 350 4.95289975947e-05
725 375 6.0158451902e-05
725 400 4.74833377138e-05
725 425 3.48082235255e-05
725 450 2.2898485455e-05
725 475 1.09887473845e-05
725 500 0.0
725 525 0.0
725 550 0.0
725 575 0.0
725 600 0.0
725 625 0.0
725 650 0.0
725 675 0.0
725 700 0.0
750 0 9.31362456463e-05
750 25 7.79388243964e-05
750 50 8.16583077936e-05
750 75 8.53777911907e-05
750 100 6.97600198134e-05
750 125 5.4142248436e-05
750 150 8.8584020477e-05
750 175 0.000123025792518
750 200 9.43230340075e-05
750 225 6.5620275497e-05
750 250 7.08009806541e-05
750 275 7.59816858111e-05
750 300 6.09330688291e-05
750 325 4.58844518472e-05
750 350 6.12780048938e-05
750 375 7.66715579404e-05
750 400 6.190092121e-05
750 425 4.71302844797e-05
750 450 3.14116274633e-05
750 475 1.56929704468e-05
750 500 1.5345029508e-05
750 525 0.0
750 550 0.0
750 575 0.0
750 600 0.0
750 625 0.0
750 650 0.0
750 675 0.0
750 700 0.0
750 725 0.0
775 0 7.55054627712e-05
775 25 7.55054627712e-05
775 50 9.057811568e-05
775 75 0.000105650768589
775 100 0.000116231416159
775 125 0.000126812063729
775 150 8.58153400727e-05
775 175 4.48186164164e-05
775 200 5.99078971927e-05
775 225 7.4997177969e-05
775 250 7.94177040705e-05
775 275 8.38382301721e-05
775 300 6.08806111667e-05
775 325 3.79229921614e-05
775 350 4.92952625425e-05
775 375 6.06675329235e-05
775 400 6.63209890577e-05
775 425 7.19744451918e-05
775 450 5.21494018301e-05
775 475 3.23243584685e-05
775 500 1.98181477765e-05
775 525 7.31193708459e-06
775 550 0.0
775 575 0.0
775 600 0.0
775 625 0.0
775 650 0.0
775 675 0.0
775 700 0.0
775 725 0.0
775 750 0.0
800 0 0.000117649924475
800 25 0.000117649924475
800 50 9.34723468984e-05
800 75 9.03948876103e-05
800 100 0.000107794935554
800 125 0.000125194983498
800 150 9.82642173856e-05
800 175 7.13334512733e-05
800 200 7.16278765583e-05
800 225 7.19223018433e-05
800 250 7.41739864901e-05
800 275 7.64256711369e-05
800 300 6.06181949229e-05
800 325 4.48107187089e-05
800 350 4.87662877452e-05
800 375 5.27218567816e-05
800 400 5.45654533153e-05
800 425 5.64090498491e-05
800 450 5.14799198181e-05
800 475 4.65507897871e-05
800 500 3.66000776824e-05
800 525 2.66493655777e-05
800 550 3.02481638104e-05
800 575 0.0
800 600 0.0
800 625 0.0
800 650 0.0
800 675 0.0
800 700 0.0
800 725 0.0
800 750 0.0
800 775 0.0
825 0 6.92389944478e-05
825 25 6.92389944478e-05
825 50 7.21890005398e-05
825 75 7.51390066318e-05
825 100 9.93584549492e-05
825 125 0.000123577903267
825 150 0.000110713094698
825 175 9.78482861303e-05
825 200 8.3347855924e-05
825 225 6.88474257177e-05
825 250 6.89302689097e-05
825 275 6.90131121017e-05
825 300 6.0355778679e-05
825 325 5.16984452564e-05
825 350 4.8237312948e-05
825 375 4.47761806396e-05
825 400 4.2809917573e-05
825 425 4.08436545063e-05
825 450 5.0810437806e-05
825 475 6.07772211057e-05
825 500 5.33820075883e-05
825 525 4.59867940709e-05
825 550 3.02481638104e-05
825 575 1.450953355e-05
825 600 0.0
825 625 0.0
825 650 0.0
825 675 0.0
825 700 0.0
825 725 0.0
825 750 0.0
825 775 0.0
825 800 0.0
850 0 4.45291036056e-05
850 25 4.45291036056e-05
850 50 6.27071352107e-05
850 75 7.07569541069e-05
850 100 9.74964339181e-05
850 125 0.000124235913729
850 150 0.000101559945832
850 175 7.88839779345e-05
850 200 6.61953031101e-05
850 225 5.35066282856e-05
850 250 5.96525450987e-05
850 275 6.57984619118e-05
850 300 7.0033140643e-05
850 325 7.42678193743e-05
850 350 6.3735490304e-05
850 375 5.32031612337e-05
850 400 4.09348348262e-05
850 425 2.86665084187e-05
850 450 3.72115977584e-05
850 475 4.57566870981e-05
850 500 4.75939570831e-05
850 525 4.94312270682e-05
850 550 3.77020460561e-05
850 575 2.5972865044e-05
850 600 2.470976658e-05
850 625 0.0
850 650 0.0
850 675 0.0
850 700 0.0
850 725 0.0
850 750 0.0
850 775 0.0
850 800 0.0
850 825 0.0
875 0 7.64317013914e-05
875 25 7.64317013914e-05
875 50 7.14033014867e-05
875 75 6.6374901582e-05
875 100 9.56344128871e-05
875 125 0.000124893924192
875 150 9.24067969654e-05
875 175 5.99196697388e-05
875 200 4.90427502962e-05
875 225 3.81658308535e-05
875 250 5.03748212878e-05
875 275 6.2583811722e-05
875 300 7.9710502607e-05
875 325 9.68371934921e-05
875 350 7.923366766e-05
875 375 6.16301418279e-05
875 400 3.90597520795e-05
875 425 1.64893623311e-05
875 450 2.36127577108e-05
875 475 3.07361530906e-05
875 500 4.1805906578e-05
875 525 5.28756600654e-05
875 550 4.51559283017e-05
875 575 3.74361965379e-05
875 600 3.74361965379e-05
875 625 3.74361965379e-05
875 650 0.0
875 675 0.0
875 700 0.0
875 725 0.0
875 750 0.0
875 775 0.0
875 800 0.0
875 825 0.0
875 850 0.0
900 0 7.61151990584e-05
900 25 7.61151990584e-05
900 50 8.3687368687e-05
900 75 7.43783653216e-05
900 100 9.36338883257e-05
900 125 0.00011288941133
900 150 9.10313394799e-05
900 175 6.917326763e-05
900 200 6.38416238177e-05
900 225 5.85099800055e-05
900 250 6.9140421219e-05
900 275 7.97708624326e-05
900 300 8.80801301561e-05
900 325 9.63893978797e-05
900 350 6.91794370899e-05
900 375 4.19694763002e-05
900 400 4.38084981604e-05
900 425 4.56475200206e-05
900 450 3.6053698615e-05
900 475 2.64598772095e-05
900 500 3.73645298871e-05
900 525 4.82691825647e-05
900 550 4.80165112249e-05
900 575 4.77638398851e-05
900 600 5.89311900471e-05
900 625 5.93510434546e-05
900 650 5.95609701583e-05
900 675 0.0
900 700 0.0
900 725 0.0
900 750 0.0
900 775 0.0
900 800 0.0
900 825 0.0
900 850 0.0
925 0 0.000124705381971
925 25 0.000124705381971
925 50 0.000103543605516
925 75 8.23818290613e-05
925 100 9.16333637644e-05
925 125 0.000100884898467
925 150 8.96558819943e-05
925 175 7.84268655211e-05
925 200 7.86404973393e-05
925 225 7.88541291574e-05
925 250 8.79060211503e-05
925 275 9.69579131432e-05
925 300 9.64497577052e-05
925 325 9.59416022672e-05
925 350 5.91252065198e-05
925 375 2.23088107725e-05
925 400 4.85572442413e-05
925 425 7.48056777101e-05
925 450 4.84946395193e-05
925 475 2.21836013284e-05
925 500 3.29231531962e-05
925 525 4.3662705064e-05
925 550 5.08770941481e-05
925 575 5.80914832322e-05
925 600 5.89311900471e-05
925 625 5.97708968621e-05
925 650 5.97708968621e-05
925 675 0.0
925 700 0.0
925 725 0.0
925 750 0.0
925 775 0.0
925 800 0.0
925 825 0.0
925 850 0.0
950 0 9.15770001036e-05
950 25 9.15770001036e-05
950 50 9.77495581458e-05
950 75 9.5255553202e-05
950 100 9.11277665984e-05
950 125 8.69999799948e-05
950 150 8.65163058158e-05
950 175 8.60326316367e-05
950 200 7.18881181663e-05
950 225 5.7743604696e-05
950 250 7.81015182719e-05
950 275 9.84594318479e-05
950 300 8.4303400813e-05
950 325 7.01473697781e-05
950 350 5.3854119301e-05
950 375 3.7560868824e-05
950 400 5.67845479993e-05
950 425 7.60082271747e-05
950 450 6.18947537667e-05
950 475 4.77812803587e-05
950 500 4.57018889605e-05
950 525 4.36224975624e-05
950 550 5.06206143043e-05
950 575 5.76187310463e-05
950 600 5.11880296355e-05
950 625 4.47573282248e-05
950 650 2.59569230641e-05
950 675 2.40635048024e-05
950 700 0.0
950 725 0.0
950 750 0.0
950 775 0.0
950 800 0.0
950 825 0.0
950 850 0.0
975 0 8.8126860293e-05
975 25 8.8126860293e-05
975 50 9.81280688178e-05
975 75 0.000108129277343
975 100 9.06221694325e-05
975 125 7.31150615222e-05
975 150 8.33767296372e-05
975 175 9.36383977522e-05
975 200 6.51357389934e-05
975 225 3.66330802345e-05
975 250 6.82970153936e-05
975 275 9.99609505527e-05
975 300 7.21570439209e-05
975 325 4.43531372891e-05
975 350 4.85830320823e-05
975 375 5.28129268754e-05
975 400 6.50118517573e-05
975 425 7.72107766392e-05
975 450 7.52948680141e-05
975 475 7.3378959389e-05
975 500 5.84806247249e-05
975 525 4.35822900607e-05
975 550 5.03641344605e-05
975 575 5.71459788603e-05
975 600 4.34448692239e-05
975 625 2.97437595876e-05
975 650 2.59569230641e-05
975 675 2.21700865406e-05
975 700 0.0
975 725 0.0
975 750 0.0
975 775 0.0
975 800 0.0
975 825 0.0
975 850 0.0
1000 0 8.77058716284e-05
1000 25 8.77058716284e-05
1000 50 7.89985355129e-05
1000 75 8.70528073685e-05
1000 100 8.07904898513e-05
1000 125 7.4528172334e-05
1000 150 7.54186478085e-05
1000 175 7.63091232831e-05
1000 200 6.36248529914e-05
1000 225 5.09405826997e-05
1000 250 6.292870417e-05
1000 275 7.49168256403e-05
1000 300 6.12270376193e-05
1000 325 4.75372495984e-05
1000 350 5.66286720508e-05
1000 375 6.57200945032e-05
1000 400 6.72861545562e-05
1000 425 6.88522146092e-05
1000 450 6.72910451833e-05
1000 475 6.57298757575e-05
1000 500 7.21615223014e-05
1000 525 7.85931688453e-05
1000 550 7.17719651336e-05
1000 575 6.4950761422e-05
1000 600 5.60521595408e-05
1000 625 4.71535576597e-05
1000 650 4.14539797343e-05
1000 675 3.5754401809e-05
1000 700 3.88325216429e-05
1000 725 0.0
1000 750 0.0
1000 775 0.0
1000 800 0.0
1000 825 0.0
1000 850 0.0
1025 0 3.63469947903e-05
1025 25 3.63469947903e-05
1025 50 5.11616660923e-05
1025 75 6.59763373943e-05
1025 100 7.09588102701e-05
1025 125 7.59412831458e-05
1025 150 6.74605659798e-05
1025 175 5.89798488139e-05
1025 200 6.21139669894e-05
1025 225 6.52480851649e-05
1025 250 5.75603929464e-05
1025 275 4.98727007279e-05
1025 300 5.02970313178e-05
1025 325 5.07213619077e-05
1025 350 6.46743120194e-05
1025 375 7.8627262131e-05
1025 400 6.95604573551e-05
1025 425 6.04936525792e-05
1025 450 5.92872223526e-05
1025 475 5.8080792126e-05
1025 500 8.5842419878e-05
1025 525 0.00011360404763
1025 550 9.31797958068e-05
1025 575 7.27555439836e-05
1025 600 6.86594498577e-05
1025 625 6.45633557318e-05
1025 650 5.69510364045e-05
1025 675 4.93387170773e-05
1025 700 3.88325216429e-05
1025 725 2.83263262085e-05
1025 750 0.0
1025 775 0.0
1025 800 0.0
1025 825 0.0
1025 850 0.0
1050 0 5.76028487698e-05
1050 25 5.76028487698e-05
1050 50 5.06372146389e-05
1050 75 5.48519501482e-05
1050 100 5.74188281577e-05
1050 125 5.99857061671e-05
1050 150 5.30654728137e-05
1050 175 4.61452394604e-05
1050 200 5.91759673919e-05
1050 225 7.22066953234e-05
1050 250 5.5828057553e-05
1050 275 3.94494197825e-05
1050 300 5.1778572645e-05
1050 325 6.41077255075e-05
1050 350 6.51514732428e-05
1050 375 6.6195220978e-05
1050 400 6.54823935553e-05
1050 425 6.47695661326e-05
1050 450 5.84812669125e-05
1050 475 5.21929676925e-05
1050 500 6.53691997822e-05
1050 525 7.8545431872e-05
1050 550 6.80862275969e-05
1050 575 5.76270233217e-05
1050 600 6.76779816446e-05
1050 625 7.77289399675e-05
1050 650 6.00415363413e-05
1050 675 4.23541327151e-05
1050 700 3.88793359189e-05
1050 725 3.54045391226e-05
1050 750 3.52611970901e-05
1050 775 0.0
1050 800 0.0
1050 825 0.0
1050 850 0.0
1075 0 4.25666952074e-05
1075 25 4.25666952074e-05
1075 50 4.31471290547e-05
1075 75 4.37275629021e-05
1075 100 4.38788460453e-05
1075 125 4.40301291885e-05
1075 150 3.86703796476e-05
1075 175 3.33106301068e-05
1075 200 5.62379677944e-05
1075 225 7.91653054819e-05
1075 250 5.40957221595e-05
1075 275 2.90261388372e-05
1075 300 5.32601139722e-05
1075 325 7.74940891072e-05
1075 350 6.56286344661e-05
1075 375 5.3763179825e-05
1075 400 6.14043297555e-05
1075 425 6.90454796859e-05
1075 450 5.76753114724e-05
1075 475 4.63051432589e-05
1075 500 4.48959796865e-05
1075 525 4.34868161142e-05
1075 550 4.2992659387e-05
1075 575 4.24985026598e-05
1075 600 6.66965134315e-05
1075 625 9.08945242032e-05
1075 650 6.31320362781e-05
1075 675 3.53695483529e-05
1075 700 3.89261501948e-05
1075 725 4.24827520368e-05
1075 750 3.52611970901e-05
1075 775 2.80396421434e-05
1075 800 2.03181822281e-05
1075 825 1.25967223128e-05
1075 850 0.0
1100 0 9.22768818184e-05
1100 25 6.44157146363e-05
1100 50 3.54735300129e-05
1100 75 6.53134538961e-06
1100 100 3.82596079453e-05
1100 125 6.9987870501e-05
1100 150 6.53449659206e-05
1100 175 6.07020613402e-05
1100 200 6.58455749645e-05
1100 225 7.09890885888e-05
1100 250 7.6987879816e-05
1100 275 8.29866710432e-05
1100 300 7.65684287759e-05
1100 325 7.01501865087e-05
1100 350 6.75715339053e-05
1100 375 6.4992881302e-05
1100 400 6.77584824418e-05
1100 425 7.05240835817e-05
1100 450 4.60154997313e-05
1100 475 2.1506915881e-05
1100 500 4.49698827685e-05
1100 525 6.8432849656e-05
1100 550 3.47315020585e-05
1100 575 9.44395124737e-05
1100 600 5.62068156551e-05
1100 625 4.38952651841e-05
1100 650 7.7479060326e-05
1100 675 3.92443843316e-05
1100 700 6.579677948e-05
1100 725 3.08103511198e-05
1100 750 4.07818739294e-05
1100 775 3.00150964802e-05
1100 800 1.92483190311e-05
1100 825 2.31172754954e-05
1100 850 2.31172754954e-05
1125 0 7.46943363862e-05
1125 25 5.68408301012e-05
1125 50 4.88418911709e-05
1125 75 4.08429522407e-05
1125 100 5.37524595121e-05
1125 125 6.66619667835e-05
1125 150 6.00983975333e-05
1125 175 5.35348282831e-05
1125 200 5.8576589352e-05
1125 225 6.36183504208e-05
1125 250 7.35872912171e-05
1125 275 8.35562320133e-05
1125 300 7.33541936417e-05
1125 325 6.31521552701e-05
1125 350 6.38009353397e-05
1125 375 6.44497154094e-05
1125 400 6.20030811859e-05
1125 425 5.95564469625e-05
1125 450 6.22391218992e-05
1125 475 7.11964625333e-05
1125 500 8.3745793928e-05
1125 525 8.3745793928e-05
1125 550 6.4369039215e-05
1125 575 2.89621057418e-05
1125 600 7.79547417239e-05
1125 625 5.05964485739e-05
1125 650 5.03699540494e-05
1125 675 6.83174978481e-05
1125 700 9.04735799282e-06
1125 725 3.06139375389e-05
1125 750 5.03717874962e-05
1125 775 4.1769813443e-05
1125 800 1.72873047879e-05
1125 825 1.38469144934e-05
1125 850 1.04065241989e-05
1150 0 5.71117909541e-05
1150 25 4.92659455661e-05
1150 50 6.22102523289e-05
1150 75 7.51545590917e-05
1150 100 6.92453110789e-05
1150 125 6.3336063066e-05
1150 150 5.4851829146e-05
1150 175 4.63675952261e-05
1150 200 5.13076037395e-05
1150 225 5.62476122529e-05
1150 250 7.01867026181e-05
1150 275 8.41257929833e-05
1150 300 7.01399585074e-05
1150 325 5.61541240315e-05
1150 350 6.00303367741e-05
1150 375 6.39065495167e-05
1150 400 5.624767993e-05
1150 425 4.85888103434e-05
1150 450 7.84627440671e-05
1150 475 0.000108336677791
1150 500 0.000101341462785
1150 525 9.43462477787e-05
1150 550 5.96511143603e-05
1150 575 6.77956468901e-05
1150 600 5.62239753976e-05
1150 625 8.91749273529e-05
1150 650 6.15212617314e-05
1150 675 6.08143376354e-05
1150 700 5.75650722478e-05
1150 725 6.97846587826e-05
1150 750 5.28280593254e-05
1150 775 4.13951427838e-05
1150 800 2.83734410301e-05
1150 825 1.72656549698e-05
1150 850 1.96787399305e-05
1175 0 6.7563579539e-05
1175 25 5.18139376562e-05
1175 50 5.56113540146e-05
1175 75 5.9408770373e-05
1175 100 5.4111756086e-05
1175 125 4.8814741799e-05
1175 150 5.73961273386e-05
1175 175 6.59775128783e-05
1175 200 6.96538166243e-05
1175 225 7.33301203703e-05
1175 250 6.97174055252e-05
1175 275 6.61046906801e-05
1175 300 6.5922142204e-05
1175 325 6.57395937279e-05
1175 350 6.05194186931e-05
1175 375 5.52992436584e-05
1175 400 5.54856426113e-05
1175 425 5.56720415643e-05
1175 450 7.18766822412e-05
1175 475 7.91074802637e-05
1175 500 6.11597949549e-05
1175 525 6.11597949549e-05
1175 550 7.26304893383e-05
1175 575 3.93246518422e-05
1175 600 7.22196048098e-05
1175 625 4.11140350156e-05
1175 650 7.50533900035e-05
1175 675 4.15864941267e-05
1175 700 6.75443639524e-05
1175 725 0.000103501586405
1175 750 2.28126773884e-05
1175 775 5.50802189778e-05
1175 800 2.25528200866e-05
1175 825 3.60047614863e-05
1175 850 8.33321358025e-06
1200 0 7.80153681239e-05
1200 25 5.43619297462e-05
1200 50 4.90124557002e-05
1200 75 4.36629816542e-05
1200 100 3.89782010931e-05
1200 125 3.42934205319e-05
1200 150 5.99404255312e-05
1200 175 8.55874305305e-05
1200 200 8.80000295092e-05
1200 225 9.04126284878e-05
1200 250 6.92481084323e-05
1200 275 4.80835883769e-05
1200 300 6.17043259006e-05
1200 325 7.53250634242e-05
1200 350 6.10085006121e-05
1200 375 4.66919378e-05
1200 400 5.47236052926e-05
1200 425 6.27552727852e-05
1200 450 6.52906204152e-05
1200 475 6.78259680453e-05
1200 500 6.50294544045e-05
1200 525 6.22329407637e-05
1200 550 5.09836355312e-05
1200 575 7.29847496159e-05
1200 600 3.06645155926e-05
1200 625 6.94663266411e-05
1200 650 4.19731520504e-05
1200 675 9.65244908693e-05
1200 700 4.98688592362e-05
1200 725 4.36020122642e-05
1200 750 2.22860625164e-05
1200 775 3.41873132992e-05
1200 800 4.76679091206e-05
1200 825 2.79826240646e-05
1200 850 1.74996652892e-05
1225 0 6.28382712286e-05
1225 25 6.15470402721e-05
1225 50 5.5082362085e-05
1225 75 4.86176838979e-05
1225 100 4.12616491028e-05
1225 125 3.39056143077e-05
1225 150 5.51636707144e-05
1225 175 7.64217271212e-05
1225 200 8.15339614788e-05
1225 225 8.66461958365e-05
1225 250 6.72423191926e-05
1225 275 4.78384425488e-05
1225 300 6.29296510349e-05
1225 325 7.80208595209e-05
1225 350 6.72507840389e-05
1225 375 5.64807085569e-05
1225 400 6.0718074121e-05
1225 425 6.4955439685e-05
1225 450 5.54159661996e-05
1225 475 4.54604365372e-05
1225 500 4.46283241833e-05
1225 525 4.46283241833e-05
1225 550 5.63437659185e-05
1225 575 4.60959817658e-05
1225 600 7.58211190838e-05
1225 625 1.76021368313e-05
1225 650 6.87717682593e-05
1225 675 9.3954801749e-05
1225 700 4.32801692796e-05
1225 725 4.34377496717e-05
1225 750 6.34889385518e-05
1225 775 8.31437958454e-05
1225 800 6.52098858147e-05
1225 825 4.65266822861e-05
1225 850 5.27109999851e-05
