# SR SR28_HighPt Gluino , Neutralino , Acc 
25 0 0.0
50 0 0.0
50 25 0.0
75 0 0.0
75 25 0.0
75 50 0.0
100 0 0.0
100 25 0.0
100 50 0.0
100 75 0.0
125 0 0.0
125 25 0.0
125 50 0.0
125 75 0.0
125 100 0.0
150 0 0.0
150 25 0.0
150 50 0.0
150 75 0.0
150 100 0.0
150 125 0.0
175 0 0.0
175 25 0.0
175 50 0.0
175 75 0.0
175 100 0.0
175 125 0.0
175 150 0.0
200 0 0.0
200 25 0.0
200 50 0.0
200 75 0.0
200 100 0.0
200 125 0.0
200 150 0.0
200 175 0.0
225 0 0.0
225 25 0.0
225 50 0.0
225 75 0.0
225 100 0.0
225 125 0.0
225 150 0.0
225 175 0.0
225 200 0.0
250 0 0.0
250 25 0.0
250 50 0.0
250 75 0.0
250 100 0.0
250 125 0.0
250 150 0.0
250 175 0.0
250 200 0.0
250 225 0.0
275 0 0.0
275 25 0.0
275 50 0.0
275 75 0.0
275 100 0.0
275 125 0.0
275 150 0.0
275 175 0.0
275 200 0.0
275 225 0.0
275 250 0.0
300 0 0.0
300 25 0.0
300 50 0.0
300 75 0.0
300 100 0.0
300 125 0.0
300 150 0.0
300 175 0.0
300 200 0.0
300 225 0.0
300 250 0.0
300 275 0.0
325 0 0.0
325 25 0.0
325 50 0.0
325 75 0.0
325 100 0.0
325 125 0.0
325 150 0.0
325 175 0.0
325 200 0.0
325 225 0.0
325 250 0.0
325 275 0.0
325 300 0.0
350 0 0.0
350 25 0.0
350 50 0.0
350 75 0.0
350 100 0.0
350 125 0.0
350 150 0.0
350 175 0.0
350 200 0.0
350 225 0.0
350 250 0.0
350 275 0.0
350 300 0.0
350 325 0.0
375 0 0.0
375 25 0.0
375 50 0.0
375 75 0.0
375 100 0.0
375 125 0.0
375 150 0.0
375 175 0.0
375 200 0.0
375 225 0.0
375 250 0.0
375 275 0.0
375 300 0.0
375 325 0.0
375 350 0.0
400 0 0.00205216329261
400 25 0.00188246404783
400 50 0.00149776336267
400 75 0.00111306267751
400 100 0.000762854516443
400 125 0.000412646355379
400 150 0.000257281972198
400 175 0.0
400 200 0.0
400 225 0.0
400 250 0.0
400 275 0.0
400 300 0.0
400 325 0.0
400 350 0.0
400 375 0.0
425 0 0.00280245793601
425 25 0.00255616938627
425 50 0.00215716709709
425 75 0.00175816480791
425 100 0.00133491228321
425 125 0.000911659758517
425 150 0.000641984945676
425 175 0.000372310132835
425 200 0.0
425 225 0.0
425 250 0.0
425 275 0.0
425 300 0.0
425 325 0.0
425 350 0.0
425 375 0.0
425 400 0.0
450 0 0.00355275257941
450 25 0.00322987472472
450 50 0.00281657083152
450 75 0.00240326693831
450 100 0.00190697004998
450 125 0.00141067316166
450 150 0.00102668791915
450 175 0.000642702676651
450 200 0.000416822629406
450 225 0.0
450 250 0.0
450 275 0.0
450 300 0.0
450 325 0.0
450 350 0.0
450 375 0.0
450 400 0.0
450 425 0.0
475 0 0.00430246375846
475 25 0.00420551870262
475 50 0.00378340885856
475 75 0.00336129901451
475 100 0.00266204914914
475 125 0.00196279928378
475 150 0.00150855860135
475 175 0.00105431791892
475 200 0.000735643704028
475 225 0.00041696948913
475 250 0.0
475 275 0.0
475 300 0.0
475 325 0.0
475 350 0.0
475 375 0.0
475 400 0.0
475 425 0.0
475 450 0.0
500 0 0.0050521749375
500 25 0.00518116268051
500 50 0.00475024688561
500 75 0.0043193310907
500 100 0.0034171282483
500 125 0.00251492540591
500 150 0.00199042928355
500 175 0.0014659331612
500 200 0.00105446477865
500 225 0.000642996396099
500 250 0.000386120574384
500 275 0.0
500 300 0.0
500 325 0.0
500 350 0.0
500 375 0.0
500 400 0.0
500 425 0.0
500 450 0.0
500 475 0.0
525 0 0.00614557375725
525 25 0.00592131833972
525 50 0.0055802131834
525 75 0.00523910802709
525 100 0.00438674926632
525 125 0.00353439050556
525 150 0.00283139016485
525 175 0.00212838982415
525 200 0.0016675372006
525 225 0.00120668457705
525 250 0.000831735801144
525 275 0.000456787025239
525 300 0.0
525 325 0.0
525 350 0.0
525 375 0.0
525 400 0.0
525 425 0.0
525 450 0.0
525 475 0.0
525 500 0.0
550 0 0.007238972577
550 25 0.00666147399892
550 50 0.0064101794812
550 75 0.00615888496348
550 100 0.00535637028435
550 125 0.00455385560521
550 150 0.00367235104615
550 175 0.0027908464871
550 200 0.00228060962255
550 225 0.001770372758
550 250 0.0012773510279
550 275 0.000784329297808
550 300 0.000503138008773
550 325 0.0
550 350 0.0
550 375 0.0
550 400 0.0
550 425 0.0
550 450 0.0
550 475 0.0
550 500 0.0
550 525 0.0
575 0 0.00786840904574
575 25 0.00771850127223
575 50 0.00728462762732
575 75 0.00685075398242
575 100 0.00624390346745
575 125 0.00563705295249
575 150 0.00476608829806
575 175 0.00389512364363
575 200 0.00317156418766
575 225 0.0024480047317
575 250 0.00181509096219
575 275 0.00118217719268
575 300 0.000861520971906
575 325 0.000540864751132
575 350 0.0
575 375 0.0
575 400 0.0
575 425 0.0
575 450 0.0
575 475 0.0
575 500 0.0
575 525 0.0
575 550 0.0
600 0 0.00849784551447
600 25 0.00877552854554
600 50 0.00815907577345
600 75 0.00754262300136
600 100 0.00713143665056
600 125 0.00672025029977
600 150 0.00585982554996
600 175 0.00499940080016
600 200 0.00406251875278
600 225 0.0031256367054
600 250 0.00235283089648
600 275 0.00158002508755
600 300 0.00121990393504
600 325 0.000859782782525
600 350 0.000518554141244
600 375 0.0
600 400 0.0
600 425 0.0
600 450 0.0
600 475 0.0
600 500 0.0
600 525 0.0
600 550 0.0
600 575 0.0
625 0 0.00959115029488
625 25 0.00961519019012
625 50 0.00913477199991
625 75 0.00865435380969
625 100 0.00805539964654
625 125 0.00745644548338
625 150 0.00672855270471
625 175 0.00600065992604
625 200 0.00513267953362
625 225 0.0042646991412
625 250 0.00335759280138
625 275 0.00245048646157
625 300 0.00189124340586
625 325 0.00133200035014
625 350 0.00090510096725
625 375 0.000478201584359
625 400 0.0
625 425 0.0
625 450 0.0
625 475 0.0
625 500 0.0
625 525 0.0
625 550 0.0
625 575 0.0
625 600 0.0
650 0 0.0106844550753
650 25 0.0104548518347
650 50 0.0101104682264
650 75 0.00976608461802
650 100 0.00897936264251
650 125 0.008192640667
650 150 0.00759727985946
650 175 0.00700191905192
650 200 0.00620284031446
650 225 0.00540376157699
650 250 0.00436235470629
650 275 0.00332094783559
650 300 0.00256258287667
650 325 0.00180421791776
650 350 0.00129164779326
650 375 0.000779077668755
650 400 0.000460339817583
650 425 0.0
650 450 0.0
650 475 0.0
650 500 0.0
650 525 0.0
650 550 0.0
650 575 0.0
650 600 0.0
650 625 0.0
675 0 0.0109059830996
675 25 0.0109138665793
675 50 0.0106600999095
675 75 0.0104063332398
675 100 0.00987330914742
675 125 0.00934028505507
675 150 0.00860309385706
675 175 0.00786590265904
675 200 0.00712235870728
675 225 0.00637881475552
675 250 0.00549167060877
675 275 0.00460452646203
675 300 0.00369559539442
675 325 0.00278666432681
675 350 0.00208248159565
675 375 0.00137829886449
675 400 0.000923174069357
675 425 0.000468049274228
675 450 0.0
675 475 0.0
675 500 0.0
675 525 0.0
675 550 0.0
675 575 0.0
675 600 0.0
675 625 0.0
675 650 0.0
700 0 0.0111275111239
700 25 0.0113728813238
700 50 0.0112097315927
700 75 0.0110465818615
700 100 0.0107672556523
700 125 0.0104879294431
700 150 0.00960890785465
700 175 0.00872988626617
700 200 0.00804187710011
700 225 0.00735386793405
700 250 0.00662098651126
700 275 0.00588810508846
700 300 0.00482860791216
700 325 0.00376911073587
700 350 0.00287331539804
700 375 0.00197752006022
700 400 0.00138600832113
700 425 0.000794496582043
700 450 0.000485391544577
700 475 0.0
700 500 0.0
700 525 0.0
700 550 0.0
700 575 0.0
700 600 0.0
700 625 0.0
700 650 0.0
700 675 0.0
725 0 0.0115670924046
725 25 0.0118269666924
725 50 0.0118006910575
725 75 0.0117744154226
725 100 0.011404798994
725 125 0.0110351825653
725 150 0.010213446462
725 175 0.00939171035871
725 200 0.00880339292291
725 225 0.00821507548711
725 250 0.00742066439276
725 275 0.0066262532984
725 300 0.00564781724267
725 325 0.00466938118695
725 350 0.00372082474047
725 375 0.00277226829399
725 400 0.00201621013932
725 425 0.00126015198465
725 450 0.000876944233681
725 475 0.000493736482713
725 500 0.0
725 525 0.0
725 550 0.0
725 575 0.0
725 600 0.0
725 625 0.0
725 650 0.0
725 675 0.0
725 700 0.0
750 0 0.0120066736854
750 25 0.012281052061
750 50 0.0123916505223
750 75 0.0125022489837
750 100 0.0120423423356
750 125 0.0115824356875
750 150 0.0108179850694
750 175 0.0100535344513
750 200 0.00956490874571
750 225 0.00907628304016
750 250 0.00822034227425
750 275 0.00736440150834
750 300 0.00646702657319
750 325 0.00556965163803
750 350 0.0045683340829
750 375 0.00356701652776
750 400 0.00264641195751
750 425 0.00172580738725
750 450 0.00126849692278
750 475 0.000811186458315
750 500 0.000465457675957
750 525 0.0
750 550 0.0
750 575 0.0
750 600 0.0
750 625 0.0
750 650 0.0
750 675 0.0
750 700 0.0
750 725 0.0
775 0 0.0132298473075
775 25 0.0132298473075
775 50 0.01298885836
775 75 0.0127478694125
775 100 0.012069295266
775 125 0.0113907211194
775 150 0.0110154674221
775 175 0.0106402137249
775 200 0.0103186279695
775 225 0.00999704221413
775 250 0.00922747243946
775 275 0.00845790266478
775 300 0.00766558755377
775 325 0.00687327244277
775 350 0.00572371583501
775 375 0.00457415922726
775 400 0.00366263475777
775 425 0.00275111028829
775 450 0.00189662249503
775 475 0.00104213470178
775 500 0.000722267249268
775 525 0.000402399796754
775 550 0.0
775 575 0.0
775 600 0.0
775 625 0.0
775 650 0.0
775 675 0.0
775 700 0.0
775 725 0.0
775 750 0.0
800 0 0.0129385341008
800 25 0.0129385341008
800 50 0.0130769815805
800 75 0.0132052614762
800 100 0.0127779950065
800 125 0.0123507285368
800 150 0.0119442468051
800 175 0.0115377650735
800 200 0.0111105071073
800 225 0.0106832491412
800 250 0.00988549418002
800 275 0.00908773921883
800 300 0.00837594111309
800 325 0.00766414300735
800 350 0.00677013591071
800 375 0.00587612881407
800 400 0.00485782454465
800 425 0.00383952027524
800 450 0.00291726477
800 475 0.00199500926477
800 500 0.00141936085728
800 525 0.000843712449795
800 550 0.000517082245819
800 575 0.0
800 600 0.0
800 625 0.0
800 650 0.0
800 675 0.0
800 700 0.0
800 725 0.0
800 750 0.0
800 775 0.0
825 0 0.0129444510216
825 25 0.0129444510216
825 50 0.0133035522807
825 75 0.0136626535399
825 100 0.013486694747
825 125 0.0133107359541
825 150 0.0128730261881
825 175 0.0124353164221
825 200 0.0119023862452
825 225 0.0113694560683
825 250 0.0105435159206
825 275 0.00971757577288
825 300 0.00908629467241
825 325 0.00845501357194
825 350 0.00781655598641
825 375 0.00717809840089
825 400 0.00605301433154
825 425 0.00492793026218
825 450 0.00393790704497
825 475 0.00294788382775
825 500 0.00211645446529
825 525 0.00128502510284
825 550 0.000807858507199
825 575 0.000330691911561
825 600 0.0
825 625 0.0
825 650 0.0
825 675 0.0
825 700 0.0
825 725 0.0
825 750 0.0
825 775 0.0
825 800 0.0
850 0 0.0139287708321
850 25 0.0139287708321
850 50 0.0139773743928
850 75 0.0139357988821
850 100 0.0137152863407
850 125 0.0134947737993
850 150 0.013129822944
850 175 0.0127648720887
850 200 0.0124697564751
850 225 0.0121746408615
850 250 0.0113410543203
850 275 0.0105074677791
850 300 0.00981540749377
850 325 0.00912334720846
850 350 0.00857310945777
850 375 0.00802287170708
850 400 0.00700666673942
850 425 0.00599046177177
850 450 0.00499232745536
850 475 0.00399419313895
850 500 0.00299902215726
850 525 0.00200385117557
850 550 0.00136543188629
850 575 0.000727012597018
850 600 0.000484520043605
850 625 0.0
850 650 0.0
850 675 0.0
850 700 0.0
850 725 0.0
850 750 0.0
850 775 0.0
850 800 0.0
850 825 0.0
875 0 0.0151906559066
875 25 0.0151906559066
875 50 0.0146998000655
875 75 0.0142089442243
875 100 0.0139438779345
875 125 0.0136788116446
875 150 0.0133866196999
875 175 0.0130944277553
875 200 0.013037126705
875 225 0.0129798256547
875 250 0.01213859272
875 275 0.0112973597853
875 300 0.0105445203151
875 325 0.00979168084499
875 350 0.00932966292913
875 375 0.00886764501327
875 400 0.00796031914731
875 425 0.00705299328135
875 450 0.00604674786576
875 475 0.00504050245016
875 500 0.00388158984923
875 525 0.0027226772483
875 550 0.00192300526539
875 575 0.00112333328247
875 600 0.000772043709352
875 625 0.000420754136229
875 650 0.0
875 675 0.0
875 700 0.0
875 725 0.0
875 750 0.0
875 775 0.0
875 800 0.0
875 825 0.0
875 850 0.0
900 0 0.0151244150977
900 25 0.0151244150977
900 50 0.0148887265154
900 75 0.0144051406442
900 100 0.014337308101
900 125 0.0142694755578
900 150 0.0139739372405
900 175 0.0136783989232
900 200 0.0134909048645
900 225 0.0133034108057
900 250 0.0127663732859
900 275 0.012229335766
900 300 0.0114023265963
900 325 0.0105753174265
900 350 0.01009247307
900 375 0.00960962871343
900 400 0.0088438761178
900 425 0.00807812352217
900 450 0.00690956628649
900 475 0.00574100905081
900 500 0.00476064416631
900 525 0.0037802792818
900 550 0.00291528772517
900 575 0.00205029616854
900 600 0.00142980863236
900 625 0.000809321096186
900 650 0.000536124496068
900 675 0.0
900 700 0.0
900 725 0.0
900 750 0.0
900 775 0.0
900 800 0.0
900 825 0.0
900 850 0.0
925 0 0.015082591702
925 25 0.015082591702
925 50 0.0148419643831
925 75 0.0146013370641
925 100 0.0147307382675
925 125 0.014860139471
925 150 0.0145612547811
925 175 0.0142623700912
925 200 0.013944683024
925 225 0.0136269959568
925 250 0.0133941538517
925 275 0.0131613117467
925 300 0.0122601328774
925 325 0.0113589540081
925 350 0.0108552832108
925 375 0.0103516124136
925 400 0.00972743308828
925 425 0.00910325376298
925 450 0.00777238470722
925 475 0.00644151565146
925 500 0.00563969848338
925 525 0.00483788131531
925 550 0.00390757018496
925 575 0.0029772590546
925 600 0.00208757355537
925 625 0.00119788805614
925 650 0.000821910709017
925 675 0.00044593336189
925 700 0.0
925 725 0.0
925 750 0.0
925 775 0.0
925 800 0.0
925 825 0.0
925 850 0.0
950 0 0.0154457055638
950 25 0.0154457055638
950 50 0.015225651544
950 75 0.0150095444948
950 100 0.0148854456678
950 125 0.0147613468409
950 150 0.0147220876295
950 175 0.0146828284182
950 200 0.0143971225066
950 225 0.0141114165951
950 250 0.0137173843845
950 275 0.013323352174
950 300 0.0127159601693
950 325 0.0121085681646
950 350 0.0116650150425
950 375 0.0112214619205
950 400 0.0105028500485
950 425 0.00978423817651
950 450 0.00878714016754
950 475 0.00779004215858
950 500 0.00688242550071
950 525 0.00597480884284
950 550 0.004941990443
950 575 0.00390917204316
950 600 0.00298002026521
950 625 0.00205086848726
950 650 0.00142508509308
950 675 0.000799301698906
950 700 0.000514696705401
950 725 0.0
950 750 0.0
950 775 0.0
950 800 0.0
950 825 0.0
950 850 0.0
975 0 0.0153608174449
975 25 0.0153608174449
975 50 0.0153892846852
975 75 0.0154177519255
975 100 0.0150401530681
975 125 0.0146625542108
975 150 0.014882920478
975 175 0.0151032867452
975 200 0.0148495619893
975 225 0.0145958372334
975 250 0.0140406149174
975 275 0.0134853926013
975 300 0.0131717874612
975 325 0.0128581823211
975 350 0.0124747468743
975 375 0.0120913114274
975 400 0.0112782670087
975 425 0.01046522259
975 450 0.00980189562787
975 475 0.0091385686657
975 500 0.00812515251804
975 525 0.00711173637037
975 550 0.00597641070104
975 575 0.00484108503172
975 600 0.00387246697504
975 625 0.00290384891837
975 650 0.00202825947715
975 675 0.00115267003592
975 700 0.000791523930368
975 725 0.000430377824814
975 750 0.0
975 775 0.0
975 800 0.0
975 825 0.0
975 850 0.0
1000 0 0.016082746685
1000 25 0.016082746685
1000 50 0.0155825005745
1000 75 0.0153172311378
1000 100 0.0150178823994
1000 125 0.014718533661
1000 150 0.0149292578674
1000 175 0.0151399820738
1000 200 0.0148834902521
1000 225 0.0146269984305
1000 250 0.0142753051993
1000 275 0.0139236119682
1000 300 0.0134478082782
1000 325 0.0129720045881
1000 350 0.0127496971126
1000 375 0.0125273896371
1000 400 0.011725970529
1000 425 0.0109245514209
1000 450 0.0103386721982
1000 475 0.00975279297542
1000 500 0.00890716598615
1000 525 0.00806153899688
1000 550 0.00706137266334
1000 575 0.00606120632981
1000 600 0.00499516286104
1000 625 0.00392911939228
1000 650 0.00296026171056
1000 675 0.00199140402884
1000 700 0.00136836409542
1000 725 0.000745324161997
1000 750 0.000478355778915
1000 775 0.0
1000 800 0.0
1000 825 0.0
1000 850 0.0
1025 0 0.0153342303568
1025 25 0.0153342303568
1025 50 0.0152754703534
1025 75 0.0152167103501
1025 100 0.0149956117307
1025 125 0.0147745131113
1025 150 0.0149755952569
1025 175 0.0151766774025
1025 200 0.014917418515
1025 225 0.0146581596275
1025 250 0.0145099954813
1025 275 0.014361831335
1025 300 0.0137238290951
1025 325 0.0130858268551
1025 350 0.013024647351
1025 375 0.0129634678468
1025 400 0.0121736740493
1025 425 0.0113838802517
1025 450 0.0108754487684
1025 475 0.0103670172851
1025 500 0.00968917945426
1025 525 0.00901134162338
1025 550 0.00814633462564
1025 575 0.0072813276279
1025 600 0.00611785874704
1025 625 0.00495438986619
1025 650 0.00389226394398
1025 675 0.00283013802177
1025 700 0.00194520426047
1025 725 0.00106027049918
1025 750 0.000719672425426
1025 775 0.000379074351672
1025 800 0.0
1025 825 0.0
1025 850 0.0
1050 0 0.015967476034
1050 25 0.015967476034
1050 50 0.0158027976465
1050 75 0.0154165046952
1050 100 0.015368618258
1050 125 0.0153207318207
1050 150 0.0153837191546
1050 175 0.0154467064884
1050 200 0.0151497787891
1050 225 0.0148528510898
1050 250 0.014645803243
1050 275 0.0144387553962
1050 300 0.014086012199
1050 325 0.0137332690018
1050 350 0.0134996876067
1050 375 0.0132661062116
1050 400 0.0127345579899
1050 425 0.0122030097683
1050 450 0.0116817065827
1050 475 0.011160403397
1050 500 0.0105037975952
1050 525 0.00984719179331
1050 550 0.00905532379076
1050 575 0.00826345578821
1050 600 0.00722594206071
1050 625 0.00618842833321
1050 650 0.00499643278762
1050 675 0.00380443724203
1050 700 0.00279473938092
1050 725 0.0017850415198
1050 750 0.00126958797405
1050 775 0.000754134428309
1050 800 0.000467688847134
1050 825 0.0
1050 850 0.0
1075 0 0.0167145940638
1075 25 0.0167145940638
1075 50 0.0161654465521
1075 75 0.0156162990403
1075 100 0.0157416247853
1075 125 0.0158669505302
1075 150 0.0157918430523
1075 175 0.0157167355744
1075 200 0.0153821390632
1075 225 0.015047542552
1075 250 0.0147816110047
1075 275 0.0145156794573
1075 300 0.0144481953029
1075 325 0.0143807111485
1075 350 0.0139747278625
1075 375 0.0135687445764
1075 400 0.0132954419306
1075 425 0.0130221392848
1075 450 0.0124879643969
1075 475 0.011953789509
1075 500 0.0113184157361
1075 525 0.0106830419632
1075 550 0.00996431295588
1075 575 0.00924558394853
1075 600 0.00833402537438
1075 625 0.00742246680022
1075 650 0.00610060163126
1075 675 0.0047787364623
1075 700 0.00364427450136
1075 725 0.00250981254042
1075 750 0.00181950352268
1075 775 0.00112919450495
1075 800 0.000722712243232
1075 825 0.000316229981518
1075 850 0.0
1100 0 0.0155722082216
1100 25 0.0162830162355
1100 50 0.0161893323536
1100 75 0.0160956484718
1100 100 0.0160450843394
1100 125 0.015994520207
1100 150 0.0158675941
1100 175 0.0157406679931
1100 200 0.0155826450495
1100 225 0.015424622106
1100 250 0.0154219767314
1100 275 0.0154193313569
1100 300 0.0151363330092
1100 325 0.0148533346615
1100 350 0.0142725205452
1100 375 0.0136917064289
1100 400 0.0135036319497
1100 425 0.0133155574704
1100 450 0.0131610360261
1100 475 0.0130065145817
1100 500 0.0121130641206
1100 525 0.0112196136594
1100 550 0.0106854172658
1100 575 0.009607822792
1100 600 0.00932574736492
1100 625 0.00775033873977
1100 650 0.00684454207339
1100 675 0.00642854055168
1100 700 0.00493053672406
1100 725 0.00372247038569
1100 750 0.00271954273457
1100 775 0.00193061125759
1100 800 0.0010872526485
1100 825 0.000705165455069
1100 850 0.000324403871694
1125 0 0.0158559446368
1125 25 0.0162478923369
1125 50 0.0161095564931
1125 75 0.0159712206493
1125 100 0.015953940289
1125 125 0.0159366599288
1125 150 0.015895004662
1125 175 0.0158533493951
1125 200 0.015736841611
1125 225 0.015620333827
1125 250 0.0154848166713
1125 275 0.0153492995156
1125 300 0.0150449594377
1125 325 0.0147406193598
1125 350 0.0145322309616
1125 375 0.0143238425634
1125 400 0.0141007120368
1125 425 0.0138775815101
1125 450 0.0136553617022
1125 475 0.012946926312
1125 500 0.0119744951474
1125 525 0.0119744951474
1125 550 0.011441305737
1125 575 0.0108387500099
1125 600 0.0102432816439
1125 625 0.00941468578936
1125 650 0.00816935460831
1125 675 0.00727984071594
1125 700 0.0059406936144
1125 725 0.00489364369316
1125 750 0.00386047093825
1125 775 0.00300252837741
1125 800 0.00180111990385
1125 825 0.00113719336281
1125 850 0.000833739762756
1150 0 0.0161396810519
1150 25 0.0162127684383
1150 50 0.0160297806325
1150 75 0.0158467928268
1150 100 0.0158627962387
1150 125 0.0158787996507
1150 150 0.0159224152239
1150 175 0.0159660307971
1150 200 0.0158910381726
1150 225 0.015816045548
1150 250 0.0155476566111
1150 275 0.0152792676743
1150 300 0.0149535858662
1150 325 0.0146279040582
1150 350 0.014791941378
1150 375 0.0149559786979
1150 400 0.0146977921239
1150 425 0.0144396055499
1150 450 0.0141496873784
1150 475 0.0138597692069
1150 500 0.0135494908146
1150 525 0.0132392124224
1150 550 0.0115984706437
1150 575 0.01142014323
1150 600 0.0111966178335
1150 625 0.0100126983523
1150 650 0.00941267521427
1150 675 0.00807347436611
1150 700 0.00741863036277
1150 725 0.00578312885608
1150 750 0.00464967697774
1150 775 0.00357755823303
1150 800 0.00262519074082
1150 825 0.00199901894138
1150 850 0.00100541765911
1175 0 0.0162597984752
1175 25 0.0156731604742
1175 50 0.015804371243
1175 75 0.0159355820118
1175 100 0.0159628958065
1175 125 0.0159902096012
1175 150 0.015988574671
1175 175 0.0159869397409
1175 200 0.0160684481252
1175 225 0.0161499565096
1175 250 0.0158089370046
1175 275 0.0154679174995
1175 300 0.0152420162806
1175 325 0.0150161150616
1175 350 0.0150676668757
1175 375 0.0151192186898
1175 400 0.0148797015904
1175 425 0.014640184491
1175 450 0.0143708136157
1175 475 0.0139176408044
1175 500 0.0135500369325
1175 525 0.0135500369325
1175 550 0.0127191295469
1175 575 0.0121323788518
1175 600 0.0117858332523
1175 625 0.0112063952384
1175 650 0.0100881264955
1175 675 0.00921440346703
1175 700 0.00846686952294
1175 725 0.0069243611652
1175 750 0.00608872458116
1175 775 0.00470712928382
1175 800 0.00368866156745
1175 825 0.00258004590605
1175 850 0.0017380490074
1200 0 0.0163799158986
1200 25 0.0151335525101
1200 50 0.0155789618534
1200 75 0.0160243711968
1200 100 0.0160629953743
1200 125 0.0161016195518
1200 150 0.0160547341182
1200 175 0.0160078486846
1200 200 0.0162458580779
1200 225 0.0164838674712
1200 250 0.016070217398
1200 275 0.0156565673248
1200 300 0.0155304466949
1200 325 0.0154043260651
1200 350 0.0153433923734
1200 375 0.0152824586817
1200 400 0.0150616110569
1200 425 0.0148407634321
1200 450 0.0145919398529
1200 475 0.0143431162737
1200 500 0.0139410650057
1200 525 0.0135390137377
1200 550 0.0134602899211
1200 575 0.0122365632879
1200 600 0.0123475074028
1200 625 0.0112775542522
1200 650 0.0102167441492
1200 675 0.0102269901681
1200 700 0.00923334889444
1200 725 0.0081232828061
1200 750 0.00732530764018
1200 775 0.00605372973644
1200 800 0.00472095823092
1200 825 0.00401114722812
1200 850 0.00222507437385
1225 0 0.016167070928
1225 25 0.0156869367731
1225 50 0.01582484673
1225 75 0.0159627566869
1225 100 0.0161231868225
1225 125 0.0162836169582
1225 150 0.0162870734264
1225 175 0.0162905298947
1225 200 0.0162229745151
1225 225 0.0161554191356
1225 250 0.0159201879093
1225 275 0.015684956683
1225 300 0.0156728360843
1225 325 0.0156607154856
1225 350 0.0156748695946
1225 375 0.0156890237036
1225 400 0.0155211186832
1225 425 0.0153532136629
1225 450 0.0148907003648
1225 475 0.0143410396915
1225 500 0.0141667449411
1225 525 0.0141667449411
1225 550 0.0137716300602
1225 575 0.0130079495813
1225 600 0.0126366603903
1225 625 0.0119370384591
1225 650 0.0111363260081
1225 675 0.0110978294984
1225 700 0.0100529474322
1225 725 0.00928064456873
1225 750 0.00809240942467
1225 775 0.00687475270884
1225 800 0.00579453901628
1225 825 0.00466104268049
1225 850 0.00404475385965
