    925     225      13.2 
    950     225      12.8 
    975     225      11.4 
   1000     225      10.8 
   1025     225      10.7 
   1050     225      10.8 
   1075     225       9.9 
   1100     225      10.6 
   1125     225       9.3 
   1150     225       9.0 
   1175     225       8.9 
   1200     225       7.7 
   1225     225       8.1 
   1250     225       6.2 
   1275     225       7.7 
   1300     225       7.3 
   1325     225       7.6 
   1350     225       7.1 
   1375     225       7.1 
   1400     225       6.9 
    925     250      10.1 
    950     250       9.7 
    975     250       9.7 
   1000     250       9.0 
   1025     250       8.7 
   1050     250       7.8 
   1075     250       6.6 
   1100     250       7.1 
   1125     250       6.1 
   1150     250       7.4 
   1175     250       6.6 
   1200     250       6.3 
   1225     250       6.6 
   1250     250       6.3 
   1275     250       6.2 
   1300     250       6.0 
   1325     250       5.3 
   1350     250       5.9 
   1375     250       5.3 
   1400     250       5.2 
    925     275       7.6 
    950     275       7.0 
    975     275       7.5 
   1000     275       6.5 
   1025     275       6.5 
   1050     275       6.2 
   1075     275       6.2 
   1100     275       6.0 
   1125     275       5.8 
   1150     275       5.5 
   1175     275       4.7 
   1200     275       5.2 
   1225     275       5.1 
   1250     275       5.4 
   1275     275       4.5 
   1300     275       4.7 
   1325     275       4.6 
   1350     275       4.9 
   1375     275       4.3 
   1400     275       4.9 
    925     300       6.3 
    950     300       6.4 
    975     300       5.8 
   1000     300       5.9 
   1025     300       5.5 
   1050     300       5.1 
   1075     300       4.4 
   1100     300       5.1 
   1125     300       4.4 
   1150     300       4.7 
   1175     300       4.4 
   1200     300       4.0 
   1225     300       4.0 
   1250     300       4.4 
   1275     300       4.3 
   1300     300       3.8 
   1325     300       4.0 
   1350     300       4.0 
   1375     300       4.2 
   1400     300       4.1 
    925     325       5.5 
    950     325       5.5 
    975     325       5.2 
   1000     325       5.0 
   1025     325       4.6 
   1050     325       4.6 
   1075     325       3.9 
   1100     325       4.1 
   1125     325       3.7 
   1150     325       4.0 
   1175     325       3.8 
   1200     325       3.7 
   1225     325       3.6 
   1250     325       3.5 
   1275     325       3.6 
   1300     325       3.7 
   1325     325       3.6 
   1350     325       3.5 
   1375     325       3.4 
   1400     325       3.5 
    925     350       4.4 
    950     350       4.2 
    975     350       4.5 
   1000     350       4.7 
   1025     350       4.1 
   1050     350       3.8 
   1075     350       3.6 
   1100     350       3.4 
   1125     350       3.3 
   1150     350       3.6 
   1175     350       3.2 
   1200     350       3.2 
   1225     350       3.6 
   1250     350       3.3 
   1275     350       2.9 
   1300     350       3.1 
   1325     350       3.4 
   1350     350       3.2 
   1375     350       3.3 
   1400     350       3.0 
    925     375       4.2 
    950     375       4.0 
    975     375       3.9 
   1000     375       3.8 
   1025     375       3.9 
   1050     375       3.1 
   1075     375       3.6 
   1100     375       2.8 
   1125     375       3.4 
   1150     375       3.4 
   1175     375       2.9 
   1200     375       3.0 
   1225     375       2.8 
   1250     375       3.1 
   1275     375       3.0 
   1300     375       3.2 
   1325     375       3.0 
   1350     375       3.0 
   1375     375       3.1 
   1400     375       3.1 
    925     400       3.8 
    950     400       4.0 
    975     400       3.2 
   1000     400       3.3 
   1025     400       3.4 
   1050     400       3.2 
   1075     400       3.3 
   1100     400       3.1 
   1125     400       3.0 
   1150     400       3.0 
   1175     400       2.9 
   1200     400       2.8 
   1225     400       2.7 
   1250     400       2.5 
   1275     400       2.7 
   1300     400       2.7 
   1325     400       2.8 
   1350     400       2.9 
   1375     400       2.9 
   1400     400       2.8 
    925     425       3.7 
    950     425       3.5 
    975     425       3.1 
   1000     425       3.3 
   1025     425       3.1 
   1050     425       3.4 
   1075     425       3.2 
   1100     425       2.8 
   1125     425       2.8 
   1150     425       2.7 
   1175     425       3.0 
   1200     425       3.1 
   1225     425       2.9 
   1250     425       2.8 
   1275     425       2.3 
   1300     425       2.7 
   1325     425       2.6 
   1350     425       2.6 
   1375     425       2.6 
   1400     425       2.6 
    925     450       3.4 
    950     450       3.6 
    975     450       3.2 
   1000     450       3.0 
   1025     450       3.1 
   1050     450       2.9 
   1075     450       2.4 
   1100     450       2.8 
   1125     450       2.6 
   1150     450       2.7 
   1175     450       2.4 
   1200     450       2.8 
   1225     450       2.8 
   1250     450       2.9 
   1275     450       3.0 
   1300     450       2.5 
   1325     450       2.5 
   1350     450       2.2 
   1375     450       2.2 
   1400     450       2.3 
    925     475       3.3 
    950     475       3.1 
    975     475       2.8 
   1000     475       2.9 
   1025     475       2.8 
   1050     475       2.7 
   1075     475       2.4 
   1100     475       2.6 
   1125     475       2.6 
   1150     475       2.6 
   1175     475       2.6 
   1200     475       2.7 
   1225     475       2.3 
   1250     475       2.7 
   1275     475       2.8 
   1300     475       2.3 
   1325     475       2.5 
   1350     475       2.6 
   1375     475       2.4 
   1400     475       2.3 
    925     500       3.2 
    950     500       2.8 
    975     500       2.9 
   1000     500       2.7 
   1025     500       2.8 
   1050     500       2.3 
   1075     500       2.7 
   1100     500       2.5 
   1125     500       2.6 
   1150     500       2.4 
   1175     500       2.2 
   1200     500       2.3 
   1225     500       2.5 
   1250     500       2.2 
   1275     500       2.5 
   1300     500       2.4 
   1325     500       2.2 
   1350     500       2.2 
   1375     500       2.5 
   1400     500       2.3 
    925     525       3.1 
    950     525       2.9 
    975     525       2.9 
   1000     525       2.4 
   1025     525       2.6 
   1050     525       2.5 
   1075     525       2.5 
   1100     525       2.4 
   1125     525       2.4 
   1150     525       2.4 
   1175     525       2.3 
   1200     525       2.3 
   1225     525       2.3 
   1250     525       2.4 
   1275     525       2.0 
   1300     525       2.3 
   1325     525       2.0 
   1350     525       2.2 
   1375     525       2.1 
   1400     525       2.1 
    925     550       2.6 
    950     550       2.5 
    975     550       2.6 
   1000     550       2.3 
   1025     550       2.3 
   1050     550       2.3 
   1075     550       2.5 
   1100     550       2.4 
   1125     550       2.2 
   1150     550       2.4 
   1175     550       2.4 
   1200     550       2.0 
   1225     550       2.2 
   1250     550       2.2 
   1275     550       2.2 
   1300     550       2.0 
   1325     550       2.1 
   1350     550       1.9 
   1375     550       2.2 
   1400     550       2.3 
    925     575       2.4 
    950     575       2.4 
    975     575       2.7 
   1000     575       2.4 
   1025     575       2.2 
   1050     575       2.4 
   1075     575       2.2 
   1100     575       2.1 
   1125     575       2.1 
   1150     575       2.0 
   1175     575       2.0 
   1200     575       2.1 
   1225     575       2.2 
   1250     575       2.1 
   1275     575       2.1 
   1300     575       2.1 
   1325     575       2.1 
   1350     575       2.0 
   1375     575       2.1 
   1400     575       2.1 
    925     600       2.7 
    950     600       2.4 
    975     600       2.5 
   1000     600       2.2 
   1025     600       2.2 
   1050     600       2.2 
   1075     600       2.2 
   1100     600       2.1 
   1125     600       2.1 
   1150     600       2.1 
   1175     600       1.9 
   1200     600       2.1 
   1225     600       1.9 
   1250     600       2.1 
   1275     600       1.9 
   1300     600       1.9 
   1325     600       2.1 
   1350     600       2.0 
   1375     600       2.0 
   1400     600       2.1 
    925     625       2.6 
    950     625       2.6 
    975     625       2.3 
   1000     625       2.1 
   1025     625       2.1 
   1050     625       2.0 
   1075     625       2.1 
   1100     625       2.0 
   1125     625       2.0 
   1150     625       2.0 
   1175     625       2.0 
   1200     625       2.0 
   1225     625       2.0 
   1250     625       1.9 
   1275     625       2.0 
   1300     625       1.9 
   1325     625       1.7 
   1350     625       1.8 
   1375     625       1.9 
   1400     625       1.8 
    925     650       2.5 
    950     650       2.1 
    975     650       2.3 
   1000     650       2.0 
   1025     650       1.9 
   1050     650       2.2 
   1075     650       2.1 
   1100     650       2.2 
   1125     650       1.9 
   1150     650       2.0 
   1175     650       1.9 
   1200     650       1.8 
   1225     650       1.9 
   1250     650       1.9 
   1275     650       2.0 
   1300     650       2.0 
   1325     650       1.9 
   1350     650       1.9 
   1375     650       1.9 
   1400     650       1.7 
    925     675       2.3 
    950     675       2.1 
    975     675       1.8 
   1000     675       2.2 
   1025     675       2.0 
   1050     675       2.2 
   1075     675       2.1 
   1100     675       1.9 
   1125     675       2.0 
   1150     675       1.9 
   1175     675       1.9 
   1200     675       1.8 
   1225     675       1.8 
   1250     675       1.8 
   1275     675       1.8 
   1300     675       1.9 
   1325     675       1.7 
   1350     675       1.8 
   1375     675       1.9 
   1400     675       1.7 
    925     700       2.3 
    950     700       2.1 
    975     700       2.2 
   1000     700       2.1 
   1025     700       2.0 
   1050     700       2.1 
   1075     700       2.0 
   1100     700       1.9 
   1125     700       1.9 
   1150     700       1.8 
   1175     700       1.9 
   1200     700       1.8 
   1225     700       1.8 
   1250     700       1.8 
   1275     700       1.8 
   1300     700       1.7 
   1325     700       1.8 
   1350     700       1.7 
   1375     700       1.7 
   1400     700       1.8 
    925     725       2.4 
    950     725       2.3 
    975     725       2.0 
   1000     725       2.1 
   1025     725       2.0 
   1050     725       1.8 
   1075     725       1.8 
   1100     725       1.9 
   1125     725       1.8 
   1150     725       1.9 
   1175     725       1.8 
   1200     725       1.7 
   1225     725       1.8 
   1250     725       1.8 
   1275     725       1.8 
   1300     725       1.7 
   1325     725       1.6 
   1350     725       1.6 
   1375     725       1.7 
   1400     725       1.7 
    925     750       2.6 
    950     750       2.2 
    975     750       2.4 
   1000     750       2.1 
   1025     750       2.0 
   1050     750       2.0 
   1075     750       1.7 
   1100     750       2.0 
   1125     750       1.9 
   1150     750       1.7 
   1175     750       1.8 
   1200     750       1.7 
   1225     750       1.7 
   1250     750       1.7 
   1275     750       1.7 
   1300     750       1.6 
   1325     750       1.6 
   1350     750       1.6 
   1375     750       1.8 
   1400     750       1.8 
    950     775       2.2 
    975     775       2.4 
   1000     775       2.2 
   1025     775       2.1 
   1050     775       1.8 
   1075     775       1.6 
   1100     775       1.7 
   1125     775       1.8 
   1150     775       1.7 
   1175     775       1.7 
   1200     775       1.7 
   1225     775       1.5 
   1250     775       1.6 
   1275     775       1.6 
   1300     775       1.5 
   1325     775       1.6 
   1350     775       1.7 
   1375     775       1.7 
   1400     775       1.5 
    975     800       2.4 
   1000     800       2.2 
   1025     800       2.1 
   1050     800       1.9 
   1075     800       1.8 
   1100     800       1.7 
   1125     800       1.7 
   1150     800       1.7 
   1175     800       1.8 
   1200     800       1.8 
   1225     800       1.5 
   1250     800       1.5 
   1275     800       1.5 
   1300     800       1.6 
   1325     800       1.5 
   1350     800       1.6 
   1375     800       1.7 
   1400     800       1.8 
   1000     825       2.3 
   1025     825       2.2 
   1050     825       1.9 
   1075     825       2.0 
   1100     825       1.9 
   1125     825       1.8 
   1150     825       1.7 
   1175     825       1.5 
   1200     825       1.5 
   1225     825       1.5 
   1250     825       1.5 
   1275     825       1.5 
   1300     825       1.6 
   1325     825       1.6 
   1350     825       1.5 
   1375     825       1.7 
   1400     825       1.7 
   1025     850       2.3 
   1050     850       2.1 
   1075     850       1.9 
   1100     850       1.9 
   1125     850       1.8 
   1150     850       1.7 
   1175     850       1.6 
   1200     850       1.6 
   1225     850       1.6 
   1250     850       1.5 
   1275     850       1.5 
   1300     850       1.6 
   1325     850       1.6 
   1350     850       1.6 
   1375     850       1.5 
   1400     850       1.6 
   1050     875       2.2 
   1075     875       2.0 
   1100     875       1.9 
   1125     875       1.9 
   1150     875       1.8 
   1175     875       1.5 
   1200     875       1.6 
   1225     875       1.5 
   1250     875       1.6 
   1275     875       1.6 
   1300     875       1.5 
   1325     875       1.7 
   1350     875       1.5 
   1375     875       1.6 
   1400     875       1.6 
   1075     900       2.2 
   1100     900       2.0 
   1125     900       1.8 
   1150     900       1.8 
   1175     900       1.6 
   1200     900       1.6 
   1225     900       1.6 
   1250     900       1.6 
   1275     900       1.5 
   1300     900       1.5 
   1325     900       1.7 
   1350     900       1.5 
   1375     900       1.6 
   1400     900       1.4 
   1100     925       2.1 
   1125     925       2.0 
   1150     925       1.6 
   1175     925       1.6 
   1200     925       1.7 
   1225     925       1.6 
   1250     925       1.6 
   1275     925       1.7 
   1300     925       1.5 
   1325     925       1.6 
   1350     925       1.6 
   1375     925       1.6 
   1400     925       1.6 
   1125     950       2.0 
   1150     950       2.0 
   1175     950       1.7 
   1200     950       1.6 
   1225     950       1.7 
   1250     950       1.6 
   1275     950       1.6 
   1300     950       1.6 
   1325     950       1.6 
   1350     950       1.6 
   1375     950       1.5 
   1400     950       1.5 
   1150     975       2.0 
   1175     975       1.7 
   1200     975       1.8 
   1225     975       1.5 
   1250     975       1.7 
   1275     975       1.6 
   1300     975       1.5 
   1325     975       1.5 
   1350     975       1.4 
   1375     975       1.6 
   1400     975       1.6 
   1175    1000       2.0 
   1200    1000       2.1 
   1225    1000       1.7 
   1250    1000       1.6 
   1275    1000       1.7 
   1300    1000       1.6 
   1325    1000       1.6 
   1350    1000       1.4 
   1375    1000       1.6 
   1400    1000       1.5 
   1200    1025       2.0 
   1225    1025       1.8 
   1250    1025       1.8 
   1275    1025       1.7 
   1300    1025       1.6 
   1325    1025       1.6 
   1350    1025       1.5 
   1375    1025       1.4 
   1400    1025       1.4 
   1225    1050       2.1 
   1250    1050       1.9 
   1275    1050       1.9 
   1300    1050       1.7 
   1325    1050       1.7 
   1350    1050       1.4 
   1375    1050       1.4 
   1400    1050       1.4 
   1250    1075       2.1 
   1275    1075       2.0 
   1300    1075       1.7 
   1325    1075       1.7 
   1350    1075       1.5 
   1375    1075       1.6 
   1400    1075       1.5 
   1275    1100       2.1 
   1300    1100       1.9 
   1325    1100       1.8 
   1350    1100       1.7 
   1375    1100       1.7 
   1400    1100       1.7 
   1300    1125       2.1 
   1325    1125       2.0 
   1350    1125       1.8 
   1375    1125       1.7 
   1400    1125       1.6 
   1325    1150       2.1 
   1350    1150       1.7 
   1375    1150       1.8 
   1400    1150       1.8 
   1350    1175       1.9 
   1375    1175       1.9 
   1400    1175       1.9 
   1375    1200       2.0 
   1400    1200       1.9 
   1400    1225       2.1 
