 626.6 237.5
 628.6 222.5
 637.5 207.6
 637.6 207.5
 642.4 192.5
 647.3 177.5
 649.5 162.5
 648.9 147.5
 648.3 132.5
 644.7 117.5
 643.4 102.5
 639.0 87.5
 637.5 82.6
 634.8 72.5
 632.9 57.5
 630.9 42.5
 625.1 27.5
 625.1 12.5
 622.5 12.1
 607.5 10.1
 592.5 8.4
 577.5 7.6
 562.5 6.9
 547.5 6.1
 532.5 4.7
 517.5 3.7
 502.5 3.0
 487.5 2.9
 472.5 2.8
 457.5 2.7
 442.5 2.7
 427.5 2.7
 412.5 2.7
 397.5 2.7
 382.5 2.7
 367.5 2.7
 352.5 2.7
 273.9 2.7
 273.9 2.7
 283.7 12.5
 298.7 27.5
 308.5 37.3
 313.7 42.5
 323.5 52.3
 328.7 57.5
 351.5 80.3
 356.7 85.5
 366.5 95.3
 371.7 100.5
 381.5 110.3
 386.7 115.5
 396.5 125.3
 401.7 130.5
 411.5 140.3
 416.8 145.6
 426.4 155.2
 431.9 160.7
 441.3 170.1
 447.1 175.9
 456.1 184.9
 462.3 191.1
 470.9 199.7
 477.6 206.4
 485.6 214.4
 493.0 221.8
 500.2 229.0
 508.6 237.4
 514.6 243.4
 524.4 253.2
 528.8 257.6
 540.5 269.3
 542.7 271.5
 562.5 264.2
 577.5 257.1
 587.2 252.5
 592.5 249.9
 607.5 246.1
 622.5 242.8
 626.6 237.5
