250.867099872  0.947708083275
310.645254749  0.979747837424
441.802905509  0.958007739746
464.61032242  0.932656709159
465.164935226  0.908807323786
429.377923099  0.860961880717
414.701378254  0.833871735441
419.928810894  0.800500289723
434.5018832  0.748084723314
441.463515583  0.697229005422
484.056951285  0.574960163073
459.883696867  0.450835799429
498.979760771  0.341273902156
505.297793965  0.245892657589
530.352634411  0.147405684781
530.319523199  0.121963857042
495.730723066  0.094794555275
410.790116303  0.0785558337817
322.981250776  0.108418784405
280.267786929  0.1384610012
250.469765324  0.192406150408
