m x600GeV:214.433 x700GeV:268.458 y400GeV:194.964 y500GeV:238.468
83.8718 144.173
3.8849 11.528
6.8754 4.658
8.7209 6.871
8.297 5.621
12.103 5.908
4.915 3.329
15.424 8.199
1.594 1.08
17.018 8.74
3.036 1.709
13.982 9.081
3.701 2.448
13.316 9.44
2.991 2.088
14.027 9.547
4.272 1.982
12.746 5.536
17.018 5.191
2.056 0.801
14.962 3.9
17.018 -2.103
14.28 -1.797
2.738 -0.339
17.018 -5.005
10.265 -6.184
6.752 -2.639
9.376 2.639
7.642 2.069
17.018 -0.758
2.206 -1.311
-2.206 -4.279
-4.225 -7.25
-7.011 -11.528
-4.498 -11.529
0.257 -11.529
-0.773 -11.528
7.285 -11.529
8.965 -6.659
5.113 -4.87
5.61 -11.528
-0.127 -11.529
-0.301 -11.529
-5.769 -11.528
2.07 -11.529
10.422 -7.8232
7.088 -3.7054
5.817 -11.5287
-6.057 -10.5498
