m x400GeV:144.972 x500GeV:210.574 y400GeV:209.465 y500GeV:306.142
106.431 70.1793
5.253 6.3561
0.806 18.3685
8.701 10.8281
7.699 7.54
7.062 8.788
10.556 9.581
4.204 5.232
14.76 9.525
4.973 3.611
9.788 10.696
6.605 7.673
8.155 7.962
9.86 10.406
4.901 4.863
13.61 13.506
1.15 1.106
14.76 12.292
6.594 4.97
8.167 6.158
8.828 -6.158
5.932 -4.431
7.592 4.431
7.169 8.089
14.76 -8.021
0.063 -0.068
8.541 -18.368
5.611 -18.369
0.545 -1.296
7.961 -17.072
6.8 -12.846
2.808 -5.523
5.915 -18.368
-1.508 -18.369
-0.419 -18.3681
0.666 -18.3685
0.744 -12.0845
