500 280 48
675 280 17
825 280 14
1000 280 9.9
1150 280 7
1300 280 6.3
1475 280 5.4
475 300 109
625 300 23
800 300 14
950 300 10
1100 300 7.8
1275 300 6.5
1425 300 5.6
450 350 1001
600 350 38
750 350 17
925 350 13
1075 350 8.6
1250 350 7
1400 350 6.2
575 380 107
725 380 23
875 380 15
1025 380 11
1200 380 7.7
1350 380 6.5
525 425 898
675 425 40
825 425 17
1000 425 13
1150 425 9
1325 425 6.5
1475 425 6
650 460 114
800 460 23
950 460 13
1125 460 11
1275 460 7.7
1425 460 6.8
600 500 888
750 500 40
925 500 15
1075 500 12
1250 500 8.6
1400 500 6.7
725 550 95
875 550 21
1025 550 13
1200 550 9.3
1350 550 7.5
675 580 823
825 580 32
1000 580 15
1150 580 11
1325 580 8.6
1475 580 6.4
1275 625 9.9
750 660 987
925 660 36
1200 700 12
825 750 890
1000 750 32
1125 780 18
