# MassX , MassY , Eff*Acc  
200.0 180.0 0.0
250.0 230.0 0.0
250.0 245.0 0.000168
300.0 150.0 0.0
300.0 230.0 0.0
300.0 280.0 0.0
300.0 295.0 0.000177
350.0 150.0 0.000168
350.0 250.0 9.9e-05
350.0 330.0 0.000216
350.0 345.0 0.000208
400.0 1.0 0.007729
400.0 100.0 0.003672
400.0 200.0 0.000252
400.0 300.0 8.2e-05
400.0 380.0 0.0
400.0 395.0 0.000552
450.0 300.0 0.0
450.0 350.0 0.0
450.0 400.0 0.0
450.0 430.0 0.000346
450.0 445.0 0.0
500.0 1.0 0.035853
500.0 100.0 0.0273
500.0 200.0 0.011385
500.0 300.0 0.000205
500.0 350.0 8.8e-05
500.0 400.0 0.0
500.0 450.0 0.0
500.0 480.0 0.0
500.0 495.0 0.0
550.0 1.0 0.047944
550.0 100.0 0.04005
550.0 200.0 0.026514
550.0 300.0 0.004248
550.0 350.0 0.000273
550.0 400.0 0.0
550.0 450.0 0.0
550.0 500.0 0.000101
550.0 530.0 0.0
550.0 545.0 0.0
600.0 1.0 0.057477
600.0 100.0 0.053704
600.0 200.0 0.0419
600.0 300.0 0.01859
600.0 350.0 0.005194
600.0 400.0 0.000231
600.0 450.0 0.0
600.0 500.0 0.000185
600.0 580.0 0.0
600.0 595.0 0.0
650.0 1.0 0.0706
650.0 100.0 0.0676
650.0 200.0 0.059346
650.0 300.0 0.037848
650.0 350.0 0.019822
650.0 400.0 0.00732
650.0 450.0 0.00048
650.0 500.0 0.000144
650.0 600.0 0.0
700.0 1.0 0.071016
700.0 100.0 0.071136
700.0 200.0 0.072176
700.0 300.0 0.055242
700.0 350.0 0.038885
700.0 400.0 0.024416
700.0 450.0 0.00846
700.0 500.0 0.001001
700.0 600.0 0.0
750.0 1.0 0.081313
750.0 100.0 0.07636
750.0 200.0 0.07473
750.0 300.0 0.0635
750.0 350.0 0.05243
750.0 400.0 0.041256
750.0 450.0 0.025422
750.0 500.0 0.007905
750.0 600.0 9.6e-05
800.0 1.0 0.081186
800.0 50.0 0.079417
800.0 100.0 0.078604
800.0 150.0 0.079128
800.0 200.0 0.07776
800.0 250.0 0.07414
800.0 300.0 0.069024
800.0 350.0 0.072414
800.0 400.0 0.055952
800.0 450.0 0.042692
800.0 500.0 0.026936
800.0 550.0 0.012159
800.0 600.0 0.00102
850.0 1.0 0.079794
850.0 50.0 0.08282
850.0 100.0 0.082824
850.0 150.0 0.079335
850.0 200.0 0.084065
850.0 250.0 0.080914
850.0 300.0 0.075465
850.0 350.0 0.077174
850.0 400.0 0.062304
850.0 450.0 0.061162
850.0 500.0 0.045396
850.0 550.0 0.030095
850.0 600.0 0.010812
900.0 1.0 0.084501
900.0 50.0 0.082584
900.0 100.0 0.080652
900.0 150.0 0.076392
900.0 200.0 0.086715
900.0 250.0 0.077064
900.0 300.0 0.082044
900.0 350.0 0.072488
900.0 400.0 0.07475
900.0 450.0 0.07475
900.0 500.0 0.06396
900.0 550.0 0.052258
900.0 600.0 0.027976
950.0 1.0 0.076602
950.0 50.0 0.08814
950.0 100.0 0.078732
950.0 150.0 0.080352
950.0 200.0 0.081393
950.0 250.0 0.081511
950.0 300.0 0.083804
950.0 350.0 0.08338
950.0 400.0 0.081442
950.0 450.0 0.074316
950.0 500.0 0.077232
950.0 550.0 0.069832
950.0 600.0 0.049616
1000.0 1.0 0.08586
1000.0 50.0 0.07826
1000.0 100.0 0.076857
1000.0 150.0 0.074679
1000.0 200.0 0.081795
1000.0 250.0 0.081252
1000.0 300.0 0.08692
1000.0 350.0 0.079365
1000.0 400.0 0.082328
1000.0 450.0 0.079758
1000.0 500.0 0.0737
1000.0 550.0 0.075705
1000.0 600.0 0.065025
