526.700000 69.824035 
512.500000 75.222100 
487.500000 73.910850 
462.500000 72.723025 
437.500000 71.778000 
412.500000 70.885200 
387.500000 70.018225 
362.500000 69.171800 
337.500000 68.341650 
312.500000 67.529550 
287.500000 66.856850 
271.700000 69.655637 
262.500000 71.540475 
237.500000 70.433450 
212.500000 69.336050 
187.500000 67.805550 
178.400000 68.309312 
179.000000 71.274060 
179.000000 74.196700 
179.000000 77.124100 
179.000000 80.039600 
180.500000 83.256500 
181.700000 86.469750 
183.100000 89.802510 
184.800000 93.284160 
186.400000 96.807680 
187.500000 99.971250 
212.500000 107.808750 
214.600000 108.822680 
237.500000 120.172500 
238.800000 120.863520 
262.500000 133.892250 
262.500000 133.892250 
284.600000 147.481700 
262.500000 141.121500 
237.500000 129.704250 
224.500000 124.072750 
212.500000 118.819250 
187.500000 109.176750 
187.100000 109.505450 
187.500000 110.872500 
212.500000 120.847500 
217.000000 124.998000 
217.800000 129.211080 
220.500000 134.343600 
223.500000 139.738950 
226.600000 145.349180 
229.600000 151.041280 
232.700000 156.953780 
235.700000 162.960200 
237.500000 166.571000 
238.800000 169.157400 
241.800000 175.461180 
245.300000 182.223880 
249.900000 189.929580 
254.600000 197.932480 
237.500000 188.829500 
231.300000 185.614290 
214.500000 177.095550 
212.500000 176.083000 
187.500000 157.053000 
182.900000 156.169250 
179.300000 156.275100 
178.100000 158.211960 
176.500000 159.735650 
175.300000 161.544710 
174.200000 163.385260 
173.500000 165.532300 
187.500000 180.309000 
212.500000 203.899000 
237.500000 227.613250 
262.500000 251.362500 
271.400000 261.760160 
287.500000 280.720500 
312.500000 305.026000 
337.500000 329.286000 
362.500000 353.546000 
387.500000 377.806000 
412.500000 401.995500 
412.500000 401.995500 
437.500000 426.024000 
462.500000 449.982250 
487.500000 473.991000 
512.500000 497.793750 
537.500000 521.312750 
552.800000 542.401920 
552.800000 554.771200 
562.500000 569.032500 
587.500000 592.247500 
612.500000 615.262500 
624.900000 627.159600 
624.900000 612.980610 
637.500000 620.290500 
660.700000 633.308080 
662.500000 633.580000 
687.500000 644.202500 
689.100000 644.937180 
701.700000 640.931010 
712.500000 644.640000 
724.300000 645.049010 
737.500000 645.089000 
743.200000 644.887520 
757.300000 639.874680 
762.500000 636.050000 
768.700000 631.920900 
772.600000 617.609500 
775.000000 601.898500 
777.300000 585.996090 
779.400000 569.910720 
780.700000 553.102940 
779.800000 534.780080 
778.000000 516.001800 
776.100000 497.179050 
774.200000 478.521200 
771.300000 459.323820 
765.600000 438.766080 
762.500000 428.461250 
759.400000 418.302620 
753.500000 398.219950 
747.600000 378.496320 
740.800000 358.598880 
737.500000 351.867000 
729.800000 337.297200 
718.600000 316.524700 
712.500000 305.470500 
706.500000 295.907850 
693.300000 275.575320 
687.500000 267.514250 
672.300000 253.364340 
662.500000 246.534000 
637.500000 229.785000 
633.200000 226.915840 
612.500000 213.760750 
592.900000 202.124430 
587.500000 198.996250 
562.500000 185.373750 
549.200000 178.435320 
537.500000 172.499000 
515.200000 159.006000 
523.300000 149.416900 
532.100000 139.501640 
537.500000 133.296250 
541.700000 129.316630 
560.900000 119.757370 
562.500000 119.244750 
583.100000 109.558494 
587.500000 108.260975 
612.500000 100.039675 
615.200000 98.963936 
637.500000 88.574700 
641.100000 86.503971 
648.300000 72.383715 
