325.0 175.0 85.975236561 56.8901188672 131.299996561
250.0 75.0 251.547289938 50.4140317164 400.999989938
500.0 0.0 11.0395265584 6.17641687478 19.3099995584
875.0 325.0 0.36449798542 2.301006593 0.57320098542
975.0 775.0 0.157973993681 20.5297017736 0.235501993681
175.0 0.0 1026.89995892 58.5008947938 1749.99995892
1025.0 350.0 -1.0 1.0 0.170300995885
550.0 125.0 6.73857773046 4.73968982179 10.7799997305
800.0 200.0 0.683136972675 2.28834802058 1.12099997267
475.0 25.0 14.426092423 5.88067516219 24.529999423
500.0 75.0 10.8586035657 5.53712346564 18.1399995657
800.0 750.0 -1.0 1.0 1.0129999722
925.0 800.0 0.239165990433 71.2033408797 0.353899990433
500.0 200.0 11.1465075541 10.0154365723 17.2599995541
800.0 650.0 0.697855972086 48.2431200643 1.02400097209
950.0 525.0 0.19425799223 3.38752628086 0.29839999223
350.0 75.0 60.6606695736 12.735140073 98.2199975736
1025.0 250.0 -1.0 1.0 0.178599995869
925.0 450.0 0.237786990489 2.90545282027 0.370499990489
950.0 800.0 0.194352992226 45.835742106 0.288699992226
300.0 200.0 121.00359516 71.7802954217 183.19999516
850.0 725.0 0.447181982113 57.3108206607 0.662099982113
700.0 600.0 1.66100893356 60.4695156217 2.43299993356
900.0 50.0 0.296911988124 1.91950186625 0.552599988124
950.0 175.0 0.19349599226 2.01766767893 0.33710099226
550.0 400.0 6.70535973179 42.5808414817 10.0499997318
875.0 475.0 0.364397985424 3.51487935592 0.555399985424
975.0 850.0 0.158381993665 77.970928409 0.234499993665
850.0 150.0 0.446301982148 2.07797549546 0.760698982148
775.0 650.0 0.866979965321 54.1726133476 1.26899996532
625.0 425.0 3.25765986969 24.4727418241 4.89799986969
200.0 25.0 616.593575336 62.7673462861 1007.99997534
725.0 75.0 1.32015794719 2.45274010511 2.27299894719
925.0 175.0 0.23923899043 1.87292863571 0.41049999043
550.0 225.0 6.73350573066 7.42898575306 10.3799997307
425.0 25.0 24.5296500188 8.79137749833 41.7099990188
700.0 25.0 1.6774529329 2.5706490851 2.9460009329
525.0 100.0 8.549954658 5.36752601252 13.949999658
175.0 100.0 1026.08085896 245.569356614 1600.99995896
375.0 125.0 44.5218222191 14.6705430392 70.0799982191
1025.0 100.0 -1.0 1.0 0.200800995817
375.0 150.0 44.6313052147 20.4369653948 69.5299982147
400.0 350.0 -1.0 1.0 50.1199986786
475.0 425.0 -1.0 1.0 21.5299994266
425.0 100.0 24.7401650104 9.95744769979 39.8199990104
700.0 625.0 1.66090493356 121.231838233 2.42999993356
475.0 225.0 14.401139424 13.5737853355 22.199999424
650.0 400.0 2.60292689588 12.021108427 3.91299889588
550.0 275.0 6.70593573176 10.3639228223 10.2599997318
375.0 50.0 43.9735242411 13.6061727621 73.0699982411
575.0 400.0 5.27317778907 28.969100297 7.88100078907
575.0 200.0 5.25897578964 6.6741119538 8.18899978964
975.0 125.0 0.156642993734 1.73025152698 0.287999993734
750.0 175.0 1.05895595764 2.82600141234 1.72299895764
350.0 250.0 61.2406385504 69.2757860654 93.1699975504
650.0 50.0 2.62623789495 2.85716987669 4.47399989495
800.0 475.0 0.693471972261 5.96390036797 1.03999997226
750.0 725.0 -1.0 1.0 1.55899995718
250.0 150.0 255.333529787 100.438016984 392.699989787
925.0 650.0 0.237481990501 9.36190971392 0.357599990501
800.0 775.0 -1.0 1.0 1.01199997224
650.0 100.0 2.61524189539 3.29791770545 4.32200089539
925.0 825.0 0.239021990439 55.245158573 0.352799990439
575.0 325.0 5.23809279048 10.7776042948 7.95699979048
250.0 125.0 253.312909867 104.011593387 394.199989867
750.0 0.0 1.06334495747 2.27764978981 1.95899995747
450.0 150.0 18.8335852467 10.2283459157 29.5799992467
425.0 75.0 24.549979018 10.7463238777 40.179999018
975.0 650.0 0.158625993655 5.38979884651 0.239399993655
425.0 0.0 24.4059800238 9.97081676923 42.8099990238
675.0 325.0 2.05784691769 5.77996261259 3.14799991769
350.0 300.0 -1.0 1.0 92.4699975592
425.0 300.0 24.9083890037 85.424459022 37.6999990037
625.0 275.0 3.275097869 6.02691473328 5.017000869
500.0 450.0 -1.0 1.0 16.629999556
475.0 0.0 14.3733474251 6.10145882755 25.0799994251
725.0 625.0 1.32619794695 66.3149493436 1.94799994695
475.0 100.0 14.3522814259 7.06293154508 23.2199994259
1025.0 875.0 -1.0 1.0 0.156498995796
725.0 650.0 1.33204194672 110.321708024 1.94799994672
925.0 475.0 0.238815990447 3.20653594099 0.368599990447
675.0 225.0 2.0601159176 3.42603668105 3.2269989176
775.0 725.0 -1.0 1.0 1.25999996533
900.0 125.0 0.291694988332 1.91541218867 0.515999988332
925.0 125.0 0.237212990511 1.93078063832 0.424200990511
775.0 500.0 0.861823965527 9.23481061595 1.27999996553
1025.0 475.0 -1.0 1.0 0.164600995822
100.0 75.0 -1.0 1.0 13009.9996639
550.0 200.0 6.71126973155 6.25319859315 10.4699997315
600.0 375.0 4.16457083342 15.639062738 6.22599883342
950.0 825.0 0.19523799219 58.9883031531 0.28859999219
775.0 0.0 0.853643965854 2.29164674822 1.59499896585
850.0 600.0 0.449768982009 12.2812542099 0.669000982009
725.0 175.0 1.32812594687 2.8191424682 2.13799994687
875.0 125.0 0.362904985484 1.97704327071 0.632900985484
825.0 50.0 0.560145977594 2.09143714925 1.00799997759
550.0 175.0 6.73731773051 5.6646438759 10.5699997305
825.0 325.0 0.554768977809 2.77056663447 0.864798977809
875.0 225.0 0.362512985499 2.21476378566 0.598798985499
625.0 400.0 3.25310986988 15.2656934224 4.89999986988
1025.0 800.0 -1.0 1.0 0.157500995787
1000.0 200.0 0.126222994951 1.75620977331 0.223600994951
650.0 375.0 2.60639989574 8.21634929305 3.93300089574
175.0 125.0 -1.0 1.0 1586.99995874
350.0 0.0 61.2720875491 14.5020536664 104.899997549
575.0 25.0 5.26955278922 3.55004646311 9.06199878922
825.0 750.0 0.556186977753 93.471383469 0.817201977753
675.0 525.0 2.07666691693 50.1678536336 3.07699991693
400.0 225.0 33.3139906674 31.6639159013 50.9699986674
275.0 25.0 172.610393096 24.3370971516 283.199993096
1025.0 275.0 -1.0 1.0 0.176501995876
475.0 400.0 14.3312774267 97.9140007661 21.5799994267
750.0 575.0 1.07220195711 27.6187370635 1.57699895711
1000.0 0.0 0.128669994853 1.70648078589 0.270201994853
525.0 425.0 8.67952765282 91.8252459831 12.8699996528
850.0 525.0 0.449478982021 5.37915995207 0.675399982021
800.0 100.0 0.685611972576 2.37810070045 1.18699897258
950.0 750.0 0.194281992229 26.3375288969 0.289799992229
1000.0 325.0 0.127391994904 2.03660617117 0.210599994904
975.0 350.0 0.157620993695 2.10233611454 0.253899993695
900.0 750.0 0.292827988287 49.8125006755 0.436599988287
450.0 250.0 18.8267532469 24.1583790039 28.6599992469
725.0 100.0 1.33041794678 2.46957392203 2.22999994678
700.0 650.0 -1.0 1.0 2.42999993338
775.0 300.0 0.857444965702 3.23072447308 1.3360009657
825.0 125.0 0.55450897782 2.14147714412 0.94610097782
925.0 725.0 0.23875399045 16.2580275228 0.35549899045
900.0 875.0 -1.0 1.0 0.432000988338
900.0 475.0 0.293529988259 3.55310996243 0.450199988259
700.0 75.0 1.65187093393 2.43635194114 2.82999993393
275.0 175.0 171.731993131 101.712822914 263.999993131
700.0 525.0 1.66148393354 38.6745516487 2.45999993354
525.0 250.0 8.58288865668 9.38588848774 13.1699996567
525.0 75.0 8.57690965692 4.69160615467 14.1299996569
250.0 25.0 255.715389771 28.5729761235 420.999989771
600.0 125.0 4.11692383532 3.74155237607 6.72699983532
975.0 425.0 0.157815993687 2.3494353173 0.248098993687
1000.0 250.0 0.127395994904 1.73362628251 0.217398994904
650.0 500.0 2.61812289528 42.2203751902 3.88100089528
875.0 650.0 0.363054985478 12.0854566339 0.540098985478
575.0 125.0 5.2274537909 4.36291424558 8.4709997909
225.0 50.0 386.197684552 57.1922164548 622.999984552
500.0 325.0 11.149382554 30.6941871014 16.869999554
150.0 75.0 1849.63732601 187.380786571 2885.99992601
825.0 100.0 0.550299977988 1.95718633151 0.965098977988
550.0 450.0 6.72050673118 58.5419183804 9.97699973118
725.0 475.0 1.32972994681 9.78438495256 1.97699994681
425.0 275.0 24.9772140009 52.3922512929 37.8499990009
675.0 200.0 2.05725291771 3.21377425765 3.26599891771
875.0 350.0 0.361667985533 2.54066576854 0.567500985533
800.0 250.0 0.687457972502 2.36402019962 1.0979999725
700.0 350.0 1.63918693443 6.08025868543 2.49799893443
1000.0 850.0 0.129128994835 42.0671995315 0.191700994835
1025.0 575.0 -1.0 1.0 0.161400995789
775.0 75.0 0.859923965603 2.33895052025 1.4949989656
825.0 550.0 0.556798977728 10.2285234557 0.830299977728
975.0 275.0 0.157412993703 1.91874834742 0.263099993703
750.0 625.0 1.07168395713 87.6672423134 1.57299995713
850.0 625.0 0.451431981943 14.3394807819 0.667700981943
400.0 0.0 32.8085386877 9.57409299764 56.8999986877
375.0 300.0 44.9381082025 138.897096531 68.1499982025
950.0 75.0 0.194397992224 1.84604671732 0.363700992224
675.0 600.0 2.07858991686 113.396445496 3.04599891686
850.0 400.0 0.446473982141 3.57661064481 0.692099982141
600.0 225.0 4.12227583511 5.20098043074 6.41299883511
500.0 225.0 11.1167095553 12.3049787786 17.0999995553
1000.0 500.0 0.128804994848 2.56940761741 0.200598994848
450.0 125.0 18.7945192482 8.59166091929 29.8799992482
975.0 225.0 0.157580993697 1.76358601605 0.270199993697
950.0 900.0 -1.0 1.0 0.286799992209
775.0 25.0 0.85975896561 2.19737970339 1.55499896561
700.0 225.0 1.65072593397 3.3006036298 2.59099993397
650.0 275.0 2.57829389687 4.61642160302 3.98499889687
925.0 375.0 0.238294990468 2.53987128316 0.375799990468
850.0 0.0 0.442839982286 2.1185419987 0.862899982286
100.0 0.0 8431.93766272 234.549769097 14259.9996627
375.0 250.0 44.7475752101 90.3825213512 68.3899982101
575.0 500.0 5.26032378959 168.346874416 7.78499878959
350.0 175.0 60.8085255677 39.5274293368 94.1599975677
1000.0 725.0 0.129186994833 8.12769684665 0.193799994833
600.0 550.0 -1.0 1.0 6.11799983354
375.0 225.0 44.9130402035 47.8291836878 68.5799982035
950.0 350.0 0.194344992226 2.13964220781 0.311099992226
650.0 25.0 2.62029389519 2.97855753969 4.56099889519
825.0 700.0 0.558293977668 60.4248216583 0.820899977668
925.0 500.0 0.238224990471 3.84611831107 0.366500990471
275.0 50.0 172.5118131 24.1991071962 278.1999931
875.0 250.0 0.362615985495 2.2188814963 0.592799985495
950.0 400.0 0.19374399225 2.28913948673 0.30529999225
425.0 125.0 24.7791950088 9.36344402532 39.2199990088
550.0 75.0 6.71779173129 3.86327947642 11.0199997313
1025.0 25.0 -1.0 1.0 0.217199995832
625.0 475.0 3.274957869 42.4713994066 4.871999869
625.0 0.0 3.29683586813 3.17091434066 5.85999986813
800.0 575.0 0.695764972169 15.899248654 1.02999997217
925.0 550.0 0.238883990445 4.22263510215 0.363099990445
100.0 25.0 8356.88766572 630.453666051 13539.9996657
1000.0 600.0 0.129401994824 3.70553568206 0.196599994824
825.0 225.0 0.554432977823 2.25827019686 0.900199977823
775.0 675.0 0.865785965369 50.5314912233 1.26299996537
475.0 250.0 14.4026794239 16.6105462704 22.0899994239
775.0 275.0 0.861637965534 3.02468776634 1.34399896553
1025.0 150.0 -1.0 1.0 0.191500995834
850.0 825.0 -1.0 1.0 0.656999982143
975.0 875.0 0.158136993675 51.5179596841 0.233999993675
325.0 75.0 84.8483966061 18.4365553712 136.499996606
950.0 650.0 0.193537992258 7.04950631286 0.291999992258
825.0 350.0 0.554548977818 2.90874636038 0.859500977818
700.0 150.0 1.63618293455 3.08361584084 2.67700093455
1025.0 775.0 -1.0 1.0 0.157799995791
850.0 575.0 0.448965982041 9.61395224303 0.670998982041
600.0 200.0 4.15425783383 4.53688068539 6.48899983383
775.0 750.0 -1.0 1.0 1.25699896541
400.0 250.0 33.4054746638 52.3117572069 50.8299986638
650.0 250.0 2.56702689732 4.07590994704 4.01599889732
575.0 300.0 5.26065778957 10.0590006713 8.00100078957
725.0 500.0 1.32789394688 14.3390551675 1.96900094688
900.0 225.0 0.292964988281 2.13940765709 0.487300988281
800.0 25.0 0.694062972237 2.15962252003 1.26400097224
850.0 425.0 0.44900298204 3.68658585708 0.68759998204
575.0 275.0 5.24429279023 8.98048266148 8.03599879023
850.0 750.0 0.449098982036 76.7139639291 0.661899982036
975.0 75.0 0.157567993697 1.7661742575 0.300300993697
975.0 750.0 0.157722993691 15.3390797786 0.235899993691
1025.0 75.0 -1.0 1.0 0.204999995816
950.0 150.0 0.193143992274 1.85489817344 0.343001992274
450.0 225.0 18.7770472489 16.4211972151 28.8699992489
600.0 475.0 4.1725918331 66.8765786621 6.1669988331
575.0 175.0 5.24615579015 5.04348491869 8.27599979015
975.0 900.0 0.15824799367 74.1279063125 0.23330099367
1025.0 200.0 -1.0 1.0 0.184098995853
600.0 575.0 -1.0 1.0 6.11499883338
850.0 775.0 0.447724982091 100.782335632 0.658999982091
725.0 525.0 1.33112894675 22.6154495031 1.96999994675
650.0 575.0 2.62184989513 91.6929733422 3.84999989513
950.0 550.0 0.193834992247 3.6557130856 0.296700992247
575.0 250.0 5.24386279025 7.26758399806 8.06499979025
200.0 75.0 613.087035477 121.999309295 966.099975477
925.0 150.0 0.23724699051 1.93485985167 0.41709999051
375.0 100.0 44.4864142205 15.31121958 71.1099982205
525.0 475.0 -1.0 1.0 12.7899996549
975.0 375.0 0.158568993657 2.21214500757 0.252698993657
575.0 100.0 5.24140379034 4.097554609 8.57699979034
800.0 525.0 0.692315972307 8.79970388372 1.03099997231
750.0 600.0 1.07314895707 41.781762739 1.57700095707
1025.0 600.0 -1.0 1.0 0.160601995801
1000.0 150.0 0.128316994867 1.77693890978 0.232499994867
1025.0 125.0 -1.0 1.0 0.196099995843
425.0 400.0 -1.0 1.0 37.1799990129
750.0 675.0 1.07464895701 119.235326019 1.56699995701
900.0 400.0 0.291775988329 2.77345240932 0.455898988329
900.0 325.0 0.293667988253 2.50589807725 0.467399988253
775.0 150.0 0.844307966228 2.46027402399 1.40999996623
475.0 275.0 14.4167814233 24.8743719939 21.9299994233
775.0 225.0 0.848662966053 2.67288251025 1.36200096605
725.0 700.0 -1.0 1.0 1.94099994661
675.0 75.0 2.07414891703 2.58047025627 3.50599991703
1025.0 525.0 -1.0 1.0 0.162999995805
950.0 100.0 0.193700992252 1.8222199692 0.354698992252
200.0 0.0 616.223975351 47.0832032225 1047.99997535
525.0 275.0 8.58833265647 11.7135756408 13.1299996565
375.0 25.0 43.7790192488 10.8368654823 74.6699982488
1000.0 175.0 0.127861994886 1.70462157715 0.227999994886
600.0 0.0 4.19462983221 3.34336431623 7.35899883221
700.0 250.0 1.64275493429 3.743825946 2.56399993429
975.0 400.0 0.158981993641 2.35360486226 0.250800993641
650.0 175.0 2.57466589701 3.29976801736 4.13999989701
900.0 600.0 0.29348798826 7.81126469374 0.44279898826
800.0 500.0 0.694070972237 7.61471865699 1.03499897224
950.0 275.0 0.194450992222 1.93940030877 0.320400992222
650.0 200.0 2.59596789616 3.30766441766 4.10299989616
900.0 700.0 0.293418988263 18.5024350113 0.438200988263
525.0 375.0 8.61137965554 44.4296213488 12.9299996555
675.0 0.0 2.10018991599 2.83914398523 3.74899991599
275.0 200.0 173.592233056 187.553813888 264.299993056
450.0 375.0 18.8516992459 98.3103820019 28.1999992459
875.0 375.0 0.361911985524 2.56394692064 0.565399985524
875.0 400.0 0.362015985519 2.67923726652 0.562398985519
850.0 250.0 0.448906982044 2.16422410001 0.725798982044
900.0 425.0 0.291606988336 2.90175715425 0.454499988336
400.0 200.0 33.1040986758 28.3855283485 50.9999986758
550.0 300.0 6.71453973142 11.9708306903 10.2199997314
850.0 550.0 0.449224982031 8.40611963843 0.673500982031
275.0 0.0 173.893913044 23.9936669392 292.799993044
450.0 175.0 18.8059742478 10.6096493057 29.2699992478
900.0 275.0 0.291385988345 2.18405159992 0.476899988345
550.0 25.0 6.72652773094 4.62347122416 11.5199997309
975.0 450.0 0.158390993664 2.71737396211 0.248299993664
625.0 50.0 3.25724486971 3.01602690274 5.58799886971
1025.0 650.0 -1.0 1.0 0.159300995797
550.0 375.0 6.70278673189 33.6651410908 10.0899997319
950.0 500.0 0.194026992239 3.39193549007 0.299100992239
750.0 450.0 1.07142695714 7.85956506928 1.59699995714
950.0 0.0 0.193912992243 1.79493930514 0.395499992243
925.0 75.0 0.241485990341 1.83541347284 0.443500990341
650.0 550.0 2.6275318949 50.3868688312 3.8679988949
550.0 150.0 6.7623997295 5.06594258753 10.6999997295
750.0 250.0 1.07361495706 2.69274824057 1.67699995706
1025.0 175.0 -1.0 1.0 0.188099995823
575.0 75.0 5.24641779014 3.58595320794 8.68899979014
600.0 175.0 4.14427283423 4.53508717868 6.54599983423
575.0 550.0 -1.0 1.0 7.7609987894
650.0 475.0 2.60867189565 35.3508037687 3.88599989565
900.0 675.0 0.292854988286 13.4087104816 0.438799988286
950.0 25.0 0.193646992254 1.68864795835 0.382701992254
875.0 725.0 0.360323985587 45.1355693241 0.535398985587
675.0 175.0 2.05325991787 3.15032429119 3.29999991787
650.0 525.0 2.62336789507 90.8618734943 3.87900089507
500.0 175.0 11.0519495579 8.33753004877 17.3499995579
625.0 350.0 3.27275986909 10.8337862256 4.94299886909
125.0 25.0 3632.16535471 171.107106739 5904.99985471
725.0 125.0 1.31952794722 2.4560679001 2.19299994722
275.0 225.0 -1.0 1.0 262.999993006
525.0 25.0 8.54684565813 5.37372819711 14.6299996581
800.0 600.0 0.696983972121 21.2140058773 1.02799997212
800.0 400.0 0.690637972374 3.9098497551 1.05199997237
125.0 50.0 3667.63425329 244.237191975 5783.99985329
975.0 25.0 0.157264993709 1.6301640733 0.316300993709
850.0 350.0 0.447649982094 2.88004979468 0.699999982094
1000.0 825.0 0.128841994846 32.3680324687 0.191899994846
550.0 475.0 6.69526273219 96.8912583258 9.94099973219
625.0 500.0 3.28273986869 81.4608813574 4.85899986869
925.0 100.0 0.239111990436 1.85739792263 0.431999990436
725.0 375.0 1.32319994707 5.16502605353 1.99999994707
750.0 125.0 1.05425795783 2.39355839966 1.76799895783
975.0 550.0 0.159018993639 3.36090714687 0.242999993639
475.0 200.0 14.3763194249 11.8251605373 22.3999994249
900.0 25.0 0.296566988137 1.86785760437 0.566399988137
1000.0 900.0 0.129124994835 49.033973366 0.190899994835
475.0 50.0 14.2060874318 6.12393239437 23.9199994318
775.0 575.0 0.866658965334 22.1408877285 1.27599996533
875.0 825.0 -1.0 1.0 0.531900985603
925.0 300.0 0.237874990485 2.18319396548 0.384599990485
775.0 325.0 0.858452965662 3.29239934217 1.32599996566
875.0 500.0 0.365100985396 4.22927772715 0.553099985396
675.0 25.0 2.09736291611 2.88092427784 3.66800091611
700.0 300.0 1.64481893421 3.91164475273 2.53399893421
400.0 375.0 -1.0 1.0 49.9599986841
950.0 700.0 0.194063992237 11.0557493236 0.291299992237
800.0 75.0 0.686516972539 2.26997300875 1.21399997254
725.0 350.0 1.32438894702 4.87131958029 2.00999994702
750.0 400.0 1.06730495731 4.73487915264 1.61199995731
825.0 475.0 0.55698997772 4.73354439227 0.83959897772
700.0 325.0 1.64314993427 4.32228467738 2.51400093427
925.0 400.0 0.237914990483 2.60228876907 0.373198990483
350.0 25.0 60.1675275933 13.9579519078 102.099997593
425.0 325.0 24.9033740039 81.5653039349 37.5899990039
300.0 175.0 120.894535164 79.8737632318 184.599995164
300.0 125.0 119.813515207 39.7748460786 186.799995207
750.0 350.0 1.06339495746 4.41679192914 1.62399995746
800.0 50.0 0.692228972311 2.19924604919 1.23899997231
500.0 275.0 11.1526835539 20.2350905165 16.9699995539
975.0 675.0 0.158429993663 7.22141029934 0.238598993663
275.0 250.0 -1.0 1.0 260.899993069
825.0 25.0 0.556199977752 2.16255964534 1.02999997775
925.0 875.0 -1.0 1.0 0.351898990452
1000.0 575.0 0.128836994847 3.23430431236 0.197300994847
425.0 175.0 24.8159390074 13.1708403796 38.5999990074
750.0 50.0 1.06804195728 2.30624883149 1.88500195728
425.0 150.0 24.7959310082 10.6095885283 38.9199990082
675.0 275.0 2.050025918 4.21226868537 3.169000918
650.0 450.0 2.59373489625 25.3101069894 3.88399989625
825.0 250.0 0.553686977853 2.33492775717 0.889599977853
875.0 700.0 0.362812985487 38.1846085053 0.537500985487
725.0 200.0 1.31581394737 2.80720931723 2.10800094737
400.0 100.0 32.9274346829 10.890099965 52.8699986829
850.0 675.0 0.44974298201 29.0446362838 0.66529998201
775.0 50.0 0.858784965649 2.18402322501 1.52700096565
925.0 25.0 0.238954990442 1.85515053454 0.465798990442
975.0 250.0 0.158107993676 1.80146427131 0.266398993676
225.0 100.0 390.301364388 110.863357368 605.399984388
325.0 100.0 84.4569566217 18.748884555 134.399996622
875.0 425.0 0.361936985523 2.86690483335 0.558200985523
950.0 325.0 0.193845992246 2.11026087876 0.311799992246
875.0 800.0 0.359819985607 96.7680782908 0.532199985607
625.0 575.0 -1.0 1.0 4.83599986862
600.0 500.0 4.15442983382 67.5018276605 6.13199983382
650.0 225.0 2.58639389654 4.09903213768 4.05899989654
700.0 475.0 1.64728793411 17.1623129863 2.46599993411
950.0 850.0 0.1949929922 68.9099339975 0.2875999922
775.0 375.0 0.858310965668 4.21732876787 1.30899996567
950.0 575.0 0.194435992223 4.07030426764 0.295899992223
800.0 625.0 0.69525697219 32.3971992152 1.02499897219
800.0 375.0 0.691843972326 3.52513840781 1.05899797233
600.0 350.0 4.15050683398 14.6190559629 6.24700083398
775.0 400.0 0.853533965859 4.62696419674 1.29499796586
450.0 200.0 18.7940212482 14.2383361465 29.0299992482
500.0 475.0 -1.0 1.0 16.6399995518
875.0 175.0 0.364220985431 2.06248969652 0.614199985431
750.0 525.0 1.06971695721 15.1868842077 1.58499995721
300.0 0.0 119.666395213 17.2776702791 203.999995213
1000.0 50.0 0.129056994838 1.65660020171 0.254399994838
700.0 575.0 1.66593193336 58.3076934434 2.44199893336
750.0 275.0 1.06727295731 3.04719520081 1.65699895731
975.0 625.0 0.158603993656 4.98420097189 0.240199993656
750.0 500.0 1.07066795717 11.086724756 1.58899895717
650.0 600.0 -1.0 1.0 3.84699989495
225.0 25.0 389.817984407 44.3628145944 637.999984407
975.0 150.0 0.15725999371 1.83080116954 0.28319999371
925.0 775.0 0.238482990461 49.9315361182 0.354199990461
525.0 150.0 8.63291365468 6.74339011312 13.6899996547
950.0 125.0 0.192868992285 1.80029823807 0.349399992285
750.0 75.0 1.06964895721 2.43761465885 1.84199995721
625.0 75.0 3.26083286957 3.05433181455 5.48500086957
925.0 575.0 0.23974099041 4.98655286387 0.36159999041
1025.0 325.0 -1.0 1.0 0.172599995861
775.0 550.0 0.864272965429 13.14168307 1.27699996543
675.0 500.0 2.0725569171 32.2721311478 3.0859989171
500.0 300.0 11.0800315568 23.142224089 16.8799995568
725.0 600.0 1.32920494683 67.7738516695 1.95500094683
900.0 200.0 0.295147988194 1.96460666211 0.494798988194
1000.0 275.0 0.127677994893 1.91461688842 0.215199994893
1025.0 0.0 -1.0 1.0 0.223699995828
925.0 850.0 0.239427990423 107.434080707 0.352098990423
325.0 275.0 -1.0 1.0 128.499996564
825.0 0.0 0.549147978034 2.16494251176 1.05100097803
650.0 125.0 2.60783789569 3.3798472866 4.25700089569
350.0 275.0 61.0658835574 110.478929347 92.8899975574
550.0 500.0 -1.0 1.0 9.92500173218
875.0 675.0 0.362206985512 18.9233788008 0.537397985512
825.0 425.0 0.551808977928 4.19109261442 0.842199977928
425.0 250.0 24.8355230066 34.2937970741 37.9399990066
125.0 75.0 -1.0 1.0 5674.99985345
450.0 275.0 18.8128492475 32.3880748754 28.4999992475
550.0 50.0 6.72206573112 4.22837584923 11.2899997311
875.0 525.0 0.364727985411 4.94640441134 0.551698985411
875.0 850.0 -1.0 1.0 0.531301985642
900.0 575.0 0.2949939882 6.97421325647 0.4442009882
625.0 325.0 3.27161586914 8.03395944337 4.95999986914
700.0 500.0 1.66053793358 21.8568309728 2.46699993358
925.0 325.0 0.237881990485 2.27348155115 0.381098990485
1000.0 450.0 0.128150994874 2.60220106726 0.202099994874
525.0 0.0 8.60588765576 5.86957080048 15.0399996558
675.0 475.0 2.06695091732 20.6933409744 3.09099991732
550.0 250.0 6.71593373136 9.37763194864 10.3099997314
525.0 450.0 8.64162565433 87.0692535407 12.8099996543
525.0 300.0 8.55815165767 16.7039688677 13.0399996577
850.0 800.0 -1.0 1.0 0.658099982087
1025.0 625.0 -1.0 1.0 0.160298995783
725.0 325.0 1.32713994691 4.20542094415 2.01999994691
400.0 50.0 32.6166346953 11.177437969 54.4699986953
750.0 200.0 1.0599379576 2.68179527592 1.7059999576
825.0 800.0 -1.0 1.0 0.813199977816
975.0 725.0 0.158026993679 9.92810981992 0.237099993679
1000.0 100.0 0.127823994887 1.72634180635 0.241999994887
925.0 625.0 0.23824599047 6.92287012935 0.35939999047
975.0 100.0 0.156312993747 1.76416090099 0.293600993747
875.0 300.0 0.363833985447 2.33366870477 0.579999985447
850.0 125.0 0.446091982156 1.91865146396 0.774598982156
725.0 575.0 1.32877394685 39.1245312989 1.96100094685
500.0 350.0 11.1186495553 49.3608298401 16.7499995553
900.0 850.0 -1.0 1.0 0.432500988331
800.0 725.0 0.696162972153 108.732310434 1.01599997215
400.0 175.0 33.0513856779 17.9685847834 51.3299986779
800.0 125.0 0.686867972525 2.1568297362 1.16299997253
925.0 700.0 0.238186990473 13.3950232994 0.356299990473
825.0 675.0 0.559408977624 50.4308998585 0.824599977624
575.0 475.0 5.27202778912 71.52799103 7.82199978912
1025.0 375.0 -1.0 1.0 0.168598995859
600.0 400.0 4.16102283356 19.7644524631 6.20400083356
225.0 175.0 -1.0 1.0 594.799984224
625.0 200.0 3.27062386918 4.3828506118 5.13199986918
800.0 0.0 0.688550972458 2.22209252613 1.29499897246
700.0 175.0 1.63380493465 3.09934137847 2.63899993465
875.0 25.0 0.36724298531 1.896865609 0.68939898531
375.0 275.0 44.9277382029 79.6827206181 68.2999982029
850.0 275.0 0.448802982048 2.39520377169 0.718199982048
725.0 150.0 1.3149449474 2.62764036759 2.1560019474
650.0 325.0 2.57583689697 6.32297106225 3.94099989697
875.0 550.0 0.365339985386 5.88284750228 0.547899985386
675.0 50.0 2.07537491698 2.65962951207 3.57699991699
675.0 250.0 2.05119991795 3.97479188852 3.19999991795
475.0 125.0 14.3362234266 7.59227546808 22.9599994266
325.0 125.0 84.7624766095 27.2353842322 132.39999661
775.0 175.0 0.847133966115 2.62294164023 1.39399996611
650.0 300.0 2.58883689645 5.95071771317 3.96999989645
825.0 525.0 0.555560977778 7.79729566226 0.833300977778
750.0 550.0 1.06872495725 16.5162435955 1.58400095725
975.0 200.0 0.156900993724 1.8231181768 0.273299993724
850.0 650.0 0.450814981967 18.8795441969 0.665999981967
1000.0 650.0 0.129662994813 4.76683327514 0.195599994813
300.0 225.0 121.351435146 89.7848382592 182.099995146
850.0 25.0 0.447766982089 1.94442503411 0.838200982089
375.0 325.0 -1.0 1.0 67.7899982114
350.0 100.0 60.8339675666 18.2513066188 96.6999975666
975.0 825.0 0.158072993677 59.0447800855 0.234598993677
250.0 100.0 254.402389824 64.4474094113 398.499989824
625.0 525.0 3.27965686881 88.1539467308 4.85299986881
450.0 0.0 18.7800982488 8.14755339372 32.6099992488
350.0 150.0 60.650781574 27.5068916085 94.559997574
925.0 350.0 0.239716990411 2.3265004365 0.378698990411
450.0 50.0 18.5348992586 6.98131073691 30.9999992586
775.0 700.0 0.86724696531 94.4923460484 1.26199996531
950.0 600.0 0.194693992212 4.63507298189 0.294098992212
425.0 225.0 24.8727690051 22.8880369178 38.0899990051
925.0 225.0 0.239160990434 1.9212453646 0.398998990434
525.0 125.0 8.60156765594 4.83992472917 13.8199996559
450.0 75.0 18.6323392547 7.21701270058 30.5999992547
900.0 550.0 0.294847988206 4.20144830759 0.446198988206
775.0 475.0 0.861819965527 7.67058059573 1.28399896553
575.0 50.0 5.27443178902 3.60996859034 8.90500078902
975.0 50.0 0.157377993705 1.71033859984 0.307199993705
1025.0 900.0 -1.0 1.0 0.156299995797
950.0 625.0 0.194787992208 6.4992575682 0.293398992208
1025.0 675.0 -1.0 1.0 0.159200995782
925.0 275.0 0.2400009904 2.06994087677 0.3904989904
700.0 675.0 -1.0 1.0 2.4219999333
275.0 100.0 172.75544309 38.6600716522 271.49999309
825.0 175.0 0.550053977998 2.20355488515 0.920900977998
450.0 325.0 18.9703492412 62.4491584798 28.4199992412
825.0 200.0 0.550701977972 2.21735632808 0.910100977972
575.0 350.0 5.2725277891 13.4381302632 7.9309987891
825.0 650.0 0.5574889777 33.8679994284 0.8241999777
975.0 175.0 0.157180993713 1.73187864776 0.277998993713
725.0 425.0 1.33092594676 7.3042630218 1.99299994676
925.0 0.0 0.238135990475 1.75487716083 0.480500990475
600.0 100.0 4.10424683583 3.499453071 6.78499983583
475.0 150.0 14.4475644221 8.07199377084 22.7699994221
850.0 325.0 0.450936981963 2.63162417207 0.703599981963
925.0 425.0 0.237330990507 2.80493908895 0.371700990507
350.0 50.0 60.449852582 12.5896370659 99.669997582
900.0 350.0 0.294373988225 2.62451534487 0.463799988225
575.0 225.0 5.2850877886 6.05207057192 8.1559997886
700.0 450.0 1.65196393392 11.100209893 2.47299993392
250.0 50.0 253.725059851 39.6657633994 409.299989851
400.0 25.0 32.24911071 10.6649825438 55.23999871
475.0 175.0 14.4203514232 8.20121703049 22.5599994232
950.0 425.0 0.193968992241 2.61272726123 0.304599992241
850.0 200.0 0.444959982202 2.02151455839 0.741600982202
925.0 250.0 0.238769990449 2.06091803964 0.394400990449
625.0 225.0 3.27337486906 4.48330423566 5.07500086906
200.0 100.0 612.123565515 97.0297265384 955.099975515
625.0 150.0 3.2399868704 3.55049299709 5.2410008704
575.0 425.0 5.28046978878 56.0485747953 7.85199978878
700.0 425.0 1.6599139336 9.48670526599 2.4890009336
750.0 25.0 1.08013295679 2.24232149876 1.92399995679
200.0 50.0 614.132615435 66.5700249374 986.399975435
100.0 50.0 -1.0 1.0 13229.9996653
150.0 50.0 1845.90442616 200.467401081 2936.99992616
675.0 425.0 2.06899591724 11.9189403284 3.10799991724
750.0 325.0 1.06225395751 4.02848761425 1.63599995751
175.0 50.0 1017.03415932 149.969700103 1637.99995932
300.0 75.0 119.355895226 22.1235766076 190.999995226
450.0 100.0 18.849943246 6.71980530422 30.319999246
775.0 625.0 0.870604965176 45.99256441 1.27299996518
975.0 800.0 0.157623993695 32.1971128384 0.234698993695
175.0 25.0 1021.94295912 99.7776215275 1689.99995912
950.0 875.0 0.195363992185 93.3256364531 0.287299992185
600.0 425.0 4.16194083352 33.5992633331 6.18599983352
175.0 150.0 -1.0 1.0 1580.99995858
850.0 700.0 0.447870982085 41.2939240535 0.664299982085
1000.0 525.0 0.129450994822 2.69107883008 0.199400994822
1025.0 450.0 -1.0 1.0 0.165000995834
900.0 75.0 0.294555988218 1.83884338476 0.538100988218
950.0 300.0 0.194424992223 2.1927200206 0.316498992223
450.0 425.0 -1.0 1.0 28.1099992469
625.0 100.0 3.2525178699 3.15311698962 5.3929998699
825.0 625.0 0.55824097767 19.3475533632 0.82579997767
925.0 750.0 0.238780990449 32.6901083053 0.354800990449
500.0 25.0 11.0115815595 6.15788204291 18.8199995595
975.0 475.0 0.15874699365 2.91295430945 0.24699999365
600.0 150.0 4.1398998344 4.26379300188 6.6589988344
800.0 175.0 0.686370972545 2.25765755703 1.13600097255
400.0 125.0 32.9658546814 12.7811541574 52.3599986814
1000.0 350.0 0.127915994883 2.00818226274 0.208399994883
375.0 175.0 44.7161182114 28.5086216671 69.2199982114
725.0 250.0 1.32302394708 3.0381292823 2.06399994708
1000.0 750.0 0.129134994835 11.7026450809 0.193199994835
675.0 550.0 2.07721491691 63.9631996552 3.06599991691
750.0 425.0 1.06693195732 6.48765499635 1.60199995732
800.0 225.0 0.68600797256 2.37209801562 1.10699897256
825.0 75.0 0.551706977932 2.09895227592 0.986599977932
1000.0 400.0 0.127791994888 2.01696127008 0.204498994888
1025.0 700.0 -1.0 1.0 0.15879999579
975.0 325.0 0.157383993705 2.1920219533 0.256199993705
675.0 350.0 2.06969491721 5.73753291327 3.14399991721
175.0 75.0 1027.99195888 125.867028203 1623.99995888
975.0 600.0 0.159330993627 4.58762785863 0.240898993627
1000.0 225.0 0.127263994909 1.68584263123 0.220599994909
350.0 325.0 -1.0 1.0 92.1199975537
400.0 300.0 33.3536926659 92.7052017715 50.4899986659
775.0 200.0 0.850821965967 2.48975937462 1.38300096597
650.0 425.0 2.59356689626 16.400369117 3.89599889626
500.0 375.0 11.1021595559 74.129961638 16.6999995559
900.0 775.0 0.292461988302 64.9686000413 0.434500988302
800.0 700.0 0.696034972159 82.2571532594 1.01699997216
650.0 75.0 2.61935489523 3.11425983802 4.38899989523
825.0 275.0 0.558940977642 2.5642312453 0.884400977642
400.0 75.0 32.9203356832 10.1322041721 53.5899986832
150.0 100.0 -1.0 1.0 2837.99992644
300.0 25.0 119.943195202 17.7296690965 197.599995202
750.0 150.0 1.06035195759 2.53067767689 1.74400095759
450.0 300.0 18.9561942418 45.2522781988 28.5699992418
775.0 350.0 0.859564965617 3.70392571503 1.32199996562
625.0 375.0 3.26416786943 11.4019593845 4.90999986943
325.0 225.0 86.374676545 79.1428974933 130.199996545
550.0 100.0 6.70643173174 4.57712251227 10.8799997317
1025.0 300.0 -1.0 1.0 0.174600995855
950.0 200.0 0.194687992212 1.95128031607 0.332799992212
950.0 450.0 0.193865992245 2.91545510315 0.303198992245
800.0 325.0 0.694015972239 3.00722581097 1.07299997224
300.0 100.0 118.715215251 30.7285889155 187.899995251
675.0 625.0 -1.0 1.0 3.04200091667
975.0 300.0 0.158296993668 2.15044973108 0.260100993668
775.0 250.0 0.857352965706 2.66360633255 1.35699996571
925.0 675.0 0.238129990475 10.1366995914 0.357497990475
150.0 0.0 1829.17192683 211.750716468 3129.99992683
475.0 375.0 14.3891454244 74.6322663294 21.6899994244
1000.0 625.0 0.129619994815 4.17729315814 0.195799994815
350.0 125.0 61.0661645574 16.6446159128 95.7299975574
1000.0 800.0 0.128975994841 19.2274571293 0.192100994841
500.0 125.0 11.0529395579 5.66599462625 17.7699995579
875.0 750.0 0.359932985603 80.2947696712 0.534500985603
1000.0 550.0 0.129049994838 2.87439292297 0.197898994838
800.0 425.0 0.68949097242 4.44308930032 1.04500097242
625.0 450.0 3.26397786944 27.6819103294 4.88400086944
950.0 375.0 0.195839992166 2.28895006391 0.308699992166
600.0 275.0 4.14948883402 6.96448538521 6.33799983402
875.0 50.0 0.368080985277 1.90696136819 0.673400985277
875.0 625.0 0.362642985494 13.1153531924 0.541500985494
800.0 275.0 0.691931972323 2.5480393353 1.08999997232
625.0 125.0 3.23872587045 3.23309806566 5.31199887045
275.0 75.0 172.652473094 30.7622670773 274.399993094
325.0 200.0 85.699716572 70.4439073387 130.599996572
775.0 100.0 0.852782965889 2.25450702012 1.46300096589
1025.0 550.0 -1.0 1.0 0.162400995804
700.0 100.0 1.65079193397 2.58599133052 2.76699993397
900.0 0.0 0.293232988271 2.0351191664 0.583199988271
875.0 100.0 0.36225498551 1.91813599571 0.64699998551
400.0 150.0 32.8561286858 15.8366742371 51.6199986858
1000.0 25.0 0.128428994863 1.58215224122 0.262098994863
675.0 400.0 2.08037291679 9.5965611047 3.11899891679
375.0 0.0 44.6226672151 11.3333309165 76.7899982151
750.0 650.0 1.0725119571 49.3476303915 1.5679999571
850.0 100.0 0.44625898215 2.07552870381 0.79109898215
725.0 225.0 1.32378394705 3.02669019611 2.08699994705
825.0 575.0 0.557098977716 11.5199951731 0.828398977716
925.0 600.0 0.239208990432 5.60001487395 0.360199990432
1025.0 725.0 -1.0 1.0 0.158499995789
725.0 550.0 1.33187594672 34.6325399975 1.96499794672
775.0 125.0 0.850728965971 2.27275963752 1.43099996597
1025.0 425.0 -1.0 1.0 0.166600995818
900.0 450.0 0.292855988286 3.16802557791 0.451799988286
825.0 500.0 0.556623977735 6.30992266384 0.836398977735
225.0 150.0 393.551124258 111.032428841 600.199984258
450.0 350.0 18.8781112449 56.4548236628 28.3199992449
700.0 0.0 1.65795493368 2.55697480127 2.98999993368
625.0 175.0 3.25685286973 3.93354776315 5.19599986973
900.0 300.0 0.292302988308 2.20898975236 0.470999988308
375.0 75.0 44.124805235 11.6132469848 71.969998235
425.0 375.0 -1.0 1.0 37.2399990115
475.0 450.0 -1.0 1.0 21.449999426
950.0 675.0 0.193354992266 8.46427894071 0.291900992266
425.0 50.0 24.426107023 9.13193054675 40.859999023
275.0 150.0 171.905553124 106.178409523 267.099993124
500.0 150.0 11.0854945566 6.47950227746 17.6099995566
525.0 350.0 8.62520965499 32.7862029274 12.979999655
425.0 200.0 24.7671590093 19.4768109359 38.2799990093
500.0 400.0 11.1288795548 90.0584947732 16.6599995548
675.0 100.0 2.07962391682 2.68634668448 3.46200091682
600.0 450.0 4.17111783316 40.4344489177 6.16299983316
650.0 625.0 -1.0 1.0 3.83599989459
450.0 400.0 -1.0 1.0 28.0999992489
875.0 200.0 0.364204985432 2.09438631777 0.606098985432
800.0 300.0 0.689912972403 2.79875557847 1.0790009724
325.0 150.0 85.3392965864 36.204095447 131.899996586
925.0 900.0 -1.0 1.0 0.351598990456
925.0 50.0 0.241346990346 1.80986390882 0.454599990346
850.0 75.0 0.447168982113 1.92993447148 0.806000982113
1025.0 225.0 -1.0 1.0 0.180498995893
625.0 300.0 3.27703186892 6.95504248142 4.99699986892
900.0 250.0 0.293047988278 2.06857430749 0.483099988278
550.0 0.0 6.71813373127 4.66439211796 11.7799997313
425.0 350.0 24.7178870113 113.821662962 37.4399990113
600.0 250.0 4.13224183471 6.01509593937 6.37199983471
700.0 400.0 1.65559693378 9.3205031318 2.49599993378
275.0 125.0 173.650223054 59.4844294091 269.099993054
250.0 200.0 -1.0 1.0 387.099989808
875.0 575.0 0.36300598548 7.09466425081 0.54529898548
525.0 175.0 8.65720765371 6.59079555597 13.5099996537
200.0 125.0 619.350245226 160.841909548 952.699975226
825.0 725.0 0.558337977666 54.1302433444 0.819999977666
650.0 350.0 2.60563189577 7.64048583806 3.93599989577
675.0 125.0 2.06145891754 3.00631711704 3.38999991754
725.0 25.0 1.33816294647 2.50635593509 2.37599994647
850.0 225.0 0.447300982108 2.08411688939 0.733398982108
250.0 0.0 253.839899846 28.5196146111 433.099989846
775.0 425.0 0.858681965653 4.97236882106 1.29299996565
150.0 25.0 1834.66072661 183.158319443 3023.99992661
1000.0 425.0 0.128281994869 2.25010028419 0.203298994869
1000.0 700.0 0.129464994821 7.53205100027 0.194099994821
850.0 500.0 0.448176982073 4.45953319168 0.680499982073
825.0 600.0 0.557077977717 14.9721768685 0.827999977717
325.0 0.0 84.4628566215 17.1232251262 145.399996621
725.0 275.0 1.3173889473 3.40561760822 2.0449989473
500.0 425.0 11.0872205565 85.565234224 16.6299995565
575.0 450.0 5.29269078829 58.8083403806 7.84799978829
675.0 650.0 -1.0 1.0 3.0309999166
375.0 350.0 -1.0 1.0 67.5099982207
1025.0 400.0 -1.0 1.0 0.167799995847
550.0 325.0 6.67768473289 13.3626922034 10.1499997329
550.0 525.0 -1.0 1.0 9.90099973244
750.0 700.0 -1.0 1.0 1.56299895706
350.0 225.0 61.2209375512 91.5559892439 93.6099975512
850.0 175.0 0.445222982191 2.05188828986 0.752700982191
900.0 375.0 0.292290988308 2.45462166015 0.458999988308
1000.0 675.0 0.129467994821 6.08074852812 0.194599994821
700.0 50.0 1.66320193347 2.78219882037 2.88499893347
875.0 450.0 0.363904985444 3.18472646449 0.556599985444
875.0 0.0 0.362144985514 1.96787894755 0.704699985514
1000.0 875.0 0.128906994844 51.4250000318 0.191199994844
1025.0 50.0 -1.0 1.0 0.211198995822
1025.0 850.0 -1.0 1.0 0.156799995807
800.0 675.0 0.695537972178 57.7281750739 1.01999997218
1000.0 300.0 0.127604994896 2.06849788813 0.213100994896
225.0 125.0 394.316864227 100.824192166 603.299984227
800.0 550.0 0.693292972268 12.5454137286 1.02999997227
950.0 250.0 0.193429992263 1.82548556855 0.323300992263
700.0 550.0 1.66096793356 48.3470216393 2.44799993356
750.0 225.0 1.06462195742 2.55398409392 1.68799895742
600.0 525.0 4.14780383409 96.7797968123 6.11499883409
900.0 500.0 0.293714988251 4.11111713191 0.449999988251
475.0 350.0 14.3875314245 60.4760272221 21.7399994245
825.0 150.0 0.549634978015 2.02807471622 0.931899978015
875.0 150.0 0.363982985441 2.02474163447 0.622300985441
475.0 300.0 14.3861094246 36.7723827561 21.8999994246
500.0 100.0 10.9933155603 6.13051236264 17.9599995603
750.0 475.0 1.0726019571 9.15246661523 1.5939989571
1000.0 125.0 0.127574994897 1.64106856976 0.236599994897
750.0 100.0 1.06595995736 2.32961763524 1.79999995736
850.0 375.0 0.447039982118 3.17253794497 0.695998982118
325.0 50.0 84.8348266066 13.4410161272 138.099996607
900.0 825.0 0.292442988302 96.938247482 0.432799988302
125.0 0.0 3660.61305358 238.2237518 6171.99985358
600.0 25.0 4.13572683457 3.21205870973 7.15399983457
975.0 0.0 0.157879993685 1.74865496422 0.326399993685
850.0 450.0 0.448518982059 3.62581969375 0.685598982059
900.0 800.0 0.2924959883 78.8357911838 0.4340999883
200.0 175.0 -1.0 1.0 946.099974943
1025.0 500.0 -1.0 1.0 0.164299995805
725.0 50.0 1.32044194718 2.57669528946 2.33499894718
725.0 450.0 1.32677394693 10.3426049636 1.98499894693
700.0 275.0 1.64435993423 3.79175151568 2.54900093423
600.0 300.0 4.14450983422 8.56691499551 6.31399983422
975.0 575.0 0.15899399364 3.54249290414 0.24199999364
525.0 400.0 8.6424796543 79.7069710162 12.8799996543
525.0 50.0 8.57951965682 4.15715176515 14.3999996568
900.0 625.0 0.29275598829 8.5942979879 0.44050098829
950.0 225.0 0.194974992201 1.81294152074 0.327799992201
225.0 0.0 388.174584473 36.3759053871 659.599984473
300.0 275.0 -1.0 1.0 180.299995179
750.0 375.0 1.06121595755 4.62064630396 1.61499795755
225.0 75.0 390.534964379 83.3748588959 612.699984379
800.0 150.0 0.68449997262 2.32545522697 1.15099997262
675.0 450.0 2.06483691741 16.6312491056 3.09199991741
325.0 300.0 -1.0 1.0 127.899996561
925.0 200.0 0.23874699045 2.12663888295 0.40499899045
575.0 150.0 5.24233579031 5.21228353259 8.37300079031
700.0 375.0 1.65623493375 6.40445696707 2.50299993375
600.0 325.0 4.15798783368 10.2021400414 6.27999983368
900.0 100.0 0.292554988298 1.90755876425 0.525799988298
1000.0 75.0 0.12825599487 1.71711540768 0.24879999487
250.0 175.0 256.067229757 139.053706494 391.599989757
850.0 300.0 0.452691981892 2.29275353141 0.712899981892
875.0 600.0 0.362168985513 11.4664069986 0.542900985513
500.0 250.0 11.1418855543 11.8461450976 17.0599995543
575.0 0.0 5.32053778718 3.42191122214 9.26600078718
525.0 500.0 -1.0 1.0 12.7599996547
625.0 600.0 -1.0 1.0 4.83699886787
925.0 525.0 0.238673990453 3.7561363979 0.364999990453
525.0 325.0 8.59440565622 21.1305403343 13.0099996562
950.0 475.0 0.193354992266 2.98813313818 0.300800992266
675.0 575.0 2.08096891676 44.996926768 3.05800091676
400.0 325.0 33.1190716752 78.5593514641 50.3099986752
825.0 375.0 0.554363977825 3.3942994778 0.855499977825
725.0 300.0 1.31325294747 3.42570361 2.02599994747
525.0 225.0 8.61779965529 8.19038705279 13.2499996553
300.0 50.0 119.154795234 16.521671534 193.999995234
325.0 25.0 83.7908966484 13.9864489436 141.299996648
600.0 75.0 4.15958983362 3.64945425342 6.95699983362
350.0 200.0 60.9533855619 45.2284750839 93.8899975619
475.0 75.0 14.2083544317 5.89424305546 23.4499994317
675.0 300.0 2.05461291782 5.28675366548 3.15899991782
725.0 0.0 1.3224679471 2.31044815439 2.4190009471
1000.0 375.0 0.128112994875 2.0928948355 0.206700994875
475.0 325.0 14.401010424 43.9134905736 21.789999424
300.0 150.0 120.342955186 59.9398821592 185.199995186
975.0 500.0 0.15850999366 2.87213550387 0.24559999366
700.0 125.0 1.64100693436 2.88363052015 2.71599993436
450.0 25.0 18.8051632478 7.60610458 31.8299992478
625.0 25.0 3.28439986862 2.96539762833 5.71199886862
325.0 250.0 85.6172965753 113.986425102 128.999996575
825.0 775.0 -1.0 1.0 0.814698977782
900.0 525.0 0.294562988217 3.80464925963 0.447799988217
500.0 50.0 10.9951905602 5.67704276182 18.4699995602
575.0 525.0 -1.0 1.0 7.77599978943
875.0 275.0 0.361357985546 2.42452729099 0.583399985546
200.0 150.0 -1.0 1.0 950.399975008
750.0 300.0 1.06366795745 3.06488986826 1.64400095745
125.0 100.0 -1.0 1.0 5630.99985247
700.0 200.0 1.63688693452 2.97178186039 2.61400093452
850.0 475.0 0.449642982014 4.2132813417 0.684700982014
900.0 650.0 0.292641988294 11.8763975592 0.439599988294
825.0 300.0 0.559295977628 2.64940317312 0.873899977628
675.0 150.0 2.06287591748 2.93137442745 3.35099991748
900.0 150.0 0.292849988286 2.00947578109 0.507098988286
975.0 525.0 0.159177993633 3.10699269176 0.244099993633
850.0 50.0 0.447965982081 2.03204822461 0.820599982081
1000.0 475.0 0.128415994863 2.5813632368 0.201499994863
950.0 775.0 0.194188992232 35.7468997439 0.288799992232
900.0 725.0 0.293049988278 32.2215868919 0.436800988278
1000.0 775.0 0.129040994838 16.6396146847 0.192799994838
1025.0 825.0 -1.0 1.0 0.157099995799
150.0 125.0 -1.0 1.0 2817.99992611
875.0 775.0 0.359696985612 67.2696299023 0.533199985612
625.0 550.0 3.26932786923 101.520428641 4.83699986923
800.0 450.0 0.691223972351 5.11306537013 1.04099897235
375.0 200.0 44.5601302176 33.470513713 68.8399982176
250.0 225.0 -1.0 1.0 385.29998977
725.0 400.0 1.33073394677 6.25622572584 1.99899994677
875.0 75.0 0.363807985448 1.96975157097 0.657998985448
550.0 350.0 6.69341373226 20.4911017051 10.1399997323
825.0 400.0 0.556711977732 3.46642935496 0.847999977732
950.0 50.0 0.193437992262 1.7088882865 0.373000992262
550.0 425.0 6.75219572991 66.5444659276 10.0299997299
650.0 150.0 2.59601989616 3.18334013925 4.19999989616
950.0 725.0 0.194687992212 13.3650108473 0.291099992212
775.0 450.0 0.859329965627 6.01299888351 1.28699996563
675.0 375.0 2.07616591695 8.07779145737 3.13099891695
800.0 350.0 0.692268972309 3.57597367838 1.06699897231
625.0 250.0 3.26670786933 5.20913999173 5.03499986933
575.0 375.0 5.29555878818 21.797080066 7.91799978818
400.0 275.0 33.399760664 88.475458324 50.859998664
900.0 175.0 0.29523898819 1.89596993241 0.50099898819
1025.0 750.0 -1.0 1.0 0.158398995784
650.0 0.0 2.63539389458 2.96930080477 4.67600089458
975.0 700.0 0.157870993685 9.94520680404 0.237899993685
525.0 200.0 8.6124476555 8.15765433772 13.3899996555
825.0 450.0 0.556577977737 4.41275987153 0.843298977737
775.0 525.0 0.861974965521 10.8577955031 1.27699996552
225.0 200.0 -1.0 1.0 590.499984267
725.0 675.0 -1.0 1.0 1.94300094668
300.0 250.0 -1.0 1.0 181.099995143
600.0 50.0 4.13682183453 3.26831446728 7.05099983453
775.0 600.0 0.8675039653 31.8788936431 1.2719999653
#END
title: #tilde{#chi}_{1}^{#pm} #tilde{#chi}_{2}^{0} #rightarrow ll#tau#nu #tilde{#chi}_{1}^{0} #tilde{#chi}_{1}^{0}, x=0.6, SUS-13-006, 8 TeV, LO
Out file: TChiChipmSlepStau060.png
Root file: /home/lessa/SMS_database/8TeV/SUS13006/sms.root
Root tag: exclusion_TChiChipmSlepStau050: #scale[0.85]{Official Exclusion (x=0.5)}
Root tag: exclusion_TChiChipmSlepStau095: #scale[0.85]{Official Exclusion (x=0.95)}
Kfactor: 1.2
