 285 205 49193.1
 385 225 1282.25
 585 25 47.4658
 425 345 6251.23
 465 305 1985.53
 505 265 170.85
 545 225 68.6518
 625 145 59.2496
 665 105 33.8676
 705 65 29.2471
 545 385 778.293
 585 345 222.483
 625 305 59.8896
 665 265 53.0054
 705 225 35.0281
 745 185 26.5986
 785 145 23.5396
 825 105 18.8838
 865 65 18.4499
 905 25 15.3475
 585 505 7559.35
 625 465 1193.38
 665 425 169.781
 705 385 93.5708
 745 345 48.4303
 785 305 35.6922
 825 265 19.7274
 865 225 21.64
 905 185 15.3854
 945 145 15.2539
 1025 65 14.0633
 1065 25 14.2424
 705 545 1500.89
 745 505 133.417
 785 465 88.872
 825 425 57.2841
 865 385 38.8447
 905 345 26.0934
 945 305 20.3923
 985 265 15.9543
 1025 225 16.6579
 1065 185 13.4187
 1185 65 12.846
 825 585 191.606
 865 545 71.714
 905 505 45.4907
 945 465 31.3387
 985 425 27.0526
 1025 385 22.6795
 1065 345 18.0176
 1105 305 15.08
 1145 265 14.2173
 1185 225 12.9423
 905 665 162.558
 985 585 45.3641
 1025 545 31.1558
 1065 505 26.0278
 1105 465 18.8422
 1145 425 17.4527
 1185 385 16.7465
 985 745 128.013
 1065 665 50.5072
 1145 585 16.423
 1185 545 13.66
 1105 785 43.807
 1185 705 12.9414
