160.3448  24.7726
160.3448  25.2511
160.3448  25.7296
161.0345  26.2078
161.0345  26.6863
161.0345  27.1648
161.0345  27.6432
161.0345  28.1217
161.0345  28.6002
161.0345  29.0786
161.0345  29.5571
161.0345  30.0356
161.0345  30.514
161.0345  30.9925
161.0345  31.471
161.0345  31.9495
161.0345  32.4279
161.0345  32.9064
161.0345  33.3849
161.0345  33.8633
161.0345  34.3418
161.0345  34.8203
161.0345  35.2987
161.0345  35.7772
161.0345  36.2557
161.0345  36.7341
161.0345  37.2126
161.0345  37.6911
161.7241  38.1693
161.7241  38.6478
161.7241  39.1263
161.7241  39.6047
161.7241  40.0832
161.7241  40.5617
161.7241  41.0402
162.4138  41.5184
162.4138  41.9969
162.4138  42.4754
162.4138  42.9538
162.4138  43.4323
162.4138  43.9108
162.4138  44.3892
162.4138  44.8677
162.4138  45.3462
163.1034  45.8244
163.1034  46.3029
163.7931  46.3027
163.7931  46.7812
163.7931  47.2596
163.7931  47.7381
163.7931  48.2166
163.7931  48.6949
163.7931  49.1735
163.7931  49.652
163.1034  49.6522
163.1034  50.1307
163.1034  50.6091
163.7931  51.0874
163.7931  51.5659
163.7931  52.0443
163.7931  52.5228
164.4828  53.0011
164.4828  53.4795
164.4828  53.958
164.4828  54.4365
165.1724  54.9146
165.1724  55.3932
165.1724  55.8717
164.4828  56.3503
163.7931  56.829
163.7931  57.3075
163.7931  57.7859
164.4828  58.2642
164.4828  58.7427
165.1724  59.2209
165.862  59.6992
165.862  60.1777
166.5516  60.6559
166.5516  61.1344
166.5516  61.6129
166.5516  62.0913
166.5516  62.5697
166.5516  63.0483
166.5516  63.5267
166.5516  64.0052
167.2414  64.4835
167.2414  64.9619
167.2414  65.4404
167.2414  65.9189
167.2414  66.3974
167.2414  66.8758
167.2414  67.3543
167.931  67.8326
167.931  68.311
167.931  68.7894
168.6207  69.2678
168.6207  69.7462
168.6207  70.2247
169.3103  70.7029
169.3103  71.1814
169.3103  71.6599
170.0  72.1381
170.0  72.6166
170.6897  73.0949
170.6897  73.5734
170.6897  74.0518
171.3793  74.5301
171.3793  75.0086
171.3793  75.487
172.069  75.9653
172.069  76.4438
172.7586  76.922
172.7586  77.4005
172.7586  77.879
173.4483  78.3572
173.4483  78.8357
173.4483  79.3142
174.1379  79.7924
174.8276  80.2707
175.5171  80.7489
176.2069  81.2272
176.8965  81.227
177.5862  81.7053
178.2759  81.705
178.9655  82.1833
179.6552  82.1831
180.3448  82.6614
181.0345  82.6612
181.7241  82.661
182.4138  83.1392
183.1034  83.6175
183.7931  83.6173
184.4828  84.0955
185.1724  84.0953
185.862  84.0951
186.5516  84.0949
187.2414  84.0947
187.931  84.0945
188.6207  84.0943
189.3103  84.5726
190.0  84.5724
190.6897  84.5722
191.3793  84.572
191.3793  85.0504
192.069  85.0502
192.069  85.5287
192.7586  85.5285
193.4483  85.5283
194.1379  85.5281
194.8276  85.5279
194.8276  86.0063
195.5171  86.0061
196.2069  86.0059
196.8965  86.0057
197.5862  86.0055
198.2759  86.0053
198.9655  86.0051
199.6552  86.0049
200.3448  86.0047
201.0345  86.0045
201.7241  86.0043
202.4138  86.0041
203.1034  86.0039
203.7931  86.0037
204.4828  86.0034
205.1724  86.0032
205.862  86.003
206.5516  86.0028
207.2414  86.0026
207.931  86.0024
208.6207  86.0022
209.3103  85.5234
210.0  85.5232
210.6897  85.5231
211.3793  85.5229
212.069  85.5227
212.7586  85.5225
213.4483  85.0438
214.1379  85.0436
214.8276  85.0434
215.5171  85.0432
216.2069  85.043
216.8965  85.0428
217.5862  84.5641
218.2759  84.5638
218.9655  84.0852
218.9655  83.6068
219.6552  83.128
220.3448  83.1279
221.0345  82.6492
221.7241  82.649
222.4138  82.6488
223.1034  82.6486
223.7931  82.6484
224.4828  82.6482
225.1724  82.1695
225.862  82.1693
226.5516  81.6905
227.2414  81.6904
227.931  81.2117
228.6207  81.2115
229.3103  81.2113
230.0  80.7327
230.6897  80.7324
231.3793  80.2538
232.069  79.7751
232.7586  79.7749
233.4483  79.2962
234.1379  79.296
234.8276  78.8173
235.5171  78.8171
236.2069  78.3385
236.8965  78.3382
237.5862  77.8596
238.2759  77.8594
238.9655  77.8592
239.6552  77.3805
240.3448  77.3803
241.0345  76.9016
241.7241  76.9014
242.4138  76.9012
243.1034  76.4224
243.7931  76.4223
244.4828  76.4221
245.1724  75.9434
245.862  75.9432
246.5516  75.943
247.2414  75.9428
247.931  75.4641
248.6207  75.4639
249.3103  75.4637
250.0  75.4635
250.6897  75.4633
251.3793  74.9846
252.069  74.9844
252.7586  74.9842
253.4483  74.984
254.1379  74.9838
254.8276  74.5051
255.5171  74.5049
256.2069  74.5047
256.8965  74.5045
257.5862  74.5043
258.2759  74.5041
258.9655  74.5039
259.6552  74.5037
260.3448  74.5034
261.0345  74.5032
261.7241  74.503
262.4138  74.5029
263.1034  74.5027
263.7931  74.5025
264.4828  74.5022
265.1724  74.502
265.862  74.5018
266.5516  74.5016
267.2414  74.9799
267.931  74.9797
268.6207  74.9795
269.3103  74.9792
270.0  74.979
270.6897  75.4573
271.3793  75.4571
272.069  75.4569
272.7586  75.4567
273.4483  75.4565
274.1379  75.4563
274.8276  75.9346
275.5171  75.9344
276.2069  75.9341
276.8965  75.9339
277.5862  75.9337
278.2759  75.9335
278.9655  75.9333
279.6552  75.9331
280.3448  75.9329
281.0345  75.9327
281.7241  76.411
282.4138  76.4108
283.1034  76.4106
283.7931  76.4102
284.4828  76.4101
285.1724  76.4099
285.862  76.4097
286.5516  76.4095
287.2414  76.4093
287.931  76.4091
288.6207  76.4089
289.3103  75.9302
290.0  75.93
290.6897  75.9298
291.3793  75.9296
292.069  75.4509
292.7586  75.4506
293.4483  75.4505
294.1379  75.4503
294.8276  74.9716
295.5171  74.9714
296.2069  74.9712
296.8965  74.4926
297.5862  74.4923
298.2759  74.4921
298.9655  74.4919
299.6552  74.0133
300.3448  74.0131
301.0345  74.0128
301.7241  74.0126
302.4138  73.534
303.1034  73.5338
303.7931  73.5335
304.4828  73.5333
305.1724  73.5331
305.862  73.0545
306.5516  73.0543
307.2414  73.0541
307.931  72.5754
308.6207  72.5752
309.3103  72.575
310.0  72.5748
310.6897  72.0961
311.3793  72.0959
312.069  72.0957
312.7586  71.617
313.4483  71.6168
314.1379  71.6166
314.8276  71.6164
315.5171  71.1377
316.2069  71.1375
316.8965  71.1373
317.5862  71.1371
318.2759  70.6583
318.9655  70.6582
319.6552  70.658
320.3448  70.6578
321.0345  70.1791
321.7241  70.1789
322.4138  70.1787
323.1034  70.1785
323.7931  69.6998
324.4828  69.6996
325.1724  69.6994
325.862  69.2207
326.5516  69.2205
327.2414  69.2203
327.931  69.2201
328.6207  68.7414
329.3103  68.7412
330.0  68.741
330.6897  68.7408
331.3793  68.2621
332.069  67.7835
332.7586  67.7833
333.4483  67.3046
334.1379  66.8258
334.8276  66.3472
335.5171  65.8686
336.2069  65.3899
336.8965  64.9112
336.8965  64.4327
337.5862  63.9541
338.2759  63.4754
338.2759  62.9969
338.9655  62.5183
339.6552  62.0396
339.6552  61.5611
339.6552  61.0826
339.6552  60.6042
340.3448  60.1255
340.3448  59.647
340.3448  59.1686
341.0345  58.6899
341.7241  58.2112
342.4138  57.7325
343.1034  57.2539
343.7931  56.7752
344.4828  56.2965
345.1724  55.8178
345.862  55.8176
346.5516  55.8174
347.2414  55.3387
347.931  55.3385
348.6207  55.3383
349.3103  55.3381
350.0  55.3378
350.6897  55.3377
351.3793  55.3375
352.069  55.3373
352.7586  54.8586
353.4483  54.8584
354.1379  54.8582
354.8276  54.858
355.5171  54.8578
356.2069  54.8576
356.8965  54.8574
357.5862  55.3357
358.2759  55.3354
358.9655  55.8136
359.6552  55.8135
360.3448  56.2918
361.0345  56.2916
361.7241  56.7698
362.4138  56.7696
363.1034  57.2479
363.7931  57.7261
364.4828  57.7259
365.1724  58.2042
365.862  58.204
366.5516  58.2038
367.2414  58.682
367.931  58.6818
368.6207  58.6816
369.3103  59.1599
370.0  59.1597
370.6897  59.1595
371.3793  59.6377
372.069  59.6375
372.7586  59.6373
373.4483  60.1156
374.1379  60.1154
374.8276  60.1152
375.5171  60.115
376.2069  60.1148
376.8965  60.1146
377.5862  60.1144
378.2759  60.5926
378.9655  60.5924
379.6552  60.5922
380.3448  60.592
381.0345  60.5918
381.7241  60.5916
382.4138  60.5914
383.1034  60.5912
383.7931  61.0694
384.4828  61.0692
385.1724  61.069
385.862  61.0688
386.5516  61.0686
387.2414  61.0684
387.931  61.0682
388.6207  61.068
389.3103  61.0678
390.0  61.0676
390.0  61.5461
390.6897  61.5457
391.3793  61.5455
392.069  61.5453
392.7586  61.5452
393.4483  61.545
394.1379  61.5448
394.8276  61.0661
395.5171  61.0659
396.2069  60.5873
396.8965  60.5871
397.5862  60.5868
398.2759  60.5866
398.9655  60.5864
399.6552  61.0647
400.3448  61.0645
401.0345  60.5857
401.7241  60.5856
401.7241  60.1071
401.7241  59.6287
401.7241  59.1502
402.4138  59.15
403.1034  59.1498
403.7931  59.1496
404.4828  59.6278
405.1724  59.6276
405.862  59.6274
406.5516  59.1488
407.2414  59.1486
407.931  59.1482
408.6207  59.1481
409.3103  59.1479
410.0  59.1477
410.6897  59.1475
411.3793  59.1473
412.069  59.1471
412.7586  59.1469
413.4483  59.1467
414.1379  58.668
414.8276  58.6678
415.5171  58.6676
416.2069  58.6674
416.8965  58.6672
417.5862  58.1885
418.2759  58.1883
418.9655  58.1881
419.6552  58.1879
420.3448  57.7092
421.0345  57.709
421.7241  57.7088
422.4138  57.7086
423.1034  57.7084
423.7931  57.2297
424.4828  57.2295
425.1724  57.2293
425.862  57.2291
426.5516  57.2288
427.2414  56.7502
427.931  56.75
428.6207  56.7498
429.3103  56.7496
430.0  56.2709
430.6897  56.2707
431.3793  56.2705
432.069  55.7917
432.7586  55.7915
433.4483  55.7913
434.1379  55.7912
434.8276  55.791
435.5171  55.3123
436.2069  55.3121
436.8965  55.3119
437.5862  54.8333
438.2759  54.8331
438.9655  54.3544
439.6552  54.3542
440.3448  54.354
441.0345  54.3538
441.7241  53.8751
442.4138  53.8749
443.1034  53.8747
443.7931  53.8745
444.4828  53.3958
445.1724  53.3956
445.862  52.9169
446.5516  52.9167
447.2414  52.9165
447.931  52.9163
448.6207  52.4376
449.3103  52.4374
450.0  52.4372
450.6897  51.9585
451.3793  51.9583
452.069  51.9581
452.7586  51.4794
453.4483  51.4792
454.1379  51.479
454.8276  51.4788
455.5171  51.0001
456.2069  50.9999
456.8965  50.9997
457.5862  50.9995
458.2759  50.5209
458.9655  50.5206
459.6552  50.5204
460.3448  50.0418
461.0345  50.0416
461.7241  50.0414
462.4138  50.0411
463.1034  49.5625
463.7931  49.5623
464.4828  49.5621
465.1724  49.5619
465.862  49.0832
466.5516  49.083
467.2414  49.0828
467.931  49.0826
468.6207  48.6038
469.3103  48.6037
470.0  48.6035
470.6897  48.6033
471.3793  48.1246
472.069  48.1244
472.7586  48.1242
473.4483  48.124
474.1379  48.1238
474.8276  47.6451
475.5171  47.6449
476.2069  47.6447
476.8965  47.166
477.5862  47.1658
478.2759  46.6871
478.9655  46.6869
479.6552  46.2082
480.3448  46.208
481.0345  45.7294
481.7241  45.729
482.4138  45.7288
483.1034  45.2503
483.7931  45.2501
483.7931  44.7715
484.4828  44.2929
485.1724  44.2927
485.1724  43.8142
485.1724  43.3357
485.1724  42.8573
485.1724  42.3788
485.1724  41.9003
485.1724  41.4219
485.1724  40.9434
485.1724  40.465
485.1724  39.9865
485.1724  39.508
485.1724  39.0296
485.862  38.5509
485.862  38.0724
485.862  37.5939
485.862  37.1155
485.862  36.637
485.862  36.1585
485.862  35.6801
486.5516  35.2014
486.5516  34.7229
486.5516  34.2445
486.5516  33.766
486.5516  33.2875
486.5516  32.809
486.5516  32.3306
486.5516  31.8521
487.2414  31.3734
487.2414  30.895
487.2414  30.4165
487.2414  29.938
487.2414  29.4596
487.2414  28.9811
487.2414  28.5026
487.2414  28.0242
487.2414  27.5457
487.2414  27.0672
487.2414  26.5887
487.2414  26.1103
487.931  25.6316
487.931  25.1531
487.931  24.6747
487.931  24.1962
487.931  23.7177
487.931  23.2393
487.931  22.7608
487.931  22.2823
487.931  21.8037
487.931  21.3254
487.931  20.8469
487.931  20.3684
487.931  19.89
487.931  19.4115
487.931  18.933
487.931  18.4546
487.931  17.9761
487.931  17.4976
487.931  17.0192
487.931  16.5407
487.931  16.0622
487.931  15.5838
487.931  15.1053
487.931  14.6268
487.931  14.1482
487.931  13.6699
487.931  13.1914
487.931  12.7128
487.931  12.2345
487.931  11.756
487.931  11.2775
487.931  10.7991
487.931  10.3206
487.931  9.842
487.931  9.3637
487.931  8.8852
487.931  8.4067
487.931  7.9283
487.931  7.4498
487.931  6.9713
487.2414  6.4929
487.2414  6.0146
486.5516  5.5363
485.862  5.0581
485.862  4.5796
485.1724  4.1013
485.1724  3.6229
484.4828  3.1446
483.7931  2.6663
483.1034  2.6665
482.4138  2.1883
481.7241  1.71
481.0345  1.2317
481.0345  0.7532
480.3448  0.275
