100 450 0.06
100 500 0.03
150 500 0.04
200 500 0.07
1 550 0.02
1 400 0.09
150 400 0.12
1 600 0.02
1 450 0.04
1 500 0.03
50 500 0.03
50 550 0.02
100 550 0.02
150 550 0.03
250 550 0.06
200 550 0.04
50 600 0.02
100 600 0.02
150 600 0.02
250 600 0.04
200 600 0.03
150 650 0.02
50 650 0.02
1 650 0.02
100 650 0.02
200 650 0.02
250 650 0.02
1 700 0.01
50 700 0.01
100 700 0.01
150 700 0.02
200 700 0.02
1 750 0.01
250 700 0.02
150 750 0.01
50 750 0.01
100 750 0.01
200 750 0.01
250 750 0.02
50 250 2.0
50 275 0.52
50 450 0.05
250 450 0.41
1 200 8.1
100 300 0.90
1 225 2.3
120 300 2.9
200 450 0.11
200 400 0.40
20 200 35
220 400 0.93
1 275 0.37
50 300 1.1
150 350 0.57
170 350 2.1
150 450 0.06
250 500 0.09
25 225 3.5
1 180 314
25 250 0.85
50 350 0.26
270 450 0.93
75 275 1.2
50 400 0.06
1 250 0.70
1 300 0.18
25 275 0.42
100 400 0.08
70 250 9.5
1 350 0.09
100 350 0.16
