    400       0     589.0 
    425       0     211.9 
    450       0     229.3 
    475       0      71.5 
    500       0      76.5 
    525       0      42.6 
    550       0      36.9 
    575       0      22.6 
    600       0      21.4 
    625       0      12.1 
    650       0      12.7 
    675       0       9.4 
    700       0       9.6 
    725       0       6.4 
    750       0       6.6 
    775       0       5.6 
    800       0       5.1 
    825       0       4.6 
    850       0       4.3 
    875       0       3.9 
    900       0       3.3 
    925       0       3.1 
    950       0       2.9 
    975       0       2.8 
   1000       0       2.5 
   1025       0       2.5 
   1050       0       2.4 
   1075       0       2.4 
   1100       0       2.3 
   1125       0       2.1 
   1150       0       2.0 
   1175       0       2.0 
   1200       0       2.0 
   1225       0       2.0 
   1250       0       1.8 
   1275       0       1.8 
   1300       0       1.8 
   1325       0       1.8 
   1350       0       1.8 
   1375       0       1.8 
   1400       0       1.8 
    400      25     747.2 
    425      25     589.0 
    450      25     211.9 
    475      25     229.3 
    500      25      71.5 
    525      25      76.5 
    550      25      42.6 
    575      25      36.9 
    600      25      22.6 
    625      25      21.4 
    650      25      12.1 
    675      25      12.7 
    700      25       9.4 
    725      25       9.6 
    750      25       6.4 
    775      25       5.2 
    800      25       4.9 
    825      25       4.5 
    850      25       4.2 
    875      25       4.1 
    900      25       3.6 
    925      25       3.2 
    950      25       3.0 
    975      25       3.0 
   1000      25       2.7 
   1025      25       2.7 
   1050      25       2.5 
   1075      25       2.2 
   1100      25       2.4 
   1125      25       2.3 
   1150      25       2.1 
   1175      25       2.0 
   1200      25       2.0 
   1225      25       2.0 
   1250      25       2.0 
   1275      25       1.8 
   1300      25       1.8 
   1325      25       1.8 
   1350      25       1.8 
   1375      25       1.8 
   1400      25       1.8 
    400      50     930.9 
    425      50     643.9 
    450      50     389.8 
    475      50     162.6 
    500      50     101.7 
    525      50      59.5 
    550      50      45.8 
    575      50      33.4 
    600      50      24.7 
    625      50      18.6 
    650      50      14.2 
    675      50      11.4 
    700      50       9.9 
    725      50       8.1 
    750      50       6.7 
    775      50       6.4 
    800      50       4.8 
    825      50       4.4 
    850      50       4.1 
    875      50       3.9 
    900      50       3.7 
    925      50       3.3 
    950      50       2.9 
    975      50       2.8 
   1000      50       2.7 
   1025      50       2.6 
   1050      50       2.5 
   1075      50       2.3 
   1100      50       2.2 
   1125      50       2.3 
   1150      50       2.2 
   1175      50       2.0 
   1200      50       1.9 
   1225      50       1.8 
   1250      50       1.8 
   1275      50       1.8 
   1300      50       1.8 
   1325      50       1.8 
   1350      50       1.8 
   1375      50       1.7 
   1400      50       1.7 
    400      75    1401.6 
    425      75     917.3 
    450      75     540.6 
    475      75     304.9 
    500      75     113.3 
    525      75      78.9 
    550      75      47.5 
    575      75      36.3 
    600      75      24.2 
    625      75      19.7 
    650      75      14.7 
    675      75      12.4 
    700      75      10.7 
    725      75       8.7 
    750      75       6.7 
    775      75       6.7 
    800      75       5.5 
    825      75       4.4 
    850      75       4.1 
    875      75       3.8 
    900      75       3.6 
    925      75       3.3 
    950      75       3.0 
    975      75       2.6 
   1000      75       2.6 
   1025      75       2.4 
   1050      75       2.4 
   1075      75       2.3 
   1100      75       2.3 
   1125      75       2.2 
   1150      75       2.2 
   1175      75       2.1 
   1200      75       1.9 
   1225      75       1.8 
   1250      75       1.6 
   1275      75       1.7 
   1300      75       1.7 
   1325      75       1.7 
   1350      75       1.7 
   1375      75       1.7 
   1400      75       1.7 
    400     100    1560.5 
    425     100    1082.8 
    450     100     697.7 
    475     100     403.2 
    500     100     219.4 
    525     100      95.4 
    550     100      65.1 
    575     100      40.0 
    600     100      29.5 
    625     100      21.1 
    650     100      16.6 
    675     100      12.7 
    700     100      10.9 
    725     100       9.3 
    750     100       6.5 
    775     100       6.7 
    800     100       6.0 
    825     100       4.9 
    850     100       4.1 
    875     100       3.8 
    900     100       3.6 
    925     100       3.3 
    950     100       3.1 
    975     100       2.8 
   1000     100       2.7 
   1025     100       2.5 
   1050     100       2.3 
   1075     100       2.2 
   1100     100       2.3 
   1125     100       2.3 
   1150     100       2.2 
   1175     100       2.1 
   1200     100       2.0 
   1225     100       1.9 
   1250     100       1.8 
   1275     100       1.7 
   1300     100       1.7 
   1325     100       1.7 
   1350     100       1.8 
   1375     100       1.8 
   1400     100       1.8 
    400     125    2197.1 
    425     125    1455.8 
    450     125     764.1 
    475     125     531.0 
    500     125     265.8 
    525     125     165.7 
    550     125      77.5 
    575     125      54.0 
    600     125      32.6 
    625     125      24.9 
    650     125      18.0 
    675     125      14.6 
    700     125      10.8 
    725     125       9.5 
    750     125       7.9 
    775     125       6.5 
    800     125       5.9 
    825     125       5.3 
    850     125       4.5 
    875     125       3.8 
    900     125       3.6 
    925     125       3.3 
    950     125       3.1 
    975     125       2.9 
   1000     125       2.7 
   1025     125       2.7 
   1050     125       2.4 
   1075     125       2.2 
   1100     125       2.2 
   1125     125       2.2 
   1150     125       2.2 
   1175     125       2.1 
   1200     125       2.0 
   1225     125       1.9 
   1250     125       1.9 
   1275     125       1.8 
   1300     125       1.8 
   1325     125       1.8 
   1350     125       1.8 
   1375     125       1.8 
   1400     125       1.8 
    400     150    1858.7 
    425     150    1779.1 
    450     150    1148.8 
    475     150     691.1 
    500     150     449.7 
    525     150     224.1 
    550     150     137.4 
    575     150      65.8 
    600     150      45.1 
    625     150      28.0 
    650     150      21.6 
    675     150      16.8 
    700     150      13.3 
    725     150       9.9 
    750     150       8.6 
    775     150       7.9 
    800     150       5.9 
    825     150       5.3 
    850     150       4.7 
    875     150       4.1 
    900     150       3.7 
    925     150       3.4 
    950     150       3.1 
    975     150       2.9 
   1000     150       2.6 
   1025     150       2.5 
   1050     150       2.4 
   1075     150       2.2 
   1100     150       2.2 
   1125     150       2.2 
   1150     150       2.1 
   1175     150       2.0 
   1200     150       1.9 
   1225     150       1.9 
   1250     150       1.8 
   1275     150       1.9 
   1300     150       1.8 
   1325     150       1.8 
   1350     150       1.7 
   1375     150       1.7 
   1400     150       1.7 
    400     175    1599.8 
    425     175    1554.9 
    450     175    1361.1 
    475     175     961.9 
    500     175     618.0 
    525     175     367.4 
    550     175     182.4 
    575     175     114.4 
    600     175      54.1 
    625     175      38.4 
    650     175      23.5 
    675     175      19.9 
    700     175      15.6 
    725     175      12.2 
    750     175       9.1 
    775     175       8.6 
    800     175       6.9 
    825     175       5.4 
    850     175       4.9 
    875     175       4.1 
    900     175       3.8 
    925     175       3.6 
    950     175       3.3 
    975     175       3.0 
   1000     175       2.7 
   1025     175       2.3 
   1050     175       2.3 
   1075     175       2.1 
   1100     175       2.2 
   1125     175       2.2 
   1150     175       2.2 
   1175     175       2.0 
   1200     175       1.8 
   1225     175       1.8 
   1250     175       1.8 
   1275     175       1.8 
   1300     175       1.9 
   1325     175       1.8 
   1350     175       1.8 
   1375     175       1.7 
   1400     175       1.7 
    425     200    1479.7 
    450     200    1344.4 
    475     200    1177.3 
    500     200     808.5 
    525     200     445.0 
    550     200     263.7 
    575     200     155.4 
    600     200      96.5 
    625     200      48.0 
    650     200      34.2 
    675     200      23.6 
    700     200      19.3 
    725     200      14.3 
    750     200      10.6 
    775     200       9.1 
    800     200       7.6 
    825     200       6.2 
    850     200       5.3 
    875     200       4.6 
    900     200       3.8 
    925     200       3.6 
    950     200       3.4 
    975     200       3.1 
   1000     200       2.9 
   1025     200       2.6 
   1050     200       2.4 
   1075     200       2.3 
   1100     200       2.1 
   1125     200       2.1 
   1150     200       2.1 
   1175     200       2.1 
   1200     200       1.9 
   1225     200       1.8 
   1250     200       1.8 
   1275     200       1.7 
   1300     200       1.7 
   1325     200       1.7 
   1350     200       1.7 
   1375     200       1.7 
   1400     200       1.7 
    450     225    1359.6 
    475     225    1136.5 
    500     225     993.5 
    525     225     608.4 
    550     225     271.9 
    575     225     198.8 
    600     225     128.5 
    625     225      82.5 
    650     225      41.8 
    675     225      31.8 
    700     225      23.7 
    725     225      17.7 
    750     225      13.0 
    775     225      10.6 
    800     225       8.5 
    825     225       6.6 
    850     225       5.8 
    875     225       5.2 
    900     225       4.3 
    925     225       3.5 
    950     225       3.4 
    975     225       3.2 
   1000     225       2.9 
   1025     225       2.8 
   1050     225       2.6 
   1075     225       2.5 
   1100     225       2.3 
   1125     225       2.2 
   1150     225       2.0 
   1175     225       2.0 
   1200     225       2.0 
   1225     225       1.9 
   1250     225       1.9 
   1275     225       1.8 
   1300     225       1.7 
   1325     225       1.6 
   1350     225       1.6 
   1375     225       1.7 
   1400     225       1.7 
    475     250    1015.4 
    500     250     850.8 
    525     250     723.3 
    550     250     421.9 
    575     250     239.3 
    600     250     171.5 
    625     250     111.7 
    650     250      71.7 
    675     250      38.3 
    700     250      29.2 
    725     250      20.0 
    750     250      13.6 
    775     250      13.0 
    800     250       9.2 
    825     250       7.5 
    850     250       6.2 
    875     250       5.5 
    900     250       4.9 
    925     250       4.1 
    950     250       3.5 
    975     250       3.2 
   1000     250       2.8 
   1025     250       2.7 
   1050     250       2.7 
   1075     250       2.5 
   1100     250       2.5 
   1125     250       2.2 
   1150     250       2.1 
   1175     250       2.0 
   1200     250       2.0 
   1225     250       2.0 
   1250     250       1.9 
   1275     250       1.8 
   1300     250       1.7 
   1325     250       1.6 
   1350     250       1.6 
   1375     250       1.6 
   1400     250       1.7 
    500     275     671.1 
    525     275     630.3 
    550     275     453.0 
    575     275     329.7 
    600     275     206.6 
    625     275     151.7 
    650     275      95.0 
    675     275      64.4 
    700     275      34.7 
    725     275      26.1 
    750     275      16.3 
    775     275      13.6 
    800     275      10.9 
    825     275       7.9 
    850     275       6.9 
    875     275       5.8 
    900     275       5.2 
    925     275       4.5 
    950     275       3.9 
    975     275       3.4 
   1000     275       3.0 
   1025     275       2.4 
   1050     275       2.5 
   1075     275       2.5 
   1100     275       2.5 
   1125     275       2.3 
   1150     275       2.1 
   1175     275       2.1 
   1200     275       2.0 
   1225     275       2.0 
   1250     275       1.9 
   1275     275       1.8 
   1300     275       1.8 
   1325     275       1.7 
   1350     275       1.6 
   1375     275       1.6 
   1400     275       1.7 
    525     300     673.6 
    550     300     555.6 
    575     300     419.9 
    600     300     301.8 
    625     300     193.7 
    650     300     139.7 
    675     300      89.5 
    700     300      60.5 
    725     300      33.5 
    750     300      26.2 
    775     300      16.3 
    800     300      12.9 
    825     300      10.1 
    850     300       7.5 
    875     300       6.6 
    900     300       5.7 
    925     300       4.9 
    950     300       4.0 
    975     300       3.6 
   1000     300       3.3 
   1025     300       2.9 
   1050     300       2.6 
   1075     300       2.4 
   1100     300       2.5 
   1125     300       2.3 
   1150     300       2.1 
   1175     300       2.1 
   1200     300       2.0 
   1225     300       2.0 
   1250     300       1.9 
   1275     300       1.8 
   1300     300       1.7 
   1325     300       1.8 
   1350     300       1.7 
   1375     300       1.7 
   1400     300       1.7 
    550     325     676.0 
    575     325     514.2 
    600     325     386.8 
    625     325     277.6 
    650     325     180.8 
    675     325     129.7 
    700     325      84.1 
    725     325      57.8 
    750     325      32.3 
    775     325      26.2 
    800     325      18.7 
    825     325      12.1 
    850     325       9.6 
    875     325       7.2 
    900     325       6.4 
    925     325       5.6 
    950     325       4.6 
    975     325       3.5 
   1000     325       3.5 
   1025     325       3.3 
   1050     325       2.9 
   1075     325       2.7 
   1100     325       2.4 
   1125     325       2.3 
   1150     325       2.0 
   1175     325       2.1 
   1200     325       2.1 
   1225     325       2.0 
   1250     325       1.9 
   1275     325       1.8 
   1300     325       1.6 
   1325     325       1.7 
   1350     325       1.7 
   1375     325       1.7 
   1400     325       1.8 
    575     350     574.0 
    600     350     445.5 
    625     350     349.1 
    650     350     251.5 
    675     350     164.5 
    700     350     119.5 
    725     350      81.2 
    750     350      45.7 
    775     350      32.3 
    800     350      23.7 
    825     350      17.2 
    850     350      11.7 
    875     350       9.3 
    900     350       7.0 
    925     350       6.2 
    950     350       5.3 
    975     350       4.4 
   1000     350       3.7 
   1025     350       3.5 
   1050     350       3.1 
   1075     350       3.0 
   1100     350       2.7 
   1125     350       2.4 
   1150     350       2.2 
   1175     350       2.0 
   1200     350       2.1 
   1225     350       2.0 
   1250     350       2.0 
   1275     350       1.9 
   1300     350       1.8 
   1325     350       1.7 
   1350     350       1.7 
   1375     350       1.7 
   1400     350       1.7 
    600     375     472.1 
    625     375     387.0 
    650     375     311.5 
    675     375     223.8 
    700     375     148.1 
    725     375     110.6 
    750     375      78.3 
    775     375      45.7 
    800     375      33.5 
    825     375      21.2 
    850     375      15.7 
    875     375      11.3 
    900     375       9.3 
    925     375       6.8 
    950     375       6.0 
    975     375       5.1 
   1000     375       4.4 
   1025     375       3.9 
   1050     375       3.4 
   1075     375       2.9 
   1100     375       3.0 
   1125     375       2.6 
   1150     375       2.3 
   1175     375       2.1 
   1200     375       2.1 
   1225     375       2.0 
   1250     375       1.9 
   1275     375       1.9 
   1300     375       1.9 
   1325     375       1.7 
   1350     375       1.7 
   1375     375       1.7 
   1400     375       1.7 
    625     400     415.1 
    650     400     338.9 
    675     400     271.1 
    700     400     196.2 
    725     400     134.9 
    750     400      93.5 
    775     400      78.3 
    800     400      43.6 
    825     400      31.2 
    850     400      18.6 
    875     400      14.4 
    900     400      11.9 
    925     400       9.5 
    950     400       6.7 
    975     400       5.8 
   1000     400       4.7 
   1025     400       4.2 
   1050     400       3.6 
   1075     400       3.3 
   1100     400       2.9 
   1125     400       2.8 
   1150     400       2.5 
   1175     400       2.1 
   1200     400       2.0 
   1225     400       2.0 
   1250     400       2.0 
   1275     400       1.9 
   1300     400       1.9 
   1325     400       1.8 
   1350     400       1.7 
   1375     400       1.7 
   1400     400       1.7 
    650     425     358.1 
    675     425     298.5 
    700     425     230.6 
    725     425     177.4 
    750     425     121.6 
    775     425      93.5 
    800     425      66.2 
    825     425      41.6 
    850     425      28.9 
    875     425      16.0 
    900     425      14.1 
    925     425      12.4 
    950     425       9.3 
    975     425       6.6 
   1000     425       5.5 
   1025     425       4.4 
   1050     425       3.9 
   1075     425       3.3 
   1100     425       3.3 
   1125     425       2.9 
   1150     425       2.6 
   1175     425       2.3 
   1200     425       1.9 
   1225     425       2.0 
   1250     425       2.0 
   1275     425       2.0 
   1300     425       1.9 
   1325     425       1.8 
   1350     425       1.7 
   1375     425       1.7 
   1400     425       1.7 
    675     450     334.3 
    700     450     274.4 
    725     450     222.4 
    750     450     149.9 
    775     450     121.6 
    800     450      86.0 
    825     450      61.4 
    850     450      39.4 
    875     450      27.3 
    900     450      16.3 
    925     450      14.2 
    950     450      11.5 
    975     450       8.7 
   1000     450       6.3 
   1025     450       5.3 
   1050     450       4.4 
   1075     450       3.9 
   1100     450       3.3 
   1125     450       3.0 
   1150     450       2.7 
   1175     450       2.6 
   1200     450       2.3 
   1225     450       2.1 
   1250     450       2.1 
   1275     450       2.1 
   1300     450       2.0 
   1325     450       1.9 
   1350     450       1.8 
   1375     450       1.7 
   1400     450       1.7 
    700     475     310.5 
    725     475     276.3 
    750     475     214.1 
    775     475     149.9 
    800     475     113.5 
    825     475      78.5 
    850     475      57.7 
    875     475      37.3 
    900     475      26.6 
    925     475      16.6 
    950     475      13.9 
    975     475      10.5 
   1000     475       8.2 
   1025     475       6.0 
   1050     475       5.1 
   1075     475       4.4 
   1100     475       3.9 
   1125     475       3.3 
   1150     475       2.7 
   1175     475       2.7 
   1200     475       2.7 
   1225     475       2.4 
   1250     475       2.3 
   1275     475       2.2 
   1300     475       2.2 
   1325     475       2.0 
   1350     475       1.9 
   1375     475       1.8 
   1400     475       1.7 
    725     500     358.3 
    750     500     265.7 
    775     500     214.1 
    800     500     139.5 
    825     500     105.7 
    850     500      75.4 
    875     500      55.3 
    900     500      36.1 
    925     500      26.1 
    950     500      16.9 
    975     500      13.6 
   1000     500       9.8 
   1025     500       7.7 
   1050     500       5.8 
   1075     500       4.9 
   1100     500       4.2 
   1125     500       3.8 
   1150     500       3.3 
   1175     500       2.7 
   1200     500       2.4 
   1225     500       2.5 
   1250     500       2.3 
   1275     500       2.2 
   1300     500       1.8 
   1325     500       2.1 
   1350     500       1.9 
   1375     500       1.9 
   1400     500       1.8 
    750     525     406.1 
    775     525     265.7 
    800     525     192.2 
    825     525     129.2 
    850     525     101.7 
    875     525      72.2 
    900     525      54.1 
    925     525      34.9 
    950     525      25.9 
    975     525      17.2 
   1000     525      13.1 
   1025     525       9.1 
   1050     525       7.4 
   1075     525       5.5 
   1100     525       4.9 
   1125     525       4.0 
   1150     525       3.7 
   1175     525       3.3 
   1200     525       2.8 
   1225     525       2.4 
   1250     525       2.3 
   1275     525       2.3 
   1300     525       2.1 
   1325     525       1.8 
   1350     525       2.0 
   1375     525       1.9 
   1400     525       1.9 
    775     550     406.1 
    800     550     234.2 
    825     550     174.0 
    850     550     130.0 
    875     550     101.5 
    900     550      72.9 
    925     550      54.0 
    950     550      34.6 
    975     550      25.6 
   1000     550      16.3 
   1025     550      12.6 
   1050     550       9.3 
   1075     550       6.9 
   1100     550       5.7 
   1125     550       4.5 
   1150     550       4.1 
   1175     550       3.8 
   1200     550       3.3 
   1225     550       2.7 
   1250     550       2.4 
   1275     550       2.4 
   1300     550       1.9 
   1325     550       2.2 
   1350     550       2.1 
   1375     550       1.8 
   1400     550       1.9 
    775     575     441.5 
    800     575     324.4 
    825     575     202.7 
    850     575     167.1 
    875     575     130.9 
    900     575      99.4 
    925     575      73.6 
    950     575      53.0 
    975     575      34.2 
   1000     575      24.9 
   1025     575      15.5 
   1050     575      12.3 
   1075     575       9.4 
   1100     575       6.9 
   1125     575       5.8 
   1150     575       4.2 
   1175     575       4.0 
   1200     575       3.7 
   1225     575       3.1 
   1250     575       2.4 
   1275     575       2.6 
   1300     575       2.3 
   1325     575       2.3 
   1350     575       2.1 
   1375     575       2.0 
   1400     575       2.0 
    800     600     419.2 
    825     600     306.0 
    850     600     205.0 
    875     600     165.8 
    900     600     120.1 
    925     600      93.2 
    950     600      69.7 
    975     600      50.8 
   1000     600      33.7 
   1025     600      24.3 
   1050     600      14.9 
   1075     600      10.2 
   1100     600       8.6 
   1125     600       7.1 
   1150     600       5.4 
   1175     600       4.3 
   1200     600       3.6 
   1225     600       3.4 
   1250     600       3.0 
   1275     600       2.7 
   1300     600       2.6 
   1325     600       2.1 
   1350     600       2.3 
   1375     600       2.1 
   1400     600       2.1 
    825     625     396.9 
    850     625     315.2 
    875     625     207.2 
    900     625     160.9 
    925     625     109.4 
    950     625      88.0 
    975     625      65.7 
   1000     625      48.7 
   1025     625      33.2 
   1050     625      23.6 
   1075     625      14.4 
   1100     625      10.2 
   1125     625       8.9 
   1150     625       7.0 
   1175     625       5.1 
   1200     625       4.7 
   1225     625       3.8 
   1250     625       3.4 
   1275     625       2.8 
   1300     625       2.9 
   1325     625       2.5 
   1350     625       2.3 
   1375     625       2.2 
   1400     625       2.0 
    850     650     451.5 
    875     650     342.9 
    900     650     206.9 
    925     650     157.5 
    950     650     107.3 
    975     650      85.1 
   1000     650      62.1 
   1025     650      46.4 
   1050     650      32.0 
   1075     650      20.5 
   1100     650      14.8 
   1125     650      10.7 
   1150     650       8.5 
   1175     650       6.8 
   1200     650       6.0 
   1225     650       4.5 
   1250     650       3.4 
   1275     650       3.4 
   1300     650       3.0 
   1325     650       2.6 
   1350     650       2.4 
   1375     650       2.3 
   1400     650       2.0 
    875     675     506.1 
    900     675     366.8 
    925     675     206.5 
    950     675     155.7 
    975     675     105.2 
   1000     675      82.6 
   1025     675      58.5 
   1050     675      44.6 
   1075     675      30.7 
   1100     675      20.5 
   1125     675      12.4 
   1150     675       9.6 
   1175     675       9.2 
   1200     675       6.3 
   1225     675       5.4 
   1250     675       4.2 
   1275     675       3.6 
   1300     675       3.1 
   1325     675       3.3 
   1350     675       2.6 
   1375     675       2.6 
   1400     675       2.2 
    900     700     547.6 
    925     700     386.8 
    950     700     203.8 
    975     700     153.6 
   1000     700     104.4 
   1025     700      80.9 
   1050     700      57.2 
   1075     700      40.8 
   1100     700      31.6 
   1125     700      19.6 
   1150     700      15.0 
   1175     700      10.9 
   1200     700       7.9 
   1225     700       7.3 
   1250     700       5.2 
   1275     700       4.5 
   1300     700       3.6 
   1325     700       3.1 
   1350     700       2.9 
   1375     700       2.6 
   1400     700       2.4 
    925     725     589.2 
    950     725     384.0 
    975     725     201.1 
   1000     725     148.7 
   1025     725     103.6 
   1050     725      79.2 
   1075     725      55.9 
   1100     725      40.8 
   1125     725      30.0 
   1150     725      18.6 
   1175     725      15.3 
   1200     725      10.7 
   1225     725       7.7 
   1250     725       6.6 
   1275     725       4.9 
   1300     725       4.3 
   1325     725       3.0 
   1350     725       3.4 
   1375     725       2.9 
   1400     725       2.6 
    950     750     542.0 
    975     750     355.9 
   1000     750     185.7 
   1025     750     139.9 
   1050     750     100.1 
   1075     750      80.1 
   1100     750      50.8 
   1125     750      43.0 
   1150     750      30.2 
   1175     750      20.5 
   1200     750      13.2 
   1225     750      11.6 
   1250     750       7.2 
   1275     750       6.5 
   1300     750       5.2 
   1325     750       4.3 
   1350     750       3.6 
   1375     750       3.0 
   1400     750       2.8 
    975     775     494.9 
   1000     775     324.4 
   1025     775     170.3 
   1050     775     134.5 
   1075     775      96.7 
   1100     775      80.1 
   1125     775      58.5 
   1150     775      40.9 
   1175     775      31.2 
   1200     775      18.6 
   1225     775      15.9 
   1250     775       9.9 
   1275     775       8.0 
   1300     775       6.0 
   1325     775       4.6 
   1350     775       4.4 
   1375     775       3.4 
   1400     775       3.3 
   1000     800     446.7 
   1025     800     296.6 
   1050     800     170.7 
   1075     800     147.7 
   1100     800     103.2 
   1125     800      73.3 
   1150     800      48.8 
   1175     800      40.0 
   1200     800      29.2 
   1225     800      22.7 
   1250     800      15.4 
   1275     800       9.5 
   1300     800       7.5 
   1325     800       6.2 
   1350     800       5.2 
   1375     800       4.1 
   1400     800       3.4 
   1025     825     398.6 
   1050     825     277.7 
   1075     825     171.1 
   1100     825     147.7 
   1125     825     101.6 
   1150     825      67.7 
   1175     825      61.0 
   1200     825      41.5 
   1225     825      32.4 
   1250     825      21.8 
   1275     825      13.6 
   1300     825       9.2 
   1325     825       7.6 
   1350     825       6.9 
   1375     825       5.2 
   1400     825       4.0 
   1050     850     370.2 
   1075     850     267.8 
   1100     850     167.7 
   1125     850     162.7 
   1150     850     103.8 
   1175     850      72.4 
   1200     850      51.9 
   1225     850      38.6 
   1250     850      26.7 
   1275     850      22.1 
   1300     850      14.8 
   1325     850       9.4 
   1350     850       7.3 
   1375     850       5.7 
   1400     850       5.3 
   1075     875     341.9 
   1100     875     267.8 
   1125     875     166.8 
   1150     875     176.2 
   1175     875     105.3 
   1200     875      84.0 
   1225     875      57.0 
   1250     875      38.9 
   1275     875      32.5 
   1300     875      17.2 
   1325     875      14.5 
   1350     875       9.1 
   1375     875       8.0 
   1400     875       6.3 
   1100     900     609.2 
   1125     900     219.2 
   1150     900     162.8 
   1175     900     130.5 
   1200     900      92.9 
   1225     900      66.6 
   1250     900      54.0 
   1275     900      40.3 
   1300     900      27.0 
   1325     900      16.0 
   1350     900      14.0 
   1375     900      11.4 
   1400     900       6.8 
   1125     925     360.9 
   1150     925     271.4 
   1175     925     230.8 
   1200     925     128.8 
   1225     925     110.4 
   1250     925      75.4 
   1275     925      54.0 
   1300     925      40.5 
   1325     925      34.8 
   1350     925      18.5 
   1375     925      13.1 
   1400     925       8.1 
   1150     950     500.8 
   1175     950     224.8 
   1200     950     166.4 
   1225     950     127.9 
   1250     950      91.1 
   1275     950      87.1 
   1300     950      57.9 
   1325     950      45.9 
   1350     950      29.2 
   1375     950      22.3 
   1400     950      13.5 
   1175     975     514.8 
   1200     975     259.8 
   1225     975     163.5 
   1250     975     108.7 
   1275     975     114.7 
   1300     975      70.7 
   1325     975      55.2 
   1350     975      42.3 
   1375     975      31.9 
   1400     975      20.5 
