#MA5 EffMap for txName: T5 , Analysis: cms_sus_13_012 , SR: 6NJet8_800HT1000_300MHT450
# Mother Interm Daughter  Eff. 
300.0   250.0   0.0001425
900.0   550.0   0.0023591
420.0   300.0   0.0007066
720.0   700.0   0.0000885
420.0   400.0   0.0000196
1620.0   1   0.0006435
1620.0   550.0   0.0004326
1500.0   50.0   0.0006681
1020.0   150.0   0.0016678
1620.0   200.0   0.0004842
1380.0   650.0   0.0007440
600.0   300.0   0.0019733
1620.0   250.0   0.0004797
780.0   650.0   0.0014279
720.0   150.0   0.0018239
480.0   350.0   0.0007700
1020.0   700.0   0.0020978
1560.0   300.0   0.0002701
540.0   200.0   0.0019466
1680.0   50.0   0.0001150
1200.0   400.0   0.0007937
1440.0   500.0   0.0009445
1560.0   350.0   0.0004603
600.0   150.0   0.0021935
1080.0   1   0.0014516
600.0   450.0   0.0011048
1500.0   250.0   0.0007910
900.0   1   0.0017016
1260.0   550.0   0.0010356
720.0   650.0   0.0003671
1500.0   600.0   0.0006951
1680.0   550.0   0.0002985
1080.0   700.0   0.0025675
1440.0   300.0   0.0005950
1140.0   100.0   0.0009133
780.0   600.0   0.0012848
660.0   450.0   0.0013276
1620.0   300.0   0.0007126
960.0   700.0   0.0022714
300.0   200.0   0.0003170
1260.0   700.0   0.0004063
840.0   300.0   0.0015946
960.0   650.0   0.0021631
660.0   1   0.0023777
1020.0   250.0   0.0014479
1560.0   700.0   0.0007802
1200.0   450.0   0.0011111
720.0   50.0   0.0022010
1440.0   650.0   0.0008178
1440.0   100.0   0.0008574
1020.0   550.0   0.0015228
60.0   1   0.0000114
1140.0   350.0   0.0009378
1680.0   600.0   0.0004796
1080.0   400.0   0.0011544
1200.0   700.0   0.0008676
960.0   250.0   0.0016182
480.0   50.0   0.0019993
1500.0   700.0   0.0006015
420.0   250.0   0.0010462
840.0   1   0.0018128
1080.0   50.0   0.0016263
540.0   250.0   0.0019060
1020.0   1   0.0019550
720.0   450.0   0.0021419
540.0   50.0   0.0021489
1200.0   100.0   0.0013661
960.0   500.0   0.0014659
660.0   500.0   0.0006138
420.0   200.0   0.0012707
420.0   50.0   0.0018246
1620.0   400.0   0.0002423
1140.0   700.0   0.0020366
1080.0   650.0   0.0017388
540.0   400.0   0.0008943
960.0   50.0   0.0015245
1680.0   350.0   0.0005028
960.0   400.0   0.0013186
1440.0   350.0   0.0003922
840.0   450.0   0.0019392
1140.0   400.0   0.0011680
1380.0   350.0   0.0008140
1440.0   1   0.0004411
360.0   100.0   0.0011443
1020.0   650.0   0.0018968
780.0   500.0   0.0019826
840.0   50.0   0.0018461
1260.0   400.0   0.0010865
1140.0   550.0   0.0008519
900.0   200.0   0.0017576
1380.0   1   0.0007294
660.0   550.0   0.0006755
420.0   350.0   0.0003341
1080.0   450.0   0.0015443
1500.0   450.0   0.0006847
1140.0   250.0   0.0007537
1380.0   300.0   0.0009861
780.0   550.0   0.0018345
840.0   350.0   0.0014343
600.0   50.0   0.0016868
1560.0   250.0   0.0004092
600.0   250.0   0.0020743
720.0   350.0   0.0018288
1500.0   650.0   0.0007775
1440.0   400.0   0.0005299
1560.0   400.0   0.0002592
1200.0   550.0   0.0013799
780.0   400.0   0.0014807
1440.0   700.0   0.0008242
1560.0   100.0   0.0007298
1200.0   150.0   0.0009015
540.0   350.0   0.0015742
900.0   450.0   0.0018379
1500.0   400.0   0.0003986
780.0   50.0   0.0017831
1020.0   350.0   0.0009251
1200.0   600.0   0.0007553
960.0   350.0   0.0012135
1380.0   500.0   0.0006532
300.0   150.0   0.0004805
1440.0   600.0   0.0011761
480.0   1   0.0021553
900.0   300.0   0.0014942
840.0   600.0   0.0020088
480.0   200.0   0.0016552
1140.0   150.0   0.0008835
900.0   700.0   0.0017723
1260.0   650.0   0.0013029
1020.0   300.0   0.0008986
1080.0   550.0   0.0018832
660.0   300.0   0.0019053
900.0   650.0   0.0020007
480.0   250.0   0.0015028
1440.0   150.0   0.0005669
540.0   500.0   0.0001887
1680.0   400.0   0.0006609
840.0   700.0   0.0010752
1380.0   700.0   0.0010581
300.0   1   0.0009839
600.0   350.0   0.0019087
1200.0   250.0   0.0010059
840.0   500.0   0.0022824
540.0   150.0   0.0020236
600.0   500.0   0.0007281
360.0   250.0   0.0005450
480.0   100.0   0.0018637
1680.0   500.0   0.0005519
1680.0   150.0   0.0002610
660.0   100.0   0.0018529
1680.0   1   0.0002627
840.0   150.0   0.0014557
1680.0   300.0   0.0003798
1200.0   650.0   0.0010723
1020.0   500.0   0.0015324
1320.0   400.0   0.0006880
660.0   650.0   0.0001108
240.0   1   0.0004491
1560.0   600.0   0.0006212
1620.0   650.0   0.0008666
1140.0   450.0   0.0015225
780.0   200.0   0.0016457
1080.0   350.0   0.0012000
1620.0   350.0   0.0008682
300.0   100.0   0.0007834
1020.0   400.0   0.0011599
960.0   600.0   0.0017189
960.0   200.0   0.0016971
1200.0   500.0   0.0009886
720.0   100.0   0.0019285
660.0   600.0   0.0002408
1440.0   50.0   0.0005705
600.0   200.0   0.0022127
1080.0   600.0   0.0012146
480.0   150.0   0.0019205
1380.0   400.0   0.0007045
600.0   100.0   0.0021498
780.0   100.0   0.0021545
1140.0   300.0   0.0014033
1320.0   500.0   0.0010937
1020.0   600.0   0.0014013
960.0   450.0   0.0020445
1320.0   1   0.0010313
1560.0   550.0   0.0005881
780.0   150.0   0.0014861
1380.0   250.0   0.0007846
360.0   300.0   0.0002632
420.0   150.0   0.0014231
1620.0   500.0   0.0005985
900.0   100.0   0.0020541
960.0   550.0   0.0018619
180.0   1   0.0001214
240.0   50.0   0.0003673
1260.0   450.0   0.0008163
360.0   350.0   0.0000377
1140.0   500.0   0.0011886
1140.0   50.0   0.0015552
1260.0   600.0   0.0009167
1620.0   450.0   0.0007169
60.0   50.0   0.0000000
900.0   400.0   0.0020794
1320.0   100.0   0.0007729
480.0   300.0   0.0012960
720.0   600.0   0.0012303
780.0   1   0.0020005
1080.0   300.0   0.0012045
1380.0   600.0   0.0008968
300.0   50.0   0.0009980
1020.0   200.0   0.0014054
1200.0   1   0.0013838
1260.0   200.0   0.0007116
720.0   1   0.0019694
960.0   100.0   0.0012835
1560.0   500.0   0.0004031
780.0   450.0   0.0019367
720.0   250.0   0.0015762
1500.0   300.0   0.0007888
1320.0   50.0   0.0008948
360.0   50.0   0.0014426
1020.0   450.0   0.0013900
960.0   300.0   0.0013009
1260.0   500.0   0.0009698
240.0   200.0   0.0000666
360.0   150.0   0.0011528
480.0   400.0   0.0005464
1680.0   700.0   0.0005518
1440.0   450.0   0.0011158
420.0   100.0   0.0019376
660.0   400.0   0.0014306
1380.0   450.0   0.0004934
840.0   250.0   0.0015145
960.0   150.0   0.0016397
600.0   1   0.0021996
480.0   450.0   0.0001011
1560.0   650.0   0.0008003
540.0   300.0   0.0018553
1380.0   550.0   0.0008922
1140.0   1   0.0010979
240.0   100.0   0.0002667
720.0   200.0   0.0022059
1620.0   50.0   0.0004784
960.0   1   0.0018005
1380.0   50.0   0.0011832
540.0   100.0   0.0018935
780.0   250.0   0.0018303
1260.0   250.0   0.0008718
1500.0   200.0   0.0004522
1440.0   250.0   0.0007077
540.0   450.0   0.0007518
1500.0   100.0   0.0005202
180.0   50.0   0.0001063
1560.0   200.0   0.0009925
1320.0   250.0   0.0007915
1560.0   1   0.0005531
900.0   350.0   0.0015007
660.0   200.0   0.0016378
1020.0   100.0   0.0012730
1140.0   600.0   0.0018290
360.0   1   0.0015736
1560.0   50.0   0.0003737
780.0   300.0   0.0015074
420.0   1   0.0018168
1080.0   100.0   0.0018817
1260.0   1   0.0009008
1440.0   200.0   0.0007242
720.0   300.0   0.0017084
1680.0   250.0   0.0004726
180.0   150.0   0.0000000
1080.0   200.0   0.0013672
1560.0   450.0   0.0009549
1080.0   500.0   0.0011885
1620.0   700.0   0.0004268
1260.0   350.0   0.0010507
1500.0   350.0   0.0006380
1260.0   100.0   0.0009193
840.0   200.0   0.0017869
840.0   100.0   0.0018551
1500.0   1   0.0008369
1380.0   150.0   0.0004833
1200.0   350.0   0.0011155
660.0   50.0   0.0020739
1200.0   50.0   0.0015963
1680.0   100.0   0.0003805
1380.0   200.0   0.0006802
1320.0   450.0   0.0008428
1320.0   550.0   0.0008895
900.0   150.0   0.0015623
1320.0   200.0   0.0006282
240.0   150.0   0.0001491
1260.0   150.0   0.0010510
1320.0   300.0   0.0008839
900.0   50.0   0.0019345
1320.0   650.0   0.0010081
1500.0   500.0   0.0005586
540.0   1   0.0021097
1200.0   200.0   0.0016516
720.0   550.0   0.0019666
600.0   550.0   0.0001928
600.0   400.0   0.0015607
1500.0   150.0   0.0004913
1620.0   100.0   0.0001875
1680.0   450.0   0.0003302
720.0   400.0   0.0022028
360.0   200.0   0.0009996
1260.0   50.0   0.0009670
1680.0   200.0   0.0003067
840.0   400.0   0.0017774
180.0   100.0   0.0000605
1320.0   700.0   0.0010949
1680.0   650.0   0.0004803
900.0   250.0   0.0014275
1440.0   550.0   0.0005146
660.0   350.0   0.0019011
1380.0   100.0   0.0006496
1140.0   200.0   0.0006646
1020.0   50.0   0.0013117
1080.0   250.0   0.0015913
900.0   600.0   0.0020033
1320.0   150.0   0.0007162
1140.0   650.0   0.0013218
120.0   50.0   0.0000267
1260.0   300.0   0.0008748
780.0   700.0   0.0004538
1080.0   150.0   0.0013182
1500.0   550.0   0.0006985
840.0   650.0   0.0020334
1200.0   300.0   0.0008370
900.0   500.0   0.0019014
1320.0   600.0   0.0007130
660.0   150.0   0.0018209
780.0   350.0   0.0019483
720.0   500.0   0.0018356
840.0   550.0   0.0023687
120.0   1   0.0000534
1560.0   150.0   0.0003372
1320.0   350.0   0.0008899
1620.0   150.0   0.0007404
1620.0   600.0   0.0005621
660.0   250.0   0.0019144
120.0   100.0   0.0000133
