100 0 2800.77
100 50 357.38
100 70 128.98
100 90 1104.14
150 0 33.13
150 50 35.21
150 100 28.50
150 120 36.28
150 140 221.78
200 0 0.99
200 50 1.65
200 100 6.11
200 150 9.61
200 170 17.72
200 199 635.00
250 0 0.21
250 50 0.25
250 100 0.69
250 150 2.51
250 200 6.31
250 220 10.97
250 240 166.38
300 0 0.10
300 50 0.11
300 100 0.17
300 150 0.35
300 200 1.60
300 250 3.15
300 270 8.90
300 290 166.71
350 0 0.08
350 50 0.08
350 100 0.10
350 150 0.12
350 200 0.31
350 250 0.95
350 300 2.39
350 325 10.12
350 340 56.69
400 0 0.06
400 50 0.06
400 100 0.06
400 150 0.08
400 200 0.11
400 250 0.25
400 300 0.89
400 350 1.60
400 370 21.13
400 390 29.47
450 0 0.02
450 50 0.03
450 100 0.03
450 150 0.06
450 200 0.07
450 250 0.11
450 300 0.23
450 350 0.70
450 400 2.19
450 420 4.06
500 0 0.03
500 50 0.03
500 100 0.03
500 150 0.02
500 200 0.03
500 250 0.07
500 300 0.11
500 350 0.20
500 400 0.78
500 450 1.17
500 470 6.46
550 0 0.02
550 50 0.02
550 100 0.02
550 150 0.02
550 200 0.03
550 250 0.03
550 300 0.07
550 350 0.11
550 400 0.19
550 450 0.52
600 0 0.02
600 50 0.02
600 100 0.02
600 150 0.02
600 200 0.02
600 250 0.03
600 300 0.03
600 350 0.06
600 400 0.09
600 450 0.18
650 0 0.02
650 50 0.01
650 100 0.02
650 150 0.02
650 200 0.02
650 250 0.02
650 300 0.02
650 350 0.03
650 400 0.06
650 450 0.09
700 0 0.01
700 50 0.02
700 100 0.02
700 150 0.01
700 200 0.01
700 250 0.02
700 300 0.02
700 400 0.03
700 450 0.05
750 0 0.01
750 50 0.01
750 100 0.01
750 150 0.01
750 200 0.01
750 250 0.01
750 300 0.02
750 350 0.02
750 400 0.02
750 450 0.03
