     500.00           1.00   0.00482
     500.00          50.00   0.0035
     500.00         100.00   0.00218
     500.00         145.00   0.00114
     550.00           1.00   0.00709
     550.00          50.00   0.00752
     550.00         100.00   0.00492
     550.00         150.00   0.00315
     550.00         195.00   0.00138
     600.00           1.00   0.01104
     600.00          50.00   0.01043
     600.00         100.00   0.00865
     600.00         150.00   0.0065
     600.00         200.00   0.00344
     600.00         245.00   0.00208
     650.00           1.00   0.01478
     650.00          50.00   0.01259
     650.00         100.00   0.01187
     650.00         150.00   0.00924
     650.00         200.00   0.00693
     650.00         250.00   0.00406
     650.00         295.00   0.00195
     700.00           1.00   0.0181
     700.00          50.00   0.0208
     700.00         100.00   0.01671
     700.00         150.00   0.01466
     700.00         200.00   0.00982
     700.00         250.00   0.00791
     700.00         300.00   0.00387
     700.00         345.00   0.00149
     750.00           1.00   0.0234
     750.00          50.00   0.02237
     750.00         100.00   0.02077
     750.00         150.00   0.0178
     750.00         200.00   0.01475
     750.00         250.00   0.01188
     750.00         300.00   0.0077
     750.00         350.00   0.00504
     750.00         395.00   0.00226
     800.00           1.00   0.02594
     800.00          50.00   0.02684
     800.00         100.00   0.02429
     800.00         150.00   0.02155
     800.00         200.00   0.01883
     800.00         250.00   0.01567
     800.00         300.00   0.01115
     800.00         350.00   0.00907
     800.00         400.00   0.00462
     800.00         445.00   0.00233
     850.00           1.00   0.02984
     850.00          50.00   0.02792
     850.00         100.00   0.02693
     850.00         150.00   0.02667
     850.00         200.00   0.02431
     850.00         250.00   0.01841
     850.00         300.00   0.01579
     850.00         350.00   0.01328
     850.00         400.00   0.00784
     850.00         450.00   0.00588
     850.00         495.00   0.00241
     900.00           1.00   0.03255
     900.00          50.00   0.03248
     900.00         100.00   0.03331
     900.00         150.00   0.02983
     900.00         200.00   0.02799
     900.00         250.00   0.0255
     900.00         300.00   0.02128
     900.00         350.00   0.01539
     900.00         400.00   0.01262
     900.00         450.00   0.00757
     900.00         500.00   0.00423
     900.00         545.00   0.0025
     950.00           1.00   0.03885
     950.00          50.00   0.03622
     950.00         100.00   0.03567
     950.00         150.00   0.03253
     950.00         200.00   0.03092
     950.00         250.00   0.02979
     950.00         300.00   0.02546
     950.00         350.00   0.02054
     950.00         400.00   0.01765
     950.00         450.00   0.01333
     950.00         500.00   0.00775
     950.00         550.00   0.00398
     950.00         595.00   0.00247
    1000.00           1.00   0.03901
    1000.00          50.00   0.03788
    1000.00         100.00   0.03898
    1000.00         150.00   0.03611
    1000.00         200.00   0.03423
    1000.00         250.00   0.0354
    1000.00         300.00   0.02974
    1000.00         350.00   0.02664
    1000.00         400.00   0.0222
    1000.00         450.00   0.01753
    1000.00         500.00   0.01254
    1000.00         550.00   0.00707
    1000.00         600.00   0.00458
    1000.00         645.00   0.00169
    1050.00           1.00   0.04171
    1050.00          50.00   0.04109
    1050.00         100.00   0.04193
    1050.00         150.00   0.03684
    1050.00         200.00   0.03789
    1050.00         250.00   0.03661
    1050.00         300.00   0.03348
    1050.00         350.00   0.02935
    1050.00         400.00   0.02734
    1050.00         450.00   0.02282
    1050.00         500.00   0.01842
    1050.00         550.00   0.01256
    1050.00         600.00   0.00684
    1050.00         650.00   0.00453
    1050.00         695.00   0.00222
    1100.00           1.00   0.04299
    1100.00          50.00   0.04436
    1100.00         100.00   0.04366
    1100.00         150.00   0.04243
    1100.00         200.00   0.04143
    1100.00         250.00   0.03906
    1100.00         300.00   0.03868
    1100.00         350.00   0.03615
    1100.00         400.00   0.03154
    1100.00         450.00   0.0268
    1100.00         500.00   0.02241
    1100.00         550.00   0.01847
    1100.00         600.00   0.01195
    1100.00         650.00   0.00741
    1100.00         700.00   0.00433
    1100.00         745.00   0.00147
    1150.00           1.00   0.04683
    1150.00          50.00   0.05038
    1150.00         100.00   0.04494
    1150.00         150.00   0.04702
    1150.00         200.00   0.04424
    1150.00         250.00   0.04201
    1150.00         300.00   0.04092
    1150.00         350.00   0.03617
    1150.00         400.00   0.03463
    1150.00         450.00   0.03041
    1150.00         500.00   0.02757
    1150.00         550.00   0.02355
    1150.00         600.00   0.0179
    1150.00         650.00   0.01171
    1150.00         700.00   0.00838
    1150.00         750.00   0.00416
    1150.00         795.00   0.00251
    1200.00           1.00   0.04849
    1200.00          50.00   0.04832
    1200.00         100.00   0.04724
    1200.00         150.00   0.04427
    1200.00         200.00   0.04595
    1200.00         250.00   0.04814
    1200.00         300.00   0.04559
    1200.00         350.00   0.04233
    1200.00         400.00   0.03797
    1200.00         450.00   0.03805
    1200.00         500.00   0.0308
    1200.00         550.00   0.02815
    1200.00         600.00   0.0219
    1200.00         650.00   0.0184
    1200.00         700.00   0.01233
    1200.00         750.00   0.00726
    1200.00         800.00   0.00431
    1200.00         845.00   0.00265
    1250.00           1.00   0.05068
    1250.00          50.00   0.0477
    1250.00         100.00   0.05164
    1250.00         150.00   0.04787
    1250.00         200.00   0.05035
    1250.00         250.00   0.04441
    1250.00         300.00   0.04613
    1250.00         350.00   0.04239
    1250.00         400.00   0.04265
    1250.00         450.00   0.03601
    1250.00         500.00   0.03657
    1250.00         550.00   0.03089
    1250.00         600.00   0.02778
    1250.00         650.00   0.0224
    1250.00         700.00   0.01742
    1250.00         750.00   0.01254
    1250.00         800.00   0.00755
    1250.00         850.00   0.00374
    1250.00         895.00   0.00194
    1300.00           1.00   0.05338
    1300.00          50.00   0.05054
    1300.00         100.00   0.05236
    1300.00         150.00   0.05063
    1300.00         200.00   0.05037
    1300.00         250.00   0.05018
    1300.00         300.00   0.04738
    1300.00         350.00   0.04878
    1300.00         400.00   0.04476
    1300.00         450.00   0.04133
    1300.00         500.00   0.03996
    1300.00         550.00   0.036
    1300.00         600.00   0.03187
    1300.00         650.00   0.02638
    1300.00         700.00   0.02256
    1300.00         750.00   0.01815
    1300.00         800.00   0.012
    1300.00         850.00   0.00645
    1300.00         900.00   0.00384
    1300.00         945.00   0.00178
    1350.00           1.00   0.05248
    1350.00          50.00   0.05544
    1350.00         100.00   0.05353
    1350.00         150.00   0.05209
    1350.00         200.00   0.05
    1350.00         250.00   0.05131
    1350.00         300.00   0.04908
    1350.00         350.00   0.04836
    1350.00         400.00   0.04621
    1350.00         450.00   0.04223
    1350.00         500.00   0.04299
    1350.00         550.00   0.04095
    1350.00         600.00   0.03616
    1350.00         650.00   0.03312
    1350.00         700.00   0.02844
    1350.00         750.00   0.02371
    1350.00         800.00   0.01688
    1350.00         850.00   0.01151
    1350.00         900.00   0.00752
    1350.00         950.00   0.00413
    1350.00         995.00   0.00178
    1400.00           1.00   0.05469
    1400.00          50.00   0.05129
    1400.00         100.00   0.05539
    1400.00         150.00   0.06061
    1400.00         200.00   0.05393
    1400.00         250.00   0.05627
    1400.00         300.00   0.05172
    1400.00         350.00   0.0529
    1400.00         400.00   0.04878
    1400.00         450.00   0.04808
    1400.00         500.00   0.04527
    1400.00         550.00   0.04481
    1400.00         600.00   0.04058
    1400.00         650.00   0.03559
    1400.00         700.00   0.03275
    1400.00         750.00   0.02853
    1400.00         800.00   0.02291
    1400.00         850.00   0.0162
    1400.00         900.00   0.01201
    1400.00         950.00   0.00709
    1400.00        1000.00   0.00426
    1400.00        1045.00   0.00221
    1450.00           1.00   0.05373
    1450.00          50.00   0.05234
    1450.00         100.00   0.0555
    1450.00         150.00   0.05792
    1450.00         200.00   0.05577
    1450.00         250.00   0.05204
    1450.00         300.00   0.05157
    1450.00         350.00   0.05218
    1450.00         400.00   0.04872
    1450.00         450.00   0.04988
    1450.00         500.00   0.04941
    1450.00         550.00   0.04948
    1450.00         600.00   0.04512
    1450.00         650.00   0.04443
    1450.00         700.00   0.03689
    1450.00         750.00   0.03101
    1450.00         800.00   0.02558
    1450.00         850.00   0.02204
    1450.00         900.00   0.01627
    1450.00         950.00   0.01064
    1450.00        1000.00   0.00745
    1450.00        1050.00   0.00304
    1450.00        1095.00   0.00181
    1500.00           1.00   0.05685
    1500.00         100.00   0.05649
    1500.00         200.00   0.05674
    1500.00         300.00   0.05617
    1500.00         400.00   0.0522
    1500.00         500.00   0.04792
    1500.00         600.00   0.04639
    1500.00         700.00   0.03993
    1500.00         800.00   0.03344
    1500.00         900.00   0.01916
    1500.00        1000.00   0.01113
    1500.00        1100.00   0.00456
    1600.00           1.00   0.06044
    1600.00         100.00   0.05727
    1600.00         200.00   0.05925
    1600.00         300.00   0.05835
    1600.00         400.00   0.05479
    1600.00         500.00   0.05563
    1600.00         600.00   0.04973
    1600.00         700.00   0.04847
    1600.00         800.00   0.04035
    1600.00         900.00   0.03194
    1600.00        1000.00   0.01982
    1600.00        1100.00   0.01098
    1600.00        1200.00   0.00362
    1700.00           1.00   0.05844
    1700.00         100.00   0.06056
    1700.00         200.00   0.05416
    1700.00         300.00   0.05886
    1700.00         400.00   0.05795
    1700.00         500.00   0.05762
    1700.00         600.00   0.05224
    1700.00         700.00   0.05736
    1700.00         800.00   0.05047
    1700.00         900.00   0.03769
    1700.00        1000.00   0.03433
    1700.00        1100.00   0.02146
    1700.00        1200.00   0.01111
    1700.00        1300.00   0.00304
    1800.00           1.00   0.05863
    1800.00         100.00   0.05799
    1800.00         200.00   0.06064
    1800.00         300.00   0.05557
    1800.00         400.00   0.06589
    1800.00         500.00   0.06163
    1800.00         600.00   0.05644
    1800.00         700.00   0.05624
    1800.00         800.00   0.05112
    1800.00         900.00   0.04972
    1800.00        1000.00   0.03886
    1800.00        1100.00   0.03514
    1800.00        1200.00   0.01944
    1800.00        1300.00   0.0088
    1800.00        1400.00   0.00188
    1900.00           1.00   0.06286
    1900.00         100.00   0.06022
    1900.00         200.00   0.05951
    1900.00         300.00   0.0589
    1900.00         400.00   0.05981
    1900.00         500.00   0.06022
    1900.00         600.00   0.06042
    1900.00         700.00   0.05333
    1900.00         800.00   0.05655
    1900.00         900.00   0.05359
    1900.00        1000.00   0.05233
    1900.00        1100.00   0.03799
    1900.00        1200.00   0.03468
    1900.00        1300.00   0.02231
    1900.00        1400.00   0.00912
    1900.00        1500.00   0.00279
