       500            1   0.00271261
       500           50   0.00190088
       500          100   0.00116119
       500          145   0.000551622
       550            1   0.00448507
       550           50   0.00389263
       550          100   0.00250679
       550          150   0.000967806
       550          195   0.000982261
       600            1   0.00704764
       600           50   0.0066591
       600          100   0.0051764
       600          150   0.00358044
       600          200   0.0017682
       600          245   0.0012265
       650            1   0.0109426
       650           50   0.00935933
       650          100   0.00790281
       650          150   0.0063185
       650          200   0.00400068
       650          250   0.0020794
       650          295   0.0009764
       700            1   0.0146046
       700           50   0.0140574
       700          100   0.0121684
       700          150   0.0114472
       700          200   0.00601351
       700          250   0.0046007
       700          300   0.0019946
       700          345   0.000970698
       750            1   0.0203039
       750           50   0.0214249
       750          100   0.0178502
       750          150   0.0153888
       750          200   0.0108573
       750          250   0.00729775
       750          300   0.0042096
       750          350   0.00196394
       750          395   0.00105873
       800            1   0.0267452
       800           50   0.0268696
       800          100   0.023755
       800          150   0.0199145
       800          200   0.014808
       800          250   0.0108066
       800          300   0.00736873
       800          350   0.00506893
       800          400   0.00233826
       800          445   0.00144666
       850            1   0.0337009
       850           50   0.0328025
       850          100   0.0302811
       850          150   0.0273531
       850          200   0.0212202
       850          250   0.0158066
       850          300   0.0109624
       850          350   0.008631
       850          400   0.00464247
       850          450   0.00261914
       850          495   0.00128553
       900            1   0.0416362
       900           50   0.0417804
       900          100   0.0385106
       900          150   0.0334836
       900          200   0.0290883
       900          250   0.02343
       900          300   0.0168382
       900          350   0.0138307
       900          400   0.00790671
       900          450   0.00397501
       900          500   0.00228776
       900          545   0.00118248
       950            1   0.049547
       950           50   0.0463892
       950          100   0.0467605
       950          150   0.0398803
       950          200   0.0359676
       950          250   0.0306291
       950          300   0.0243311
       950          350   0.0182025
       950          400   0.0120211
       950          450   0.00740618
       950          500   0.00437809
       950          550   0.00233211
       950          595   0.00126772
      1000            1   0.0574317
      1000           50   0.0529709
      1000          100   0.0549128
      1000          150   0.0501288
      1000          200   0.0441591
      1000          250   0.0391205
      1000          300   0.0317249
      1000          350   0.0261894
      1000          400   0.0178665
      1000          450   0.0115268
      1000          500   0.00787609
      1000          550   0.0046292
      1000          600   0.00229059
      1000          645   0.00126988
      1050            1   0.0644509
      1050           50   0.0623238
      1050          100   0.0635295
      1050          150   0.0558993
      1050          200   0.0541132
      1050          250   0.0504012
      1050          300   0.0405049
      1050          350   0.031393
      1050          400   0.0255361
      1050          450   0.0174088
      1050          500   0.0124839
      1050          550   0.00789373
      1050          600   0.00429379
      1050          650   0.00214595
      1050          695   0.000988483
      1100            1   0.0718447
      1100           50   0.0715417
      1100          100   0.0700757
      1100          150   0.0652033
      1100          200   0.0622356
      1100          250   0.0556899
      1100          300   0.0502859
      1100          350   0.0420087
      1100          400   0.0338248
      1100          450   0.0241624
      1100          500   0.0192058
      1100          550   0.0117396
      1100          600   0.00808506
      1100          650   0.00403783
      1100          700   0.00182526
      1100          745   0.00100881
      1150            1   0.0784929
      1150           50   0.0847148
      1150          100   0.0768679
      1150          150   0.0726709
      1150          200   0.0717226
      1150          250   0.0676005
      1150          300   0.0593592
      1150          350   0.0504815
      1150          400   0.0415501
      1150          450   0.0333021
      1150          500   0.0268122
      1150          550   0.0188433
      1150          600   0.0120871
      1150          650   0.00753035
      1150          700   0.00423475
      1150          750   0.00249602
      1150          795   0.000999169
      1200            1   0.086413
      1200           50   0.0817766
      1200          100   0.0834071
      1200          150   0.0830166
      1200          200   0.079336
      1200          250   0.0763722
      1200          300   0.0693345
      1200          350   0.0609153
      1200          400   0.0498982
      1200          450   0.0472005
      1200          500   0.0351108
      1200          550   0.0259287
      1200          600   0.0182185
      1200          650   0.0127608
      1200          700   0.00714168
      1200          750   0.00536347
      1200          800   0.00184894
      1200          845   0.000906358
      1250            1   0.0913293
      1250           50   0.0886691
      1250          100   0.0907532
      1250          150   0.0893686
      1250          200   0.0874836
      1250          250   0.0769415
      1250          300   0.075951
      1250          350   0.0688865
      1250          400   0.062293
      1250          450   0.0529262
      1250          500   0.0452904
      1250          550   0.0335759
      1250          600   0.0256766
      1250          650   0.0161712
      1250          700   0.0114682
      1250          750   0.0073876
      1250          800   0.00384932
      1250          850   0.00179798
      1250          895   0.000977095
      1300            1   0.0968105
      1300           50   0.0965725
      1300          100   0.0988328
      1300          150   0.0966018
      1300          200   0.0936894
      1300          250   0.0907748
      1300          300   0.0843812
      1300          350   0.0809163
      1300          400   0.0705388
      1300          450   0.0657368
      1300          500   0.0538479
      1300          550   0.0434175
      1300          600   0.0358286
      1300          650   0.00290582
      1300          700   0.0184744
      1300          750   0.0117323
      1300          800   0.00707497
      1300          850   0.00349551
      1300          900   0.00183197
      1300          945   0.000615663
      1350            1   0.101941
      1350           50   0.102926
      1350          100   0.101034
      1350          150   0.101014
      1350          200   0.0967916
      1350          250   0.0957348
      1350          300   0.0894505
      1350          350   0.0879276
      1350          400   0.0758758
      1350          450   0.0695875
      1350          500   0.0638934
      1350          550   0.0550581
      1350          600   0.044806
      1350          650   0.0337311
      1350          700   0.025999
      1350          750   0.0162535
      1350          800   0.0115195
      1350          850   0.00529791
      1350          900   0.00383415
      1350          950   0.00123258
      1350          995   0.000707187
      1400            1   0.103339
      1400           50   0.106206
      1400          100   0.105643
      1400          150   0.106572
      1400          200   0.104438
      1400          250   0.102227
      1400          300   0.0980803
      1400          350   0.0952026
      1400          400   0.0854588
      1400          450   0.0800005
      1400          500   0.0721848
      1400          550   0.0664299
      1400          600   0.0551776
      1400          650   0.0458559
      1400          700   0.0358726
      1400          750   0.0266268
      1400          800   0.018138
      1400          850   0.00946862
      1400          900   0.00644934
      1400          950   0.00446117
      1400         1000   0.00144845
      1400         1045   0.000574544
      1450            1   0.111011
      1450           50   0.108875
      1450          100   0.110854
      1450          150   0.114515
      1450          200   0.110046
      1450          250   0.108879
      1450          300   0.101255
      1450          350   0.0987651
      1450          400   0.0933842
      1450          450   0.0913756
      1450          500   0.0822513
      1450          550   0.0751796
      1450          600   0.0666181
      1450          650   0.0577306
      1450          700   0.0471247
      1450          750   0.0332729
      1450          800   0.0245994
      1450          850   0.015288
      1450          900   0.0116449
      1450          950   0.00639293
      1450         1000   0.00345479
      1450         1050   0.00167073
      1450         1095   0.000573386
      1500            1   0.113476
      1500          100   0.119204
      1500          200   0.111671
      1500          300   0.106043
      1500          400   0.0987067
      1500          500   0.0847473
      1500          600   0.0781412
      1500          700   0.0583021
      1500          800   0.0373927
      1500          900   0.0160507
      1500         1000   0.0057164
      1500         1100   0.00108929
      1600            1   0.12179
      1600          100   0.122308
      1600          200   0.117755
      1600          300   0.114182
      1600          400   0.10525
      1600          500   0.104163
      1600          600   0.0904908
      1600          700   0.077615
      1600          800   0.0598199
      1600          900   0.034643
      1600         1000   0.0163012
      1600         1100   0.00568089
      1600         1200   0.00136568
      1700            1   0.121158
      1700          100   0.125099
      1700          200   0.125019
      1700          300   0.123035
      1700          400   0.123457
      1700          500   0.11223
      1700          600   0.104824
      1700          700   0.0987719
      1700          800   0.0819869
      1700          900   0.0530832
      1700         1000   0.0353285
      1700         1100   0.0165246
      1700         1200   0.00457305
      1700         1300   0.000986716
      1800            1   0.13135
      1800          100   0.12744
      1800          200   0.12385
      1800          300   0.124028
      1800          400   0.105453
      1800          500   0.121481
      1800          600   0.111433
      1800          700   0.110451
      1800          800   0.0974514
      1800          900   0.0782637
      1800         1000   0.0568321
      1800         1100   0.0297283
      1800         1200   0.014249
      1800         1300   0.00408984
      1800         1400   0.000816111
      1900            1   0.129867
      1900          100   0.13323
      1900          200   0.0995497
      1900          300   0.130835
      1900          400   0.125054
      1900          500   0.123983
      1900          600   0.119757
      1900          700   0.120057
      1900          800   0.108726
      1900          900   0.0954567
      1900         1000   0.0812249
      1900         1100   0.0561889
      1900         1200   0.0342086
      1900         1300   0.0130087
      1900         1400   0.00336947
      1900         1500   0.000698013
