       500            1   0.0103969
       500           50   0.00891552
       500          100   0.0047466
       500          145   0.00222811
       550            1   0.0167003
       550           50   0.0141084
       550          100   0.0102322
       550          150   0.00578188
       550          195   0.00330971
       600            1   0.0259965
       600           50   0.0241825
       600          100   0.0184656
       600          150   0.0120975
       600          200   0.00699443
       600          245   0.00378996
       650            1   0.0344027
       650           50   0.0311388
       650          100   0.0281126
       650          150   0.021901
       650          200   0.0140347
       650          250   0.00716168
       650          295   0.00424358
       700            1   0.0460582
       700           50   0.0455225
       700          100   0.0393668
       700          150   0.0353657
       700          200   0.0228763
       700          250   0.0155701
       700          300   0.00869644
       700          345   0.00388631
       750            1   0.0590175
       750           50   0.0617024
       750          100   0.0536256
       750          150   0.04482
       750          200   0.0349066
       750          250   0.0251354
       750          300   0.0166151
       750          350   0.0102819
       750          395   0.00450178
       800            1   0.0746675
       800           50   0.0722386
       800          100   0.06797
       800          150   0.0589524
       800          200   0.0473899
       800          250   0.0372718
       800          300   0.0259687
       800          350   0.0188958
       800          400   0.0093224
       800          445   0.00548192
       850            1   0.0890437
       850           50   0.0867149
       850          100   0.0819952
       850          150   0.072389
       850          200   0.0641103
       850          250   0.0521506
       850          300   0.0385557
       850          350   0.028792
       850          400   0.0176086
       850          450   0.0101823
       850          495   0.00505473
       900            1   0.102515
       900           50   0.102755
       900          100   0.0985932
       900          150   0.0898013
       900          200   0.0775085
       900          250   0.0659909
       900          300   0.0519953
       900          350   0.0405695
       900          400   0.0278351
       900          450   0.0158316
       900          500   0.00920102
       900          545   0.00471666
       950            1   0.11864
       950           50   0.112402
       950          100   0.112861
       950          150   0.0996008
       950          200   0.0962125
       950          250   0.083641
       950          300   0.0694193
       950          350   0.05296
       950          400   0.0400568
       950          450   0.028593
       950          500   0.0167023
       950          550   0.0101995
       950          595   0.00486817
      1000            1   0.131137
      1000           50   0.123776
      1000          100   0.12694
      1000          150   0.115449
      1000          200   0.110364
      1000          250   0.10035
      1000          300   0.0857192
      1000          350   0.0722788
      1000          400   0.0575716
      1000          450   0.0393603
      1000          500   0.0273716
      1000          550   0.017705
      1000          600   0.00958246
      1000          645   0.00554031
      1050            1   0.141497
      1050           50   0.134252
      1050          100   0.138764
      1050          150   0.129325
      1050          200   0.123847
      1050          250   0.115369
      1050          300   0.101933
      1050          350   0.0886151
      1050          400   0.0740212
      1050          450   0.0571589
      1050          500   0.0412782
      1050          550   0.0262297
      1050          600   0.0165816
      1050          650   0.00857188
      1050          695   0.00479506
      1100            1   0.151278
      1100           50   0.150041
      1100          100   0.150215
      1100          150   0.149498
      1100          200   0.138427
      1100          250   0.125721
      1100          300   0.120512
      1100          350   0.108313
      1100          400   0.0924273
      1100          450   0.0730073
      1100          500   0.0578211
      1100          550   0.0415264
      1100          600   0.0280392
      1100          650   0.0176071
      1100          700   0.00840735
      1100          745   0.004082
      1150            1   0.161432
      1150           50   0.168833
      1150          100   0.158767
      1150          150   0.156522
      1150          200   0.151497
      1150          250   0.145138
      1150          300   0.134661
      1150          350   0.120228
      1150          400   0.107381
      1150          450   0.09037
      1150          500   0.0761472
      1150          550   0.0623204
      1150          600   0.0409725
      1150          650   0.0263234
      1150          700   0.0166099
      1150          750   0.00884612
      1150          795   0.00462736
      1200            1   0.172638
      1200           50   0.167954
      1200          100   0.169655
      1200          150   0.166761
      1200          200   0.163727
      1200          250   0.153634
      1200          300   0.149173
      1200          350   0.139748
      1200          400   0.121386
      1200          450   0.117045
      1200          500   0.094982
      1200          550   0.0751057
      1200          600   0.0590307
      1200          650   0.042201
      1200          700   0.0267583
      1200          750   0.0188397
      1200          800   0.00781193
      1200          845   0.00379396
      1250            1   0.179357
      1250           50   0.172572
      1250          100   0.178574
      1250          150   0.174244
      1250          200   0.174545
      1250          250   0.16154
      1250          300   0.159969
      1250          350   0.148914
      1250          400   0.140686
      1250          450   0.125709
      1250          500   0.113907
      1250          550   0.0892726
      1250          600   0.0770979
      1250          650   0.0573498
      1250          700   0.0418358
      1250          750   0.0275768
      1250          800   0.0152176
      1250          850   0.0074926
      1250          895   0.00401388
      1300            1   0.186664
      1300           50   0.187623
      1300          100   0.185911
      1300          150   0.179592
      1300          200   0.181105
      1300          250   0.179197
      1300          300   0.169274
      1300          350   0.167256
      1300          400   0.152414
      1300          450   0.140706
      1300          500   0.128789
      1300          550   0.10861
      1300          600   0.0968628
      1300          650   0.00857606
      1300          700   0.0586361
      1300          750   0.0406646
      1300          800   0.0274845
      1300          850   0.0160506
      1300          900   0.00790752
      1300          945   0.00307214
      1350            1   0.192638
      1350           50   0.193481
      1350          100   0.193166
      1350          150   0.191129
      1350          200   0.185984
      1350          250   0.181808
      1350          300   0.175977
      1350          350   0.176532
      1350          400   0.159597
      1350          450   0.148611
      1350          500   0.144942
      1350          550   0.129983
      1350          600   0.112953
      1350          650   0.0940707
      1350          700   0.0770707
      1350          750   0.0580809
      1350          800   0.0399339
      1350          850   0.0252222
      1350          900   0.0145392
      1350          950   0.00653532
      1350          995   0.00350133
      1400            1   0.196179
      1400           50   0.197225
      1400          100   0.197318
      1400          150   0.195146
      1400          200   0.19479
      1400          250   0.195732
      1400          300   0.187129
      1400          350   0.184764
      1400          400   0.172781
      1400          450   0.163606
      1400          500   0.155279
      1400          550   0.148782
      1400          600   0.131548
      1400          650   0.11441
      1400          700   0.0986927
      1400          750   0.0799322
      1400          800   0.058604
      1400          850   0.0400534
      1400          900   0.0255127
      1400          950   0.0146353
      1400         1000   0.00698651
      1400         1045   0.00307161
      1450            1   0.203286
      1450           50   0.199789
      1450          100   0.203719
      1450          150   0.207926
      1450          200   0.201662
      1450          250   0.196995
      1450          300   0.189532
      1450          350   0.192475
      1450          400   0.181833
      1450          450   0.182053
      1450          500   0.169956
      1450          550   0.16017
      1450          600   0.14651
      1450          650   0.132475
      1450          700   0.116835
      1450          750   0.0960419
      1450          800   0.0773908
      1450          850   0.0552799
      1450          900   0.0397285
      1450          950   0.0247196
      1450         1000   0.0142117
      1450         1050   0.00662706
      1450         1095   0.00308268
      1500            1   0.21138
      1500          100   0.21145
      1500          200   0.207661
      1500          300   0.195923
      1500          400   0.186872
      1500          500   0.170654
      1500          600   0.160835
      1500          700   0.132788
      1500          800   0.0997928
      1500          900   0.0561034
      1500         1000   0.0237005
      1500         1100   0.00678203
      1600            1   0.212207
      1600          100   0.214739
      1600          200   0.217057
      1600          300   0.211057
      1600          400   0.196748
      1600          500   0.196542
      1600          600   0.181304
      1600          700   0.164324
      1600          800   0.140165
      1600          900   0.0947835
      1600         1000   0.057517
      1600         1100   0.0217103
      1600         1200   0.0055444
      1700            1   0.218424
      1700          100   0.222153
      1700          200   0.222061
      1700          300   0.217359
      1700          400   0.214734
      1700          500   0.208074
      1700          600   0.19934
      1700          700   0.191641
      1700          800   0.171011
      1700          900   0.127859
      1700         1000   0.0972628
      1700         1100   0.0558178
      1700         1200   0.0220339
      1700         1300   0.00621845
      1800            1   0.232604
      1800          100   0.224126
      1800          200   0.21866
      1800          300   0.222691
      1800          400   0.181374
      1800          500   0.217389
      1800          600   0.206525
      1800          700   0.203278
      1800          800   0.189437
      1800          900   0.168458
      1800         1000   0.131952
      1800         1100   0.0836277
      1800         1200   0.0516654
      1800         1300   0.0188377
      1800         1400   0.00414106
      1900            1   0.226036
      1900          100   0.237633
      1900          200   0.173713
      1900          300   0.228098
      1900          400   0.225721
      1900          500   0.223974
      1900          600   0.217277
      1900          700   0.214256
      1900          800   0.205572
      1900          900   0.188982
      1900         1000   0.166979
      1900         1100   0.134255
      1900         1200   0.0965935
      1900         1300   0.0521824
      1900         1400   0.0202406
      1900         1500   0.00469244
