#MA5 EffMap for txName: T5WW , Analysis: cms_sus_13_012 , SR: 8NJetinf_800HT1000_200MHTinf
# Mother Interm Daughter  Eff. 
1440   500   0.0000331
960   700   0.0002673
1380   450   0.0000335
660   250   0.0002928
900   250   0.0001614
360   50   0.0001223
1680.0   550.0   0.0000160
1200   550   0.0000172
900   550   0.0001981
1200   450   0.0000343
1320   300   0.0000169
1080   50   0.0000349
660   150   0.0001830
1140   500   0.0000347
120   0   0.0000000
300   0   0.0001020
1440   50   0.0000167
960   0   0.0001794
1500   650   0.0000000
120.0   63.0   0.0000000
1440   550   0.0000331
1260   500   0.0000170
780   500   0.0001822
60.0   0.0   0.0000000
1140   50   0.0000348
1620   200   0.0000000
780   50   0.0001459
420   300   0.0000360
1680.0   200.0   0.0000160
960   400   0.0001249
1500   600   0.0000000
1080   300   0.0000877
660.0   621.0   0.0000000
1020   300   0.0000532
1200   300   0.0000172
1560   300   0.0000163
1500   500   0.0000000
900   400   0.0002158
780   200   0.0002204
1140   100   0.0000694
1200   50   0.0000858
240   50   0.0000647
480   200   0.0002000
240   150   0.0000161
1680.0   350.0   0.0000160
1680.0   700.0   0.0000320
1380   600   0.0000333
540   50   0.0003301
960   550   0.0001601
1020   650   0.0001062
960   300   0.0000890
840   250   0.0001815
840   650   0.0001621
840   200   0.0000721
1440   200   0.0000000
1320   400   0.0000678
1260   550   0.0000340
780   600   0.0002191
1320   650   0.0000000
900   300   0.0002159
960   350   0.0000357
60.0   9.0   0.0000000
420.0   396.0   0.0000000
900   0   0.0000896
1500   400   0.0000330
1560   400   0.0000000
780   250   0.0001822
1380   500   0.0000337
1500   550   0.0000329
1080   450   0.0000175
420   150   0.0001621
1140   300   0.0000174
1620   0   0.0000000
1200   600   0.0000172
1680.0   400.0   0.0000322
1140   450   0.0000520
1560   600   0.0000000
660   300   0.0002388
300   100   0.0000679
780   300   0.0001821
1260   650   0.0000000
780   450   0.0002187
540   0   0.0002933
1020   200   0.0000887
780   100   0.0002008
600   100   0.0003122
600   500   0.0001097
600   550   0.0000184
1380   50   0.0000673
1680.0   500.0   0.0000000
600   250   0.0002216
1080   350   0.0000526
1260   250   0.0000171
780   150   0.0000727
1620   300   0.0000000
1200   350   0.0000514
240   100   0.0000645
540.0   486.0   0.0000183
900   650   0.0003240
1320   550   0.0001016
900   600   0.0002331
1140   400   0.0000347
1260   700   0.0000514
540   400   0.0001098
720   550   0.0002391
1020   400   0.0000885
660   550   0.0001470
660   500   0.0001284
960   600   0.0001602
1080   500   0.0001225
960   50   0.0000892
600   50   0.0001658
1500   100   0.0000165
1320   350   0.0000676
720   150   0.0001467
1140   650   0.0000697
1320   600   0.0000338
1380   400   0.0000503
1140   600   0.0001039
1380   150   0.0000167
780.0   700.0   0.0000364
1080   250   0.0000525
480   350   0.0001274
1020   550   0.0001592
480   300   0.0000728
960   250   0.0000889
840   350   0.0000548
1140   200   0.0000173
1020   600   0.0002124
1680.0   250.0   0.0000322
180   100   0.0000000
720   500   0.0002577
1560   100   0.0000000
480   100   0.0002001
1680.0   650.0   0.0000000
1200   100   0.0000346
1200   400   0.0000515
480.0   432.0   0.0000182
1560   650   0.0000000
660   450   0.0001836
960   200   0.0000895
1320   700   0.0000169
1620   700   0.0000000
900   450   0.0001798
300   200   0.0000000
1260   200   0.0000511
420   200   0.0001969
840   300   0.0000908
540.0   495.0   0.0000000
720   200   0.0002015
720   450   0.0003110
1080   0   0.0001227
1380   350   0.0000167
780.0   650.0   0.0001276
1620   50   0.0000000
960   650   0.0001428
840   600   0.0001813
720   400   0.0001281
1560   350   0.0000326
1680.0   0.0   0.0000481
1320   250   0.0000338
1080   400   0.0000877
300   150   0.0000000
1560   700   0.0000000
1320   450   0.0000338
1140   350   0.0000347
600.0   558.0   0.0000184
540   200   0.0003671
1020   350   0.0001410
1500   0   0.0000658
900   200   0.0000897
1500   450   0.0000164
1140   550   0.0001041
1440   0   0.0000331
660   350   0.0002193
840   550   0.0002530
660   50   0.0001653
1200   500   0.0000684
900   50   0.0000720
960   100   0.0001071
720   300   0.0002197
1560   50   0.0000327
600   150   0.0002014
1680.0   50.0   0.0000320
1140   150   0.0000173
1020   100   0.0001416
1560   0   0.0001136
480   150   0.0001813
360   250   0.0000351
1080   700   0.0002629
300   50   0.0000684
1080   200   0.0000352
1500   250   0.0000165
600   400   0.0001287
60.0   45.0   0.0000000
540   150   0.0002021
1200   700   0.0000690
1020   150   0.0000709
360   300   0.0000000
420.0   0.0   0.0002696
600   350   0.0001473
1320   500   0.0000170
1680.0   300.0   0.0000160
1380   550   0.0000836
360   150   0.0000705
1440   100   0.0000499
720   50   0.0001651
480.0   450.0   0.0000000
1500   50   0.0000165
1500   150   0.0000000
780   350   0.0001456
840   100   0.0001083
540   350   0.0002011
180   50   0.0000000
1260   350   0.0000340
1380   200   0.0000168
1080   100   0.0000174
1320   0   0.0000675
1560   550   0.0000162
660   200   0.0001285
1260   600   0.0000341
1380   300   0.0000167
1620   550   0.0000000
1140   0   0.0000348
1620   600   0.0000486
1560   450   0.0000162
1620   450   0.0000323
840   700   0.0001088
1680.0   600.0   0.0000321
420.0   50.0   0.0003582
360   100   0.0001230
120   100   0.0000000
480   50   0.0002355
1380   0   0.0000504
720   250   0.0002389
960   150   0.0001424
1560   500   0.0000649
1260   300   0.0000340
900   700   0.0002527
300.0   261.0   0.0000000
1080   150   0.0000000
720.0   675.0   0.0000000
1620   400   0.0000161
900   500   0.0002509
1440   600   0.0000166
1620   150   0.0000162
360   200   0.0001228
300   250   0.0000170
480   250   0.0001827
540   100   0.0001285
420   100   0.0002153
240   200   0.0000000
1020   250   0.0000530
480   400   0.0000183
1320   50   0.0000508
1440   150   0.0000166
1080   650   0.0001224
1500   300   0.0000165
720   350   0.0002188
1260   150   0.0000000
1440   400   0.0000000
840   50   0.0001089
900   150   0.0001615
1260   50   0.0000680
1680.0   150.0   0.0000000
720   100   0.0000548
1440   250   0.0000166
840   500   0.0001628
1320   150   0.0000678
780   400   0.0001824
660   100   0.0000919
1500   350   0.0000000
1380.0   650.0   0.0000669
420   400   0.0000000
720   0   0.0002379
540   250   0.0001099
1440   300   0.0000000
1020   700   0.0002128
1260   450   0.0000000
780   0   0.0001818
1200   250   0.0000518
1020   0   0.0001948
720.0   650.0   0.0000547
1140   700   0.0001921
1260   400   0.0000171
1200   150   0.0000172
1260   100   0.0000510
1440   450   0.0000167
420   350   0.0000361
1200   650   0.0000345
1440   700   0.0000166
840   150   0.0001265
660   600   0.0000184
360   0   0.0001929
180   150   0.0000000
1080   600   0.0001403
780   550   0.0001649
1560   150   0.0000653
1200   0   0.0000686
1020   50   0.0000706
1500   700   0.0000164
1560   250   0.0000163
660   0   0.0001659
1380   100   0.0000336
1380   700   0.0000167
1080   550   0.0000528
1680.0   450.0   0.0000322
1500   200   0.0000329
1440   350   0.0000166
1680.0   100.0   0.0000161
1620   500   0.0000000
540   300   0.0001998
120   50   0.0000000
600   300   0.0002022
480.0   441.0   0.0000000
720.0   700.0   0.0000000
1620   650   0.0000162
600   200   0.0001845
960   500   0.0000894
1620   350   0.0000162
840   0   0.0001091
900   350   0.0000894
1020   450   0.0001240
1620   100   0.0000325
1380   250   0.0000503
1200   200   0.0000172
240.0   207.0   0.0000000
1440   650   0.0000000
480   0   0.0003106
600   0   0.0002581
180   0   0.0000150
660   400   0.0002753
900   100   0.0000359
840   400   0.0000723
1320   200   0.0000169
1020   500   0.0000354
1560   200   0.0000489
600   450   0.0000733
1620   250   0.0000000
300.0   252.0   0.0000000
180.0   135.0   0.0000000
540   500   0.0000000
420   250   0.0001251
720   600   0.0000550
540   450   0.0000184
240   0   0.0000644
840   450   0.0001997
1320   100   0.0000170
960   450   0.0000716
1140   250   0.0000174
360.0   315.0   0.0000353
1260   0   0.0001534
