# MassX , MassY , Eff*Acc  
230 50 2.612525e-05
250 1 3.6259498e-05
250 25 4.249152e-05
250 50 0.0
275 25 0.000155480532
275 50 8.1443292e-05
275 95 0.0
300 100 4.1203488e-05
300 120 1.2245236e-05
300 1 0.000682496304
300 50 0.000409278312
350 100 0.001089924
350 150 0.0001160075
350 1 0.00240349725
350 50 0.00217072674
400 100 0.00313879432
400 150 0.00174402702
400 1 0.00551431928
400 200 0.00020916846
400 50 0.00436817784
450 100 0.00666947358
450 150 0.00500638125
450 1 0.00790721406
450 200 0.0023723091
450 250 0.00037798385
450 50 0.00788625717
500 100 0.01027917462
500 150 0.00821548854
500 1 0.01134324224
500 200 0.005326442
500 250 0.0027217064
500 300 0.00045004122
500 50 0.0117156996
550 100 0.01284725088
550 150 0.01233263875
550 1 0.01391809103
550 200 0.00932630814
550 250 0.00682123118
550 300 0.00298713548
550 350 0.000452631
550 50 0.01344384736
600 100 0.01495311875
600 150 0.01272530775
600 1 0.016036273912
600 200 0.0129521637
600 250 0.0111396925125
600 300 0.0079568106375
600 350 0.00283184005
600 400 0.00056919625
600 50 0.0172001874
650 100 0.01667353218
650 150 0.0170678949
650 1 0.01828779168
650 200 0.015573484
650 250 0.0138096144
650 300 0.010927508
650 350 0.0084213848
650 400 0.00447154278
650 450 0.00067063334
650 50 0.0167372488
700 100 0.0162589615
700 150 0.0177343236
700 1 0.0183089694
700 200 0.01961406
700 250 0.0186334845
700 300 0.0149203089
700 350 0.01339451085
700 400 0.008396886
700 450 0.0033901028
700 500 0.00078800865
700 50 0.02085838715
750 100 0.01960956195
750 150 0.01844391555
750 1 0.02081139
750 200 0.0175779985
750 250 0.0166918452
750 300 0.01754124025
750 350 0.01431254905
750 400 0.0126575841
750 450 0.00995975015
750 500 0.004141936
750 50 0.0203681872
750 550 0.0008487501
800 100 0.0197885681
800 150 0.0210646408
800 1 0.0205945368
800 200 0.0180124236
800 250 0.01796489325
800 300 0.01894969905
800 350 0.018562518
800 400 0.017797545
800 450 0.01242137385
800 500 0.0089584833
800 50 0.0213607944
800 550 0.005758211
800 600 0.00118379095
