# MassX , MassY , Eff*Acc  
230 50 1.4369e-05
250 1 6.8921552e-05
250 25 0.0
250 50 3.958728e-05
275 25 0.000278138674
275 50 0.000156880924
275 95 0.0
300 100 9.29754e-05
300 120 4.00744e-05
300 1 0.00099284437
300 50 0.000626749802
350 100 0.00140061888
350 150 0.000237842
350 1 0.00325773192
350 50 0.00286284747
400 100 0.0043763412
400 150 0.0021574462
400 1 0.00699156584
400 200 0.00033053295
400 50 0.0061294909
450 100 0.0089231492
450 150 0.0065579885
450 1 0.01048948758
450 200 0.00323198394
450 250 0.00022998959
450 50 0.01071034275
500 100 0.0121257864
500 150 0.010190611488
500 1 0.01402629948
500 200 0.00726844435
500 250 0.00346192751
500 300 0.0004011534
500 50 0.01301247783
550 100 0.01545932556
550 150 0.01471398273
550 1 0.01607483944
550 200 0.0119889644
550 250 0.00825706574
550 300 0.0040368485
550 350 0.00066153135
550 50 0.01684409727
600 100 0.017204365125
600 150 0.0160036226
600 1 0.01859257426
600 200 0.0148900765
600 250 0.0128337983
600 300 0.009529055625
600 350 0.00461528375
600 400 0.00086134865
600 50 0.018509811875
650 100 0.02066190676
650 150 0.01862766054
650 1 0.02095872848
650 200 0.01859904356
650 250 0.01602275904
650 300 0.01436244546
650 350 0.01001024502
650 400 0.005387204
650 450 0.0010505448
650 50 0.02123265276
700 100 0.0225442662
700 150 0.022419135
700 1 0.0226634004
700 200 0.0182167164
700 250 0.018257993
700 300 0.0162009534
700 350 0.012416678
700 400 0.0110409014
700 450 0.0052803197
700 500 0.00127600395
700 50 0.021241779
750 100 0.0232825956
750 150 0.0223628947
750 1 0.0224524894
750 200 0.023138518
750 250 0.02140263125
750 300 0.019950535
750 350 0.0170588187
750 400 0.0137513502
750 450 0.01056751215
750 500 0.0061198068
750 50 0.02281749075
750 550 0.0007313436
800 100 0.0248807397
800 150 0.0231567759
800 1 0.02489764785
800 200 0.02361816065
800 250 0.0215942571
800 300 0.0195104592
800 350 0.02181426765
800 400 0.01820962125
800 450 0.0152768484
800 500 0.0124199061
800 50 0.02362497005
800 550 0.008296226
800 600 0.0015712536
