m x400GeV:117.638 x500GeV:155.906 y400GeV:133.142 y500GeV:178.936
98.5039 64.4509
119.1001 144.9381
2.209 3.388
10.715 4.805
1.474 0.508
9.241 6.485
3.157 2.216
7.557 5.303
4.841 3.398
5.874 3.694
10.715 4.567
1.108 0.44
9.607 3.81
10.715 4.25
1.614 0.64
9.101 6.1
5.08 2.601
5.635 2.995
10.715 -2.001
1.041 -0.994
9.612 -8.701
0.062 -0.045
10.715 -7.9
1.025 -0.755
8.937 -8.701
0.753 -2.112
1.46 -6.589
1.927 -8.701
0.441 -8.701
0.151 -8.701
0.065 -8.701
0.683 -8.701
1.243 -8.7
1.278 -8.701
2.485 -8.701
0.879 -8.701
0.103 -1.013
0.987 -7.688
2.688 -8.701
3.312 -8.701
3.273 -8.701
0.455 -3.83
0.505 -4.87
0.436 -8.7012
1.401 -8.7009
1.873 -8.7009
2.02 -8.7009
0.313 -5.7242
