m x400GeV:144.972 x500GeV:210.574 y400GeV:209.465 y500GeV:306.142
106.431 70.1793
5.194 6.3561
0.775 18.3685
8.791 10.9401
7.386 7.428
7.375 9.178
9.681 9.191
5.079 6.321
14.049 12.047
0.711 0.886
14.761 17.425
0.05 0.058
14.71 14.675
3.462 3.693
11.299 11.419
6.877 6.95
7.883 7.702
13.089 10.666
1.671 1.265
14.761 11.172
7.838 5.932
6.922 5.239
14.761 2.888
14.76 -5.326
3.454 -2.801
11.306 -10.97
4.92 -7.399
5.507 -18.368
4.334 -13.844
1.557 -4.525
10.055 -18.368
3.148 -6.021
6.457 -12.348
1.289 -18.368
-2.483 -18.369
0.861 -18.3681
0.216 -18.3685
0.766 -12.0845
