450 0 40
450 50 35
450 100 38
500 0 36
500 50 39
500 100 40
500 150 35
550 0 38
550 50 32
550 100 38
550 150 45
550 200 44
600 0 33
600 50 37
600 100 36
600 150 40
600 200 42
600 250 54
650 0 31
650 50 30
650 100 30
650 150 31
650 200 38
650 250 45
650 300 42
700 0 28
700 50 26
700 100 29
700 150 28
700 200 33
700 250 35
700 300 40
700 350 49
750 0 25
750 50 29
750 100 26
750 150 27
750 200 31
750 250 34
750 300 36
750 350 42
750 400 50
800 0 25
800 50 23
800 100 24
800 150 26
800 200 27
800 250 30
800 300 32
800 350 40
800 400 44
800 450 48
850 0 34
850 50 20
850 100 21
850 150 23
850 200 25
850 250 29
850 300 29
850 350 35
850 400 37
850 450 36
900 0 19
900 50 18
900 100 20
900 150 19
900 200 21
900 250 23
900 300 26
900 350 25
900 400 31
900 450 39
900 500 41
900 550 48
950 0 17
950 50 17
950 100 18
950 150 17
950 200 21
950 250 25
950 300 24
950 350 24
950 400 30
950 450 32
950 500 34
950 550 42
950 600 50
1000 0 16
1000 50 15
1000 100 16
1000 150 16
1000 200 19
1000 250 20
1000 300 21
1000 350 22
1000 400 26
1000 450 27
1000 500 33
1000 550 37
1000 600 45
1000 650 50
1050 0 15
1050 50 14
1050 100 14
1050 150 16
1050 200 16
1050 250 18
1050 300 33
1050 350 32
1050 400 29
1050 450 30
1050 500 28
1050 550 29
1050 600 38
1050 650 39
1050 700 48
1100 0 14
1100 50 14
1100 100 13
1100 150 13
1100 200 14
1100 250 13
1100 300 16
1100 350 18
1100 400 32
1100 450 21
1100 500 24
1100 550 30
1100 600 32
1100 650 35
1100 700 46
1100 750 53
1150 0 12
1150 50 12
1150 100 12
1150 150 15
1150 200 13
1150 250 13
1150 300 15
1150 350 14
1150 400 18
1150 450 20
1150 500 23
1150 550 24
1150 600 27
1150 650 32
1150 700 36
1150 750 46
1150 800 45
1200 0 12
1200 50 12
1200 100 12
1200 150 12
1200 200 13
1200 250 13
1200 300 14
1200 350 14
1200 400 17
1200 450 18
1200 500 20
1200 550 23
1200 600 25
1200 650 28
1200 700 32
1200 750 47
1200 800 42
1200 850 61
1250 0 12
1250 50 13
1250 100 12
1250 150 11
1250 200 12
1250 250 12
1250 300 13
1250 350 14
1250 400 14
1250 450 13
1250 500 18
1250 550 19
1250 600 23
1250 650 24
1250 700 28
1250 750 34
1250 800 38
1250 850 44
1250 900 56
