# TChipChimSlepSnu ATLAS-2013-11 x=0.5 Observed+1s
141.00840336134453 1.2820512820513272
140 14.102564102564145
142.01680672268904 27.77777777777783
156.1344537815126 45.72649572649573
168.23529411764704 61.111111111111086
185.3781512605042 77.35042735042731
232.77310924369746 114.95726495726495
270.0840336134454 141.45299145299145
299.327731092437 159.40170940170935
311.42857142857144 168.80341880341877
334.6218487394958 181.6239316239316
355.7983193277311 188.46153846153842
372.94117647058823 186.7521367521367
386.0504201680672 179.059829059829
396.1344537815126 174.78632478632474
414.28571428571433 173.07692307692304
430.42016806722694 167.9487179487179
438.4873949579832 161.11111111111103
442.5210084033614 139.74358974358967
450.5882352941177 123.50427350427344
460.672268907563 111.53846153846149
469.74789915966386 91.8803418803418
474.7899159663866 68.80341880341871
475.7983193277311 49.14529914529908
476.8067226890756 28.632478632478524
478.82352941176475 13.247863247863222
477.81512605042025 1.2820512820512135
