227.027027027  193.096646943
382.432432432  361.687723226
587.837837838  560.18018018
660.810810811  601.090676475
717.567567568  619.936030705
739.189189189  602.544911776
740.540540541  585.185777493
750  566.235940082
829.72972973  605.557865558
863.513513514  607.082467082
939.189189189  581.716509409
1058.10810811  579.950956874
1101.35135135  560.947811717
1132.43243243  523.028946106
1156.75675676  456.71837518
1193.24324324  380.921157844
1205.40540541  331.986779679
1222.97297297  279.888053734
1233.78378378  186.774348313
1241.89189189  137.846367077
1241.89189189  51.0613572152
1232.43243243  25.8297350605

