#MA5 EffMap for txName: TChiWW , Analysis: cms_sus_13_012 , SR: 6NJet8_1000HT1250_200MHT300
# Mother  Daughter  Eff. 
520.0   100.0   0.0001265
600.0   440.0   0.0000300
600.0   380.0   0.0000500
520.0   160.0   0.0001411
240.0   1   0.0000128
440.0   380.0   0.0000138
680.0   60.0   0.0001302
800.0   240.0   0.0000436
440.0   1   0.0001107
680.0   560.0   0.0000432
360.0   340.0   0.0000000
120.0   100.0   0.0000000
440.0   240.0   0.0001110
480.0   1   0.0000840
560.0   200.0   0.0001137
400.0   180.0   0.0000686
720.0   420.0   0.0001597
240.0   80.0   0.0000515
600.0   60.0   0.0000600
800.0   480.0   0.0002043
480.0   20.0   0.0001262
440.0   280.0   0.0001249
440.0   160.0   0.0000278
560.0   520.0   0.0000000
320.0   40.0   0.0000100
200.0   140.0   0.0000000
760.0   340.0   0.0001308
400.0   80.0   0.0000549
320.0   300.0   0.0000000
760.0   600.0   0.0000291
800.0   680.0   0.0000146
400.0   360.0   0.0000000
720.0   560.0   0.0000291
280.0   160.0   0.0000394
480.0   240.0   0.0000420
480.0   140.0   0.0001119
680.0   80.0   0.0001437
520.0   260.0   0.0000564
40.0   20.0   0.0000000
360.0   80.0   0.0000812
480.0   340.0   0.0000418
600.0   260.0   0.0000900
480.0   200.0   0.0000840
720.0   460.0   0.0001732
480.0   300.0   0.0000140
560.0   500.0   0.0000000
560.0   380.0   0.0000500
560.0   300.0   0.0000851
240.0   20.0   0.0000000
520.0   320.0   0.0001269
520.0   400.0   0.0000141
360.0   240.0   0.0000135
480.0   260.0   0.0000697
480.0   220.0   0.0000839
800.0   600.0   0.0000435
760.0   560.0   0.0001164
360.0   1   0.0000812
520.0   340.0   0.0000564
240.0   60.0   0.0000000
400.0   340.0   0.0000000
800.0   620.0   0.0000292
800.0   700.0   0.0000000
760.0   80.0   0.0001164
800.0   300.0   0.0000436
600.0   560.0   0.0000100
680.0   580.0   0.0000000
640.0   80.0   0.0001436
600.0   120.0   0.0000800
480.0   360.0   0.0000281
640.0   480.0   0.0000432
480.0   420.0   0.0000000
680.0   440.0   0.0001153
520.0   1   0.0000988
640.0   100.0   0.0000500
640.0   280.0   0.0000400
720.0   360.0   0.0001447
200.0   180.0   0.0000000
800.0   40.0   0.0001168
600.0   20.0   0.0000700
400.0   260.0   0.0000274
720.0   120.0   0.0000581
240.0   40.0   0.0000515
800.0   400.0   0.0001169
720.0   140.0   0.0000436
640.0   600.0   0.0000000
280.0   180.0   0.0000262
760.0   640.0   0.0000000
560.0   360.0   0.0000100
640.0   420.0   0.0001435
760.0   280.0   0.0001021
640.0   160.0   0.0000600
800.0   280.0   0.0001901
280.0   240.0   0.0000000
240.0   180.0   0.0000000
680.0   640.0   0.0000000
720.0   220.0   0.0000724
320.0   80.0   0.0000100
560.0   220.0   0.0001134
760.0   40.0   0.0000725
640.0   320.0   0.0001000
360.0   220.0   0.0000406
640.0   360.0   0.0000600
800.0   1   0.0001460
520.0   420.0   0.0000000
520.0   200.0   0.0000707
440.0   300.0   0.0000554
560.0   280.0   0.0001131
240.0   200.0   0.0000000
760.0   100.0   0.0001016
600.0   160.0   0.0000400
720.0   520.0   0.0000580
680.0   120.0   0.0000577
440.0   260.0   0.0000969
800.0   420.0   0.0001895
520.0   140.0   0.0001270
640.0   380.0   0.0000300
800.0   160.0   0.0000872
520.0   240.0   0.0000844
560.0   40.0   0.0000800
320.0   280.0   0.0000000
80.0   40.0   0.0000000
560.0   340.0   0.0000300
320.0   60.0   0.0000000
720.0   240.0   0.0001012
760.0   300.0   0.0001016
520.0   120.0   0.0001552
640.0   240.0   0.0000400
800.0   500.0   0.0001161
760.0   1   0.0000874
440.0   40.0   0.0001382
560.0   20.0   0.0001421
520.0   20.0   0.0000847
560.0   420.0   0.0000100
760.0   420.0   0.0001308
640.0   40.0   0.0001578
560.0   140.0   0.0001137
720.0   480.0   0.0000577
720.0   620.0   0.0000000
680.0   100.0   0.0000869
480.0   320.0   0.0000280
120.0   20.0   0.0000000
600.0   300.0   0.0000900
720.0   660.0   0.0000000
720.0   380.0   0.0001886
800.0   20.0   0.0001169
360.0   160.0   0.0000000
520.0   180.0   0.0001692
720.0   600.0   0.0000000
360.0   120.0   0.0000814
720.0   680.0   0.0000000
640.0   540.0   0.0000000
400.0   240.0   0.0000411
520.0   40.0   0.0001555
680.0   660.0   0.0000144
720.0   200.0   0.0001445
280.0   20.0   0.0000524
440.0   120.0   0.0000277
720.0   40.0   0.0000872
160.0   40.0   0.0000000
280.0   60.0   0.0000786
360.0   320.0   0.0000000
680.0   1   0.0002018
560.0   240.0   0.0000568
360.0   100.0   0.0000271
760.0   500.0   0.0000584
360.0   40.0   0.0000405
400.0   160.0   0.0000960
280.0   220.0   0.0000000
760.0   400.0   0.0001307
720.0   80.0   0.0000582
480.0   460.0   0.0000000
560.0   1   0.0000426
120.0   80.0   0.0000000
680.0   260.0   0.0001443
600.0   200.0   0.0000600
720.0   280.0   0.0001017
600.0   280.0   0.0000800
680.0   320.0   0.0001443
400.0   120.0   0.0001643
520.0   280.0   0.0000564
720.0   1   0.0001012
600.0   40.0   0.0000700
600.0   460.0   0.0000100
600.0   140.0   0.0000200
200.0   60.0   0.0000126
440.0   220.0   0.0000691
440.0   100.0   0.0000832
560.0   120.0   0.0001276
240.0   100.0   0.0000129
680.0   400.0   0.0001009
800.0   100.0   0.0001019
720.0   180.0   0.0001309
680.0   460.0   0.0001155
800.0   200.0   0.0001165
800.0   580.0   0.0001021
720.0   700.0   0.0000000
400.0   40.0   0.0000412
560.0   100.0   0.0000710
640.0   440.0   0.0000716
760.0   520.0   0.0001450
200.0   100.0   0.0000000
560.0   180.0   0.0000711
600.0   500.0   0.0000000
680.0   420.0   0.0002024
440.0   80.0   0.0000832
400.0   220.0   0.0000412
600.0   180.0   0.0000900
640.0   200.0   0.0000300
560.0   320.0   0.0000200
800.0   220.0   0.0000731
440.0   320.0   0.0000278
600.0   80.0   0.0000400
680.0   500.0   0.0000721
400.0   1   0.0001510
320.0   20.0   0.0000100
400.0   60.0   0.0001234
680.0   480.0   0.0000866
320.0   220.0   0.0000100
480.0   40.0   0.0000979
160.0   100.0   0.0000000
640.0   20.0   0.0000600
120.0   1   0.0000000
760.0   160.0   0.0001307
200.0   160.0   0.0000000
760.0   220.0   0.0001020
680.0   160.0   0.0000575
320.0   1   0.0000401
640.0   220.0   0.0000600
600.0   360.0   0.0000400
760.0   200.0   0.0000435
440.0   200.0   0.0000138
760.0   140.0   0.0001017
760.0   20.0   0.0001012
720.0   60.0   0.0001304
600.0   1   0.0000700
480.0   280.0   0.0000419
440.0   20.0   0.0001248
200.0   20.0   0.0000250
680.0   360.0   0.0001442
720.0   500.0   0.0001303
520.0   80.0   0.0001549
280.0   120.0   0.0000131
320.0   100.0   0.0000802
400.0   20.0   0.0000547
760.0   440.0   0.0001163
720.0   300.0   0.0000870
520.0   300.0   0.0000850
40.0   1   0.0000000
760.0   120.0   0.0000869
440.0   60.0   0.0001246
760.0   620.0   0.0000583
680.0   140.0   0.0001298
480.0   80.0   0.0001120
760.0   700.0   0.0000000
160.0   140.0   0.0000000
760.0   320.0   0.0001600
640.0   180.0   0.0000400
320.0   180.0   0.0000133
800.0   80.0   0.0000879
280.0   100.0   0.0000524
800.0   440.0   0.0001307
800.0   540.0   0.0001751
800.0   520.0   0.0002052
760.0   240.0   0.0000876
800.0   380.0   0.0001450
800.0   360.0   0.0001164
240.0   140.0   0.0000000
80.0   60.0   0.0000000
680.0   180.0   0.0001008
640.0   60.0   0.0000287
600.0   100.0   0.0000700
400.0   280.0   0.0000137
280.0   80.0   0.0000657
440.0   400.0   0.0000000
520.0   460.0   0.0000142
240.0   220.0   0.0000000
360.0   300.0   0.0000135
520.0   380.0   0.0000564
80.0   20.0   0.0000000
720.0   20.0   0.0000866
760.0   60.0   0.0000874
640.0   1   0.0000500
400.0   100.0   0.0000687
800.0   180.0   0.0001022
640.0   460.0   0.0000575
640.0   120.0   0.0000500
720.0   340.0   0.0000580
760.0   660.0   0.0000000
680.0   220.0   0.0001010
800.0   460.0   0.0001018
720.0   580.0   0.0000435
480.0   120.0   0.0000980
440.0   140.0   0.0001247
360.0   140.0   0.0001624
680.0   520.0   0.0000288
760.0   580.0   0.0000291
640.0   260.0   0.0001100
480.0   60.0   0.0001541
480.0   180.0   0.0000698
560.0   60.0   0.0000600
600.0   240.0   0.0000300
520.0   220.0   0.0001406
320.0   200.0   0.0000000
320.0   140.0   0.0000668
640.0   340.0   0.0000500
320.0   240.0   0.0000100
520.0   500.0   0.0000000
680.0   240.0   0.0001299
360.0   20.0   0.0000947
800.0   120.0   0.0000582
560.0   480.0   0.0000000
480.0   380.0   0.0000000
440.0   340.0   0.0000139
720.0   260.0   0.0000868
520.0   480.0   0.0000000
600.0   520.0   0.0000000
760.0   180.0   0.0001307
720.0   400.0   0.0001156
680.0   300.0   0.0000867
200.0   40.0   0.0000000
400.0   380.0   0.0000000
800.0   640.0   0.0000146
120.0   60.0   0.0000000
80.0   1   0.0000000
600.0   400.0   0.0000200
600.0   220.0   0.0000900
680.0   200.0   0.0000578
720.0   100.0   0.0000723
560.0   260.0   0.0000850
320.0   160.0   0.0000267
680.0   340.0   0.0000867
640.0   400.0   0.0001292
360.0   260.0   0.0000135
560.0   440.0   0.0000000
160.0   60.0   0.0000000
600.0   420.0   0.0000300
520.0   360.0   0.0000990
560.0   540.0   0.0000000
400.0   300.0   0.0000000
680.0   280.0   0.0000865
800.0   340.0   0.0001311
600.0   540.0   0.0000000
800.0   60.0   0.0000146
440.0   180.0   0.0000138
280.0   140.0   0.0000525
640.0   520.0   0.0000428
560.0   460.0   0.0000000
160.0   20.0   0.0000121
520.0   60.0   0.0001411
640.0   500.0   0.0000144
640.0   300.0   0.0000800
760.0   360.0   0.0001304
600.0   580.0   0.0000000
160.0   1   0.0000363
440.0   420.0   0.0000000
360.0   60.0   0.0000947
640.0   140.0   0.0000600
800.0   260.0   0.0000439
800.0   320.0   0.0000876
320.0   260.0   0.0000000
240.0   120.0   0.0000385
600.0   480.0   0.0000100
760.0   540.0   0.0001020
680.0   380.0   0.0001731
160.0   120.0   0.0000000
720.0   540.0   0.0000578
640.0   620.0   0.0000000
680.0   40.0   0.0001299
760.0   460.0   0.0001744
680.0   620.0   0.0000000
680.0   540.0   0.0000288
720.0   320.0   0.0001012
720.0   440.0   0.0003179
280.0   40.0   0.0000131
480.0   440.0   0.0000000
760.0   380.0   0.0001603
280.0   260.0   0.0000000
560.0   400.0   0.0000200
360.0   180.0   0.0000406
640.0   580.0   0.0000144
720.0   160.0   0.0001741
560.0   80.0   0.0000500
400.0   140.0   0.0000822
400.0   200.0   0.0001096
320.0   120.0   0.0000533
480.0   100.0   0.0000697
680.0   20.0   0.0001298
760.0   480.0   0.0001018
200.0   80.0   0.0000000
360.0   200.0   0.0000135
800.0   560.0   0.0000872
200.0   1   0.0000250
760.0   260.0   0.0001168
280.0   1   0.0000525
480.0   160.0   0.0000979
600.0   340.0   0.0000700
600.0   320.0   0.0000900
560.0   160.0   0.0000567
800.0   140.0   0.0000292
800.0   660.0   0.0000438
