# MassX , MassY , Eff*Acc  
600 1 0.00812
600 50 0.00756
600 100 0.00504
600 150 0.00264
600 200 0.0017
600 245 0.0014
650 1 0.01512
650 50 0.01173
650 100 0.00969
650 150 0.00605
650 200 0.00414
650 250 0.00252
650 295 0.0011
700 1 0.02173
700 50 0.01961
700 100 0.01705
700 150 0.01272
700 200 0.00825
700 250 0.00462
700 300 0.00204
700 345 0.0014
750 1 0.03068
750 50 0.02756
750 100 0.02491
750 150 0.02014
750 200 0.01566
750 250 0.01121
750 300 0.0059
750 350 0.00368
750 395 0.0013
800 1 0.03922
800 50 0.03692
800 100 0.03402
800 150 0.029
800 200 0.02491
800 250 0.02052
800 300 0.01188
800 350 0.00564
800 400 0.00355
800 445 0.0021
850 1 0.0468
850 50 0.04335
850 100 0.0416
850 150 0.03876
850 200 0.03339
850 250 0.02756
850 300 0.02028
850 350 0.01352
850 400 0.00806
850 450 0.0032
850 495 0.00189
900 1 0.052
900 50 0.054
900 100 0.04845
900 150 0.04823
900 200 0.041
900 250 0.0364
900 300 0.03021
900 350 0.02184
900 400 0.01484
900 450 0.00825
900 500 0.0036
900 545 0.00243
950 1 0.0624
950 50 0.066
950 100 0.0561
950 150 0.055
950 200 0.05088
950 250 0.04664
950 300 0.039
950 350 0.03233
950 400 0.02484
950 450 0.01539
950 500 0.0084
950 550 0.0049
950 595 0.00256
1000 1 0.0676
1000 50 0.0689
1000 100 0.0636
1000 150 0.0636
1000 200 0.0583
1000 250 0.0561
1000 300 0.05035
1000 350 0.04452
1000 400 0.0338
1000 450 0.02499
1000 500 0.0165
1000 550 0.00992
1000 600 0.0049
1000 645 0.00285
1050 1 0.0728
1050 50 0.0756
1050 100 0.0728
1050 150 0.0686
1050 200 0.0663
1050 250 0.0648
1050 300 0.0583
1050 350 0.049
1050 400 0.04316
1050 450 0.03484
1050 500 0.02652
1050 550 0.01848
1050 600 0.00952
1050 650 0.00406
1050 695 0.00256
1100 1 0.078
1100 50 0.0765
1100 100 0.078
1100 150 0.0742
1100 200 0.0728
1100 250 0.0715
1100 300 0.0624
1100 350 0.0583
1100 400 0.053
1100 450 0.04558
1100 500 0.03763
1100 550 0.02704
1100 600 0.01768
1100 650 0.00918
1100 700 0.00496
1100 745 0.00306
1150 1 0.0816
1150 50 0.08
1150 100 0.0848
1150 150 0.0816
1150 200 0.078
1150 250 0.0714
1150 300 0.0742
1150 350 0.0676
1150 400 0.0612
1150 450 0.048
1150 500 0.0468
1150 550 0.03869
1150 600 0.0297
1150 650 0.01887
1150 700 0.01121
1150 750 0.004
1150 795 0.003
1200 1 0.0867
1200 50 0.0884
1200 100 0.0867
1200 150 0.0832
1200 200 0.0832
1200 250 0.0848
1200 300 0.078
1200 350 0.0728
1200 400 0.0676
1200 450 0.06
1200 500 0.0594
1200 550 0.04743
1200 600 0.04104
1200 650 0.02809
1200 700 0.01944
1200 750 0.0122
1200 800 0.00472
1200 845 0.00324
1250 1 0.0918
1250 50 0.085
1250 100 0.0884
1250 150 0.09
1250 200 0.0884
1250 250 0.0867
1250 300 0.0816
1250 350 0.078
1250 400 0.0742
1250 450 0.0742
1250 500 0.0624
1250 550 0.0561
1250 600 0.05088
1250 650 0.03942
1250 700 0.03078
1250 750 0.01836
1250 800 0.01026
1250 850 0.00594
1250 895 0.0031
1300 1 0.095
1300 100 0.0918
1300 150 0.0918
1300 200 0.0936
1300 250 0.0901
1300 300 0.0884
1300 350 0.0816
1300 400 0.0832
1300 450 0.078
1300 500 0.0742
1300 550 0.06
1300 600 0.0572
1300 650 0.04802
1300 700 0.04004
1300 750 0.02964
1300 800 0.02014
1300 850 0.0105
1300 900 0.00468
1300 945 0.00375
1350 1 0.095
1350 50 0.0936
1350 100 0.095
1350 150 0.0846
1350 200 0.0918
1350 250 0.0954
1350 300 0.0918
1350 350 0.0901
1350 400 0.0832
1350 450 0.0848
1350 500 0.078
1350 550 0.0728
1350 600 0.0702
1350 650 0.0594
1350 700 0.04992
1350 750 0.03807
1350 800 0.0305
1350 850 0.01938
1350 900 0.0106
1350 950 0.0051
1350 995 0.0029
1400 1 0.1
1400 50 0.0988
1400 100 0.095
1400 150 0.095
1400 200 0.0988
1400 250 0.0954
1400 300 0.0918
1400 350 0.0884
1400 400 0.0936
1400 450 0.0867
1400 500 0.0832
1400 550 0.0832
1400 600 0.0742
1400 650 0.0689
1400 700 0.0572
1400 750 0.053
1400 800 0.0416
1400 850 0.03348
1400 900 0.0209
1400 950 0.00987
1400 1000 0.0054
1400 1045 0.00246
1450 1 0.102
1450 50 0.102
1450 100 0.1
1450 150 0.098
1450 200 0.095
1450 250 0.095
1450 300 0.0988
1450 350 0.0936
1450 400 0.0936
1450 450 0.0936
1450 500 0.0884
1450 550 0.0848
1450 600 0.0816
1450 650 0.07
1450 700 0.0676
1450 750 0.0648
1450 800 0.052
1450 850 0.0405
1450 900 0.03233
1450 950 0.0204
1450 1000 0.0112
1450 1050 0.00495
1450 1095 0.00306
