180.0  0.0  56.2
190.0  0.0  149.9
200.0  0.0  11.01
200.0  10.0  64.89
200.0  20.0  35.89
225.0  0.0  10.91
225.0  25.0  13.89
225.0  35.0  54.56
230.0  0.0  0.9283
230.0  25.0  1.547
230.0  50.0  10.06
250.0  0.0  1.898
250.0  25.0  2.121
250.0  50.0  3.572
250.0  60.0  16.19
250.0  70.0  6.509
275.0  0.0  0.5579
275.0  25.0  0.919
275.0  50.0  1.411
275.0  75.0  2.954
275.0  85.0  3.151
300.0  0.0  0.3798
300.0  100.0  2.199
300.0  120.0  4.354
300.0  50.0  0.4598
350.0  0.0  0.2021
350.0  100.0  0.3476
350.0  150.0  1.455
350.0  160.0  1.778
350.0  170.0  4.204
350.0  50.0  0.1859
400.0  0.0  0.1179
400.0  100.0  0.1716
400.0  150.0  0.3074
400.0  200.0  1.108
400.0  210.0  1.001
400.0  220.0  64.94
400.0  50.0  0.1215
450.0  0.0  0.08315
450.0  100.0  0.1052
450.0  150.0  0.1375
450.0  200.0  0.1867
450.0  250.0  0.9164
450.0  50.0  0.08994
500.0  0.0  0.05734
500.0  100.0  0.0736
500.0  200.0  0.1113
500.0  250.0  0.1968
500.0  50.0  0.05905
550.0  0.0  0.04973
550.0  100.0  0.04973
550.0  150.0  0.06329
550.0  200.0  0.07234
550.0  250.0  0.1085
550.0  50.0  0.04973
600.0  0.0  0.03968
600.0  100.0  0.04712
600.0  150.0  0.0496
600.0  200.0  0.05704
600.0  250.0  0.06696
600.0  50.0  0.03968
