#MA5 EffMap for txName: T5 , Analysis: cms_sus_13_012 , SR: 3NJet6_800HT1000_300MHT450
# Mother Interm Daughter  Eff. 
1500.0   80.0   0.0023135
720.0   600.0   0.0036678
960.0   200.0   0.0369397
600.0   400.0   0.0046802
840.0   640.0   0.0074590
780.0   280.0   0.0569459
1440.0   240.0   0.0034016
1140.0   600.0   0.0654001
1080.0   440.0   0.0487730
1500.0   200.0   0.0017504
1500.0   40.0   0.0015926
240.0   80.0   0.0002787
1680.0   680.0   0.0047577
720.0   360.0   0.0221652
660.0   1   0.0523570
1200.0   480.0   0.0317579
1020.0   1   0.0173873
1680.0   640.0   0.0047313
600.0   40.0   0.0419130
1620.0   640.0   0.0061198
1080.0   360.0   0.0355253
720.0   160.0   0.0587485
840.0   480.0   0.0269787
540.0   440.0   0.0022369
120.0   1   0.0000000
1440.0   400.0   0.0061851
1380.0   400.0   0.0073085
1680.0   1   0.0009805
780.0   520.0   0.0106746
1380.0   1   0.0036806
540.0   480.0   0.0014419
1620.0   680.0   0.0081817
600.0   440.0   0.0048813
540.0   160.0   0.0162271
660.0   640.0   0.0010033
1500.0   640.0   0.0132367
1200.0   520.0   0.0412347
480.0   200.0   0.0055872
1200.0   560.0   0.0453750
1080.0   680.0   0.0411128
840.0   80.0   0.0466753
1380.0   80.0   0.0036340
780.0   1   0.0533139
1020.0   400.0   0.0548248
1380.0   520.0   0.0144988
1680.0   480.0   0.0021153
1320.0   640.0   0.0373563
720.0   640.0   0.0022770
1440.0   80.0   0.0018325
1440.0   1   0.0024314
480.0   360.0   0.0020686
1440.0   200.0   0.0027230
1620.0   360.0   0.0013871
1500.0   320.0   0.0031335
1320.0   680.0   0.0444431
480.0   1   0.0149169
960.0   80.0   0.0284547
1560.0   280.0   0.0021540
1500.0   1   0.0022244
1380.0   320.0   0.0054143
660.0   120.0   0.0492508
480.0   40.0   0.0144869
1140.0   40.0   0.0114334
1080.0   480.0   0.0571010
1500.0   520.0   0.0065560
1560.0   120.0   0.0014486
900.0   520.0   0.0332848
420.0   200.0   0.0027593
660.0   600.0   0.0017803
1020.0   520.0   0.0632212
1560.0   160.0   0.0019729
660.0   560.0   0.0029834
780.0   120.0   0.0587089
600.0   360.0   0.0065698
1260.0   640.0   0.0483370
1200.0   200.0   0.0107573
720.0   440.0   0.0108593
1140.0   480.0   0.0456786
1380.0   120.0   0.0034055
540.0   240.0   0.0095405
1500.0   560.0   0.0083921
960.0   640.0   0.0211413
720.0   280.0   0.0414794
780.0   560.0   0.0078091
900.0   200.0   0.0469507
600.0   160.0   0.0297660
60.0   40.0   0.0000000
1680.0   160.0   0.0008891
1080.0   80.0   0.0121429
780.0   480.0   0.0143808
960.0   440.0   0.0642401
1680.0   120.0   0.0008387
1380.0   680.0   0.0298774
1140.0   200.0   0.0136358
1680.0   200.0   0.0014284
780.0   80.0   0.0534441
1260.0   240.0   0.0070375
360.0   240.0   0.0013647
300.0   1   0.0010190
960.0   400.0   0.0629888
300.0   40.0   0.0011968
1680.0   600.0   0.0028940
720.0   200.0   0.0562878
1380.0   200.0   0.0039872
1140.0   320.0   0.0219333
1560.0   440.0   0.0031515
1440.0   520.0   0.0092515
1320.0   1   0.0041595
1260.0   80.0   0.0063534
1440.0   280.0   0.0036974
1200.0   640.0   0.0581384
960.0   120.0   0.0295338
960.0   160.0   0.0326585
660.0   240.0   0.0298239
1020.0   240.0   0.0321283
540.0   280.0   0.0062663
540.0   40.0   0.0259521
1320.0   40.0   0.0050346
1020.0   640.0   0.0350103
660.0   360.0   0.0126842
540.0   400.0   0.0031084
1440.0   480.0   0.0078738
420.0   400.0   0.0005725
420.0   320.0   0.0020026
720.0   480.0   0.0080885
960.0   480.0   0.0592700
840.0   120.0   0.0472129
660.0   520.0   0.0036934
600.0   560.0   0.0010124
1500.0   440.0   0.0053113
660.0   400.0   0.0087679
600.0   520.0   0.0019109
780.0   160.0   0.0602757
300.0   240.0   0.0006886
480.0   400.0   0.0016342
1560.0   640.0   0.0090315
720.0   680.0   0.0015086
720.0   120.0   0.0581797
840.0   200.0   0.0598140
1560.0   80.0   0.0020838
900.0   480.0   0.0466436
1680.0   80.0   0.0010138
600.0   120.0   0.0345287
540.0   520.0   0.0007048
960.0   240.0   0.0423528
660.0   200.0   0.0406019
180.0   80.0   0.0000454
1320.0   480.0   0.0156048
1200.0   680.0   0.0645655
840.0   240.0   0.0622702
660.0   40.0   0.0542260
900.0   400.0   0.0621032
1320.0   520.0   0.0190658
240.0   120.0   0.0002790
1680.0   360.0   0.0014880
900.0   680.0   0.0087323
720.0   1   0.0559605
720.0   320.0   0.0344191
300.0   160.0   0.0009094
1260.0   280.0   0.0086791
420.0   280.0   0.0018318
600.0   80.0   0.0388931
1680.0   280.0   0.0010834
1020.0   40.0   0.0208158
1260.0   120.0   0.0064145
1020.0   200.0   0.0270112
1620.0   160.0   0.0013654
900.0   560.0   0.0240568
1320.0   120.0   0.0048987
120.0   40.0   0.0000133
360.0   80.0   0.0021984
1320.0   560.0   0.0244243
1020.0   480.0   0.0616021
1140.0   1   0.0108895
60.0   1   0.0000000
240.0   40.0   0.0002131
660.0   280.0   0.0252005
1200.0   40.0   0.0079329
1440.0   680.0   0.0224880
840.0   400.0   0.0469349
720.0   400.0   0.0151820
1200.0   240.0   0.0118020
1560.0   40.0   0.0021198
1500.0   240.0   0.0022975
1560.0   1   0.0017610
1140.0   400.0   0.0314111
1560.0   680.0   0.0095369
1380.0   560.0   0.0166182
900.0   280.0   0.0574517
1680.0   40.0   0.0006884
1260.0   1   0.0053424
1620.0   560.0   0.0044139
1320.0   200.0   0.0059613
480.0   280.0   0.0036080
960.0   360.0   0.0592515
1140.0   280.0   0.0189257
960.0   40.0   0.0224803
1320.0   280.0   0.0066602
360.0   280.0   0.0013661
1080.0   200.0   0.0202828
1380.0   280.0   0.0058604
1380.0   240.0   0.0046556
540.0   80.0   0.0231737
540.0   320.0   0.0046700
900.0   1   0.0339527
1620.0   320.0   0.0017313
480.0   440.0   0.0009686
1560.0   200.0   0.0017918
1380.0   640.0   0.0266850
1320.0   360.0   0.0089609
120.0   80.0   0.0000133
1020.0   320.0   0.0414259
1560.0   480.0   0.0043147
1140.0   520.0   0.0517786
240.0   200.0   0.0003791
1140.0   360.0   0.0258732
1620.0   520.0   0.0031791
780.0   400.0   0.0293631
1200.0   440.0   0.0271959
540.0   360.0   0.0040469
180.0   1   0.0000150
1200.0   280.0   0.0134943
1380.0   360.0   0.0060184
1260.0   600.0   0.0403251
1020.0   360.0   0.0496814
1260.0   160.0   0.0062731
660.0   160.0   0.0480060
600.0   1   0.0417767
900.0   360.0   0.0650865
1560.0   600.0   0.0068089
1200.0   320.0   0.0160038
1020.0   280.0   0.0344148
780.0   240.0   0.0620356
300.0   200.0   0.0010534
1140.0   80.0   0.0107039
1260.0   520.0   0.0281915
1140.0   160.0   0.0124454
1680.0   440.0   0.0016072
300.0   280.0   0.0003152
1440.0   560.0   0.0113682
720.0   240.0   0.0491958
1380.0   40.0   0.0028466
1620.0   240.0   0.0013611
960.0   280.0   0.0459854
900.0   440.0   0.0535483
780.0   680.0   0.0030051
360.0   40.0   0.0029196
840.0   40.0   0.0445873
1080.0   320.0   0.0293099
900.0   120.0   0.0395577
1500.0   120.0   0.0025740
1080.0   280.0   0.0259925
180.0   120.0   0.0001667
300.0   120.0   0.0007697
900.0   320.0   0.0633190
900.0   160.0   0.0423277
1680.0   520.0   0.0025365
1380.0   480.0   0.0110877
720.0   560.0   0.0051818
840.0   560.0   0.0125404
780.0   360.0   0.0404604
420.0   80.0   0.0056530
1080.0   1   0.0145711
1080.0   120.0   0.0158658
600.0   320.0   0.0090629
660.0   80.0   0.0542251
1380.0   600.0   0.0203302
1020.0   560.0   0.0579144
1440.0   600.0   0.0142696
660.0   440.0   0.0073182
960.0   1   0.0264866
900.0   600.0   0.0155309
960.0   680.0   0.0139057
960.0   560.0   0.0404968
1260.0   680.0   0.0550574
840.0   520.0   0.0185165
720.0   80.0   0.0601242
1500.0   680.0   0.0151504
1200.0   400.0   0.0217037
900.0   240.0   0.0544370
420.0   160.0   0.0039048
360.0   200.0   0.0015465
1500.0   280.0   0.0025291
780.0   40.0   0.0515456
1260.0   440.0   0.0186939
480.0   320.0   0.0030551
1500.0   480.0   0.0055684
1260.0   480.0   0.0184472
1260.0   320.0   0.0111428
1500.0   600.0   0.0088042
1680.0   240.0   0.0009088
600.0   200.0   0.0242245
660.0   320.0   0.0163694
960.0   320.0   0.0510767
1140.0   640.0   0.0632213
540.0   200.0   0.0131051
1680.0   400.0   0.0017259
1440.0   320.0   0.0039282
1440.0   160.0   0.0028813
1020.0   120.0   0.0213049
780.0   640.0   0.0034689
1080.0   600.0   0.0602727
1620.0   120.0   0.0014975
1500.0   160.0   0.0024274
1620.0   200.0   0.0015122
900.0   640.0   0.0116860
840.0   1   0.0438150
1320.0   240.0   0.0056744
1680.0   560.0   0.0025907
1140.0   120.0   0.0120894
840.0   280.0   0.0623396
1320.0   160.0   0.0042397
1560.0   400.0   0.0027829
1080.0   240.0   0.0232866
420.0   360.0   0.0011720
1320.0   80.0   0.0047403
1020.0   680.0   0.0243633
180.0   40.0   0.0000300
1260.0   40.0   0.0061880
1260.0   560.0   0.0316290
720.0   520.0   0.0066167
1560.0   320.0   0.0023220
1620.0   80.0   0.0011059
1440.0   440.0   0.0073521
1200.0   600.0   0.0563255
540.0   1   0.0252547
1560.0   520.0   0.0044737
1440.0   40.0   0.0024431
1080.0   160.0   0.0179211
840.0   160.0   0.0536086
420.0   120.0   0.0041631
1620.0   280.0   0.0010375
1620.0   40.0   0.0009589
1200.0   1   0.0082326
480.0   240.0   0.0047150
1560.0   240.0   0.0019219
780.0   200.0   0.0628532
1200.0   80.0   0.0080057
840.0   440.0   0.0375134
1020.0   440.0   0.0600882
960.0   600.0   0.0290136
1080.0   40.0   0.0142654
840.0   320.0   0.0602012
300.0   80.0   0.0008956
1080.0   400.0   0.0428761
600.0   480.0   0.0035008
1620.0   1   0.0010072
1080.0   560.0   0.0648971
1440.0   120.0   0.0028313
1020.0   80.0   0.0200979
1320.0   600.0   0.0289150
1260.0   360.0   0.0132167
1140.0   440.0   0.0378961
1200.0   160.0   0.0093887
840.0   680.0   0.0041761
780.0   320.0   0.0498156
720.0   40.0   0.0592800
600.0   280.0   0.0130723
1200.0   120.0   0.0093418
1500.0   360.0   0.0034960
1260.0   400.0   0.0146057
1140.0   240.0   0.0161187
1620.0   440.0   0.0020939
1620.0   480.0   0.0026020
960.0   520.0   0.0501699
1440.0   640.0   0.0169151
360.0   120.0   0.0018810
780.0   600.0   0.0052560
1440.0   360.0   0.0045095
1560.0   360.0   0.0027316
1020.0   160.0   0.0226781
1620.0   600.0   0.0045289
1320.0   400.0   0.0111829
1560.0   560.0   0.0051243
1620.0   400.0   0.0024548
840.0   600.0   0.0093769
1320.0   440.0   0.0126678
1320.0   320.0   0.0082134
1380.0   440.0   0.0096004
1260.0   200.0   0.0075495
900.0   40.0   0.0345476
1080.0   520.0   0.0624601
1680.0   320.0   0.0010922
660.0   480.0   0.0050896
