#MA5 EffMap for txName: T5 , Analysis: cms_sus_13_012 , SR: 3NJet6_800HT1000_200MHT300
# Mother Interm Daughter  Eff. 
1500.0   80.0   0.0008446
720.0   600.0   0.0016206
960.0   200.0   0.0211360
600.0   400.0   0.0047861
840.0   640.0   0.0049510
780.0   280.0   0.0490178
1440.0   240.0   0.0016533
1140.0   600.0   0.0397816
1080.0   440.0   0.0269321
1500.0   200.0   0.0008946
1500.0   40.0   0.0007544
240.0   80.0   0.0008033
1680.0   680.0   0.0027753
720.0   360.0   0.0273391
660.0   1   0.0525924
1200.0   480.0   0.0173754
1020.0   1   0.0099450
1680.0   640.0   0.0017080
600.0   40.0   0.0499197
1620.0   640.0   0.0023690
1080.0   360.0   0.0197500
720.0   160.0   0.0488220
840.0   480.0   0.0279149
540.0   440.0   0.0012696
120.0   1   0.0000266
1440.0   400.0   0.0028384
1380.0   400.0   0.0037558
1680.0   1   0.0005943
780.0   520.0   0.0103117
1380.0   1   0.0016379
540.0   480.0   0.0006296
1620.0   680.0   0.0038756
600.0   440.0   0.0035312
540.0   160.0   0.0252487
660.0   640.0   0.0005435
1500.0   640.0   0.0053644
1200.0   520.0   0.0209636
480.0   200.0   0.0102045
1200.0   560.0   0.0275709
1080.0   680.0   0.0355834
840.0   80.0   0.0289756
1380.0   80.0   0.0017421
780.0   1   0.0377656
1020.0   400.0   0.0307894
1380.0   520.0   0.0066055
1680.0   480.0   0.0010291
1320.0   640.0   0.0198842
720.0   640.0   0.0011492
1440.0   80.0   0.0009561
1440.0   1   0.0012797
480.0   360.0   0.0017730
1440.0   200.0   0.0013993
1620.0   360.0   0.0008719
1500.0   320.0   0.0018078
1320.0   680.0   0.0250107
480.0   1   0.0281213
960.0   80.0   0.0154665
1560.0   280.0   0.0007867
1500.0   1   0.0010308
1380.0   320.0   0.0027072
660.0   120.0   0.0510112
480.0   40.0   0.0281882
1140.0   40.0   0.0054481
1080.0   480.0   0.0323118
1500.0   520.0   0.0029366
1560.0   120.0   0.0008316
900.0   520.0   0.0345795
420.0   200.0   0.0053077
660.0   600.0   0.0005864
1020.0   520.0   0.0433894
1560.0   160.0   0.0005565
660.0   560.0   0.0011976
780.0   120.0   0.0392464
600.0   360.0   0.0081253
1260.0   640.0   0.0263313
1200.0   200.0   0.0054181
720.0   440.0   0.0121793
1140.0   480.0   0.0253770
1380.0   120.0   0.0019755
540.0   240.0   0.0139529
1500.0   560.0   0.0044599
960.0   640.0   0.0200091
720.0   280.0   0.0378837
780.0   560.0   0.0070368
900.0   200.0   0.0286768
600.0   160.0   0.0402280
60.0   40.0   0.0000000
1680.0   160.0   0.0006023
1080.0   80.0   0.0074439
780.0   480.0   0.0167121
960.0   440.0   0.0452279
1680.0   120.0   0.0004996
1380.0   680.0   0.0201357
1140.0   200.0   0.0067974
1680.0   200.0   0.0005396
780.0   80.0   0.0363941
1260.0   240.0   0.0040773
360.0   240.0   0.0014201
300.0   1   0.0030916
960.0   400.0   0.0405979
300.0   40.0   0.0023069
1680.0   600.0   0.0015676
720.0   200.0   0.0511223
1380.0   200.0   0.0018501
1140.0   320.0   0.0117128
1560.0   440.0   0.0019141
1440.0   520.0   0.0050319
1320.0   1   0.0017826
1260.0   80.0   0.0036603
1440.0   280.0   0.0019099
1200.0   640.0   0.0363187
960.0   120.0   0.0163297
960.0   160.0   0.0168708
660.0   240.0   0.0370639
1020.0   240.0   0.0181877
540.0   280.0   0.0095168
540.0   40.0   0.0420047
1320.0   40.0   0.0023282
1020.0   640.0   0.0325763
660.0   360.0   0.0167812
540.0   400.0   0.0019983
1440.0   480.0   0.0041296
420.0   400.0   0.0003053
420.0   320.0   0.0008392
720.0   480.0   0.0091867
960.0   480.0   0.0447501
840.0   120.0   0.0289964
660.0   520.0   0.0019197
600.0   560.0   0.0007231
1500.0   440.0   0.0020575
660.0   400.0   0.0103091
600.0   520.0   0.0007126
780.0   160.0   0.0441041
300.0   240.0   0.0003532
480.0   400.0   0.0007482
1560.0   640.0   0.0039103
720.0   680.0   0.0006587
720.0   120.0   0.0507290
840.0   200.0   0.0385001
1560.0   80.0   0.0008172
900.0   480.0   0.0395036
1680.0   80.0   0.0003913
600.0   120.0   0.0462307
540.0   520.0   0.0005840
960.0   240.0   0.0247824
660.0   200.0   0.0464428
180.0   80.0   0.0001969
1320.0   480.0   0.0073125
1200.0   680.0   0.0428568
840.0   240.0   0.0422489
660.0   40.0   0.0539889
900.0   400.0   0.0470294
1320.0   520.0   0.0089693
240.0   120.0   0.0005251
1680.0   360.0   0.0006332
900.0   680.0   0.0068767
720.0   1   0.0473150
720.0   320.0   0.0348912
300.0   160.0   0.0011892
1260.0   280.0   0.0049381
420.0   280.0   0.0020035
600.0   80.0   0.0490029
1680.0   280.0   0.0004780
1020.0   40.0   0.0107890
1260.0   120.0   0.0033132
1020.0   200.0   0.0152153
1620.0   160.0   0.0006918
900.0   560.0   0.0232413
1320.0   120.0   0.0022025
120.0   40.0   0.0000665
360.0   80.0   0.0060503
1320.0   560.0   0.0119129
1020.0   480.0   0.0417803
1140.0   1   0.0054788
60.0   1   0.0000000
240.0   40.0   0.0011475
660.0   280.0   0.0305671
1200.0   40.0   0.0036128
1440.0   680.0   0.0111544
840.0   400.0   0.0423851
720.0   400.0   0.0175469
1200.0   240.0   0.0064068
1560.0   40.0   0.0008538
1500.0   240.0   0.0011487
1560.0   1   0.0007953
1140.0   400.0   0.0169169
1560.0   680.0   0.0049268
1380.0   560.0   0.0082510
900.0   280.0   0.0375694
1680.0   40.0   0.0002824
1260.0   1   0.0031226
1620.0   560.0   0.0022069
1320.0   200.0   0.0032322
480.0   280.0   0.0046276
960.0   360.0   0.0370479
1140.0   280.0   0.0089456
960.0   40.0   0.0123642
1320.0   280.0   0.0037439
360.0   280.0   0.0006277
1080.0   200.0   0.0107037
1380.0   280.0   0.0027168
1380.0   240.0   0.0022602
540.0   80.0   0.0378117
540.0   320.0   0.0058926
900.0   1   0.0191892
1620.0   320.0   0.0010184
480.0   440.0   0.0004440
1560.0   200.0   0.0011083
1380.0   640.0   0.0118646
1320.0   360.0   0.0034918
120.0   80.0   0.0000801
1020.0   320.0   0.0237987
1560.0   480.0   0.0019348
1140.0   520.0   0.0303094
240.0   200.0   0.0002143
1140.0   360.0   0.0138154
1620.0   520.0   0.0014345
780.0   400.0   0.0319884
1200.0   440.0   0.0141939
540.0   360.0   0.0034197
180.0   1   0.0000600
1200.0   280.0   0.0068272
1380.0   360.0   0.0026958
1260.0   600.0   0.0201433
1020.0   360.0   0.0267288
1260.0   160.0   0.0039966
660.0   160.0   0.0496704
600.0   1   0.0539490
900.0   360.0   0.0438260
1560.0   600.0   0.0036623
1200.0   320.0   0.0081913
1020.0   280.0   0.0173553
780.0   240.0   0.0513425
300.0   200.0   0.0009832
1140.0   80.0   0.0057384
1260.0   520.0   0.0148725
1140.0   160.0   0.0071512
1680.0   440.0   0.0007878
300.0   280.0   0.0001576
1440.0   560.0   0.0055828
720.0   240.0   0.0476758
1380.0   40.0   0.0016174
1620.0   240.0   0.0009197
960.0   280.0   0.0276730
900.0   440.0   0.0443098
780.0   680.0   0.0011026
360.0   40.0   0.0071187
840.0   40.0   0.0281050
1080.0   320.0   0.0164586
900.0   120.0   0.0228997
1500.0   120.0   0.0013674
1080.0   280.0   0.0115091
180.0   120.0   0.0001516
300.0   120.0   0.0018019
900.0   320.0   0.0424970
900.0   160.0   0.0254527
1680.0   520.0   0.0011273
1380.0   480.0   0.0051392
720.0   560.0   0.0032280
840.0   560.0   0.0133592
780.0   360.0   0.0375540
420.0   80.0   0.0130338
1080.0   1   0.0070847
1080.0   120.0   0.0088604
600.0   320.0   0.0117164
660.0   80.0   0.0521350
1380.0   600.0   0.0114383
1020.0   560.0   0.0441334
1440.0   600.0   0.0081057
660.0   440.0   0.0065282
960.0   1   0.0134687
900.0   600.0   0.0166300
960.0   680.0   0.0129830
960.0   560.0   0.0354347
1260.0   680.0   0.0318211
840.0   520.0   0.0200399
720.0   80.0   0.0469490
1500.0   680.0   0.0079325
1200.0   400.0   0.0108620
900.0   240.0   0.0329358
420.0   160.0   0.0066644
360.0   200.0   0.0021173
1500.0   280.0   0.0010316
780.0   40.0   0.0356017
1260.0   440.0   0.0095102
480.0   320.0   0.0032509
1500.0   480.0   0.0029418
1260.0   480.0   0.0120699
1260.0   320.0   0.0060707
1500.0   600.0   0.0045693
1680.0   240.0   0.0006641
600.0   200.0   0.0319241
660.0   320.0   0.0202555
960.0   320.0   0.0330773
1140.0   640.0   0.0444073
540.0   200.0   0.0204122
1680.0   400.0   0.0007504
1440.0   320.0   0.0024069
1440.0   160.0   0.0016839
1020.0   120.0   0.0118847
780.0   640.0   0.0021061
1080.0   600.0   0.0451189
1620.0   120.0   0.0005786
1500.0   160.0   0.0012600
1620.0   200.0   0.0007652
900.0   640.0   0.0119032
840.0   1   0.0258978
1320.0   240.0   0.0032707
1680.0   560.0   0.0012953
1140.0   120.0   0.0061621
840.0   280.0   0.0476861
1320.0   160.0   0.0014935
1560.0   400.0   0.0014231
1080.0   240.0   0.0112173
420.0   360.0   0.0006148
1320.0   80.0   0.0022911
1020.0   680.0   0.0233002
180.0   40.0   0.0001948
1260.0   40.0   0.0026847
1260.0   560.0   0.0169497
720.0   520.0   0.0045305
1560.0   320.0   0.0013026
1620.0   80.0   0.0004184
1440.0   440.0   0.0034888
1200.0   600.0   0.0323630
540.0   1   0.0438532
1560.0   520.0   0.0015427
1440.0   40.0   0.0013593
1080.0   160.0   0.0082345
840.0   160.0   0.0322114
420.0   120.0   0.0103605
1620.0   280.0   0.0002964
1620.0   40.0   0.0003785
1200.0   1   0.0032311
480.0   240.0   0.0070626
1560.0   240.0   0.0011531
780.0   200.0   0.0470238
1200.0   80.0   0.0028407
840.0   440.0   0.0368882
1020.0   440.0   0.0374918
960.0   600.0   0.0290998
1080.0   40.0   0.0074048
840.0   320.0   0.0484496
300.0   80.0   0.0019492
1080.0   400.0   0.0241956
600.0   480.0   0.0019151
1620.0   1   0.0005036
1080.0   560.0   0.0440335
1440.0   120.0   0.0017546
1020.0   80.0   0.0112092
1320.0   600.0   0.0164753
1260.0   360.0   0.0063465
1140.0   440.0   0.0213740
1200.0   160.0   0.0045870
840.0   680.0   0.0026884
780.0   320.0   0.0461480
720.0   40.0   0.0469690
600.0   280.0   0.0174929
1200.0   120.0   0.0041178
1500.0   360.0   0.0016703
1260.0   400.0   0.0078897
1140.0   240.0   0.0085381
1620.0   440.0   0.0011965
1620.0   480.0   0.0011479
960.0   520.0   0.0415340
1440.0   640.0   0.0092029
360.0   120.0   0.0040908
780.0   600.0   0.0043558
1440.0   360.0   0.0020688
1560.0   360.0   0.0010081
1020.0   160.0   0.0122627
1620.0   600.0   0.0026271
1320.0   400.0   0.0051613
1560.0   560.0   0.0026493
1620.0   400.0   0.0011783
840.0   600.0   0.0085615
1320.0   440.0   0.0069494
1320.0   320.0   0.0034688
1380.0   440.0   0.0042513
1260.0   200.0   0.0034347
900.0   40.0   0.0202092
1080.0   520.0   0.0400451
1680.0   320.0   0.0007590
660.0   480.0   0.0035252
