#MA5 EffMap for txName: T5 , Analysis: cms_sus_13_012 , SR: 8NJetinf_1000HT1250_200MHTinf
# Mother Interm Daughter  Eff. 
1500.0   80.0   0.0003489
720.0   600.0   0.0004691
960.0   200.0   0.0029753
600.0   400.0   0.0009318
840.0   640.0   0.0014486
780.0   280.0   0.0036018
1440.0   240.0   0.0003421
1140.0   600.0   0.0043199
1080.0   440.0   0.0032074
1500.0   200.0   0.0003501
1500.0   40.0   0.0001676
240.0   80.0   0.0000656
1680.0   680.0   0.0002974
720.0   360.0   0.0028974
660.0   1   0.0026669
1200.0   480.0   0.0028058
1020.0   1   0.0015148
1680.0   640.0   0.0004908
600.0   40.0   0.0026624
1620.0   640.0   0.0010858
1080.0   360.0   0.0023066
720.0   160.0   0.0031197
840.0   480.0   0.0033191
540.0   440.0   0.0004232
120.0   1   0.0000000
1440.0   400.0   0.0011862
1380.0   400.0   0.0005583
1680.0   1   0.0000891
780.0   520.0   0.0020282
1380.0   1   0.0002024
540.0   480.0   0.0000406
1620.0   680.0   0.0008612
600.0   440.0   0.0005193
540.0   160.0   0.0020136
660.0   640.0   0.0000000
1500.0   640.0   0.0013237
1200.0   520.0   0.0030638
480.0   200.0   0.0011058
1200.0   560.0   0.0034596
1080.0   680.0   0.0043802
840.0   80.0   0.0026652
1380.0   80.0   0.0005432
780.0   1   0.0020521
1020.0   400.0   0.0035855
1380.0   520.0   0.0012463
1680.0   480.0   0.0004002
1320.0   640.0   0.0024960
720.0   640.0   0.0002341
1440.0   80.0   0.0003187
1440.0   1   0.0003291
480.0   360.0   0.0002561
1440.0   200.0   0.0003593
1620.0   360.0   0.0002378
1500.0   320.0   0.0003616
1320.0   680.0   0.0041991
480.0   1   0.0015221
960.0   80.0   0.0017440
1560.0   280.0   0.0002248
1500.0   1   0.0002170
1380.0   320.0   0.0007520
660.0   120.0   0.0032807
480.0   40.0   0.0015138
1140.0   40.0   0.0008441
1080.0   480.0   0.0042409
1500.0   520.0   0.0012975
1560.0   120.0   0.0001878
900.0   520.0   0.0045854
420.0   200.0   0.0005940
660.0   600.0   0.0000628
1020.0   520.0   0.0050481
1560.0   160.0   0.0002023
660.0   560.0   0.0002731
780.0   120.0   0.0032538
600.0   360.0   0.0015759
1260.0   640.0   0.0044935
1200.0   200.0   0.0008866
720.0   440.0   0.0021669
1140.0   480.0   0.0029659
1380.0   120.0   0.0004892
540.0   240.0   0.0014708
1500.0   560.0   0.0009764
960.0   640.0   0.0037449
720.0   280.0   0.0031463
780.0   560.0   0.0015661
900.0   200.0   0.0023668
600.0   160.0   0.0025405
60.0   40.0   0.0000000
1680.0   160.0   0.0001434
1080.0   80.0   0.0014888
780.0   480.0   0.0025841
960.0   440.0   0.0038869
1680.0   120.0   0.0000892
1380.0   680.0   0.0032182
1140.0   200.0   0.0013922
1680.0   200.0   0.0000952
780.0   80.0   0.0029140
1260.0   240.0   0.0008378
360.0   240.0   0.0000922
300.0   1   0.0001900
960.0   400.0   0.0040156
300.0   40.0   0.0001735
1680.0   600.0   0.0004823
720.0   200.0   0.0031157
1380.0   200.0   0.0005423
1140.0   320.0   0.0020032
1560.0   440.0   0.0004447
1440.0   520.0   0.0010154
1320.0   1   0.0004828
1260.0   80.0   0.0005500
1440.0   280.0   0.0004652
1200.0   640.0   0.0052291
960.0   120.0   0.0019035
960.0   160.0   0.0021245
660.0   240.0   0.0031529
1020.0   240.0   0.0023776
540.0   280.0   0.0012064
540.0   40.0   0.0023681
1320.0   40.0   0.0004365
1020.0   640.0   0.0040204
660.0   360.0   0.0019450
540.0   400.0   0.0004642
1440.0   480.0   0.0008810
420.0   400.0   0.0000191
420.0   320.0   0.0001335
720.0   480.0   0.0018796
960.0   480.0   0.0042093
840.0   120.0   0.0031384
660.0   520.0   0.0005217
600.0   560.0   0.0000413
1500.0   440.0   0.0006699
660.0   400.0   0.0018952
600.0   520.0   0.0001296
780.0   160.0   0.0034303
300.0   240.0   0.0000177
480.0   400.0   0.0001181
1560.0   640.0   0.0011352
720.0   680.0   0.0000000
720.0   120.0   0.0035948
840.0   200.0   0.0032696
1560.0   80.0   0.0001634
900.0   480.0   0.0039950
1680.0   80.0   0.0001245
600.0   120.0   0.0025474
540.0   520.0   0.0000000
960.0   240.0   0.0026764
660.0   200.0   0.0029001
180.0   80.0   0.0000000
1320.0   480.0   0.0015294
1200.0   680.0   0.0046349
840.0   240.0   0.0036774
660.0   40.0   0.0030631
900.0   400.0   0.0043518
1320.0   520.0   0.0017154
240.0   120.0   0.0000328
1680.0   360.0   0.0002216
900.0   680.0   0.0017683
720.0   1   0.0027116
720.0   320.0   0.0030900
300.0   160.0   0.0000874
1260.0   280.0   0.0009727
420.0   280.0   0.0004580
600.0   80.0   0.0022400
1680.0   280.0   0.0000956
1020.0   40.0   0.0012314
1260.0   120.0   0.0007320
1020.0   200.0   0.0020840
1620.0   160.0   0.0001092
900.0   560.0   0.0036697
1320.0   120.0   0.0005316
120.0   40.0   0.0000000
360.0   80.0   0.0005269
1320.0   560.0   0.0023085
1020.0   480.0   0.0050918
1140.0   1   0.0010209
60.0   1   0.0000000
240.0   40.0   0.0000656
660.0   280.0   0.0027751
1200.0   40.0   0.0009367
1440.0   680.0   0.0025534
840.0   400.0   0.0039112
720.0   400.0   0.0025693
1200.0   240.0   0.0011703
1560.0   40.0   0.0001178
1500.0   240.0   0.0002089
1560.0   1   0.0001988
1140.0   400.0   0.0024433
1560.0   680.0   0.0013373
1380.0   560.0   0.0012783
900.0   280.0   0.0033137
1680.0   40.0   0.0000353
1260.0   1   0.0004327
1620.0   560.0   0.0006836
1320.0   200.0   0.0005806
480.0   280.0   0.0007647
960.0   360.0   0.0036379
1140.0   280.0   0.0017648
960.0   40.0   0.0014987
1320.0   280.0   0.0008079
360.0   280.0   0.0000554
1080.0   200.0   0.0015865
1380.0   280.0   0.0004657
1380.0   240.0   0.0005023
540.0   80.0   0.0022173
540.0   320.0   0.0008819
900.0   1   0.0022973
1620.0   320.0   0.0002037
480.0   440.0   0.0000202
1560.0   200.0   0.0002586
1380.0   640.0   0.0022480
1320.0   360.0   0.0009255
120.0   80.0   0.0000000
1020.0   320.0   0.0025801
1560.0   480.0   0.0003483
1140.0   520.0   0.0034098
240.0   200.0   0.0000165
1140.0   360.0   0.0021868
1620.0   520.0   0.0004652
780.0   400.0   0.0026253
1200.0   440.0   0.0022392
540.0   360.0   0.0007082
180.0   1   0.0000000
1200.0   280.0   0.0013214
1380.0   360.0   0.0008777
1260.0   600.0   0.0037745
1020.0   360.0   0.0034812
1260.0   160.0   0.0008094
660.0   160.0   0.0034593
600.0   1   0.0026191
900.0   360.0   0.0039784
1560.0   600.0   0.0006964
1200.0   320.0   0.0013258
1020.0   280.0   0.0027611
780.0   240.0   0.0025553
300.0   200.0   0.0000702
1140.0   80.0   0.0010820
1260.0   520.0   0.0021542
1140.0   160.0   0.0011458
1680.0   440.0   0.0004412
300.0   280.0   0.0000000
1440.0   560.0   0.0012156
720.0   240.0   0.0034509
1380.0   40.0   0.0002588
1620.0   240.0   0.0000736
960.0   280.0   0.0039078
900.0   440.0   0.0044133
780.0   680.0   0.0003675
360.0   40.0   0.0006848
840.0   40.0   0.0022611
1080.0   320.0   0.0021931
900.0   120.0   0.0021274
1500.0   120.0   0.0002413
1080.0   280.0   0.0029096
180.0   120.0   0.0000152
300.0   120.0   0.0000700
900.0   320.0   0.0042019
900.0   160.0   0.0033077
1680.0   520.0   0.0003523
1380.0   480.0   0.0011735
720.0   560.0   0.0008070
840.0   560.0   0.0024779
780.0   360.0   0.0035183
420.0   80.0   0.0008827
1080.0   1   0.0014608
1080.0   120.0   0.0014011
600.0   320.0   0.0018983
660.0   80.0   0.0028068
1380.0   600.0   0.0016018
1020.0   560.0   0.0043575
1440.0   600.0   0.0014902
660.0   440.0   0.0014553
960.0   1   0.0014508
900.0   600.0   0.0027717
960.0   680.0   0.0025922
960.0   560.0   0.0035154
1260.0   680.0   0.0045786
840.0   520.0   0.0025962
720.0   80.0   0.0030848
1500.0   680.0   0.0018581
1200.0   400.0   0.0019768
900.0   240.0   0.0033896
420.0   160.0   0.0006195
360.0   200.0   0.0001657
1500.0   280.0   0.0005990
780.0   40.0   0.0028511
1260.0   440.0   0.0017755
480.0   320.0   0.0004113
1500.0   480.0   0.0008930
1260.0   480.0   0.0023968
1260.0   320.0   0.0012381
1500.0   600.0   0.0012816
1680.0   240.0   0.0001398
600.0   200.0   0.0023923
660.0   320.0   0.0022624
960.0   320.0   0.0036753
1140.0   640.0   0.0041618
540.0   200.0   0.0017871
1680.0   400.0   0.0001876
1440.0   320.0   0.0004541
1440.0   160.0   0.0004865
1020.0   120.0   0.0015502
780.0   640.0   0.0007846
1080.0   600.0   0.0044520
1620.0   120.0   0.0000681
1500.0   160.0   0.0003335
1620.0   200.0   0.0002733
900.0   640.0   0.0020418
840.0   1   0.0022690
1320.0   240.0   0.0006699
1680.0   560.0   0.0005334
1140.0   120.0   0.0012520
840.0   280.0   0.0040152
1320.0   160.0   0.0007227
1560.0   400.0   0.0003479
1080.0   240.0   0.0017512
420.0   360.0   0.0000769
1320.0   80.0   0.0005728
1020.0   680.0   0.0035363
180.0   40.0   0.0000000
1260.0   40.0   0.0004911
1260.0   560.0   0.0028612
720.0   520.0   0.0015172
1560.0   320.0   0.0001888
1620.0   80.0   0.0000897
1440.0   440.0   0.0007490
1200.0   600.0   0.0030582
540.0   1   0.0015627
1560.0   520.0   0.0007713
1440.0   40.0   0.0002021
1080.0   160.0   0.0014122
840.0   160.0   0.0032385
420.0   120.0   0.0008288
1620.0   280.0   0.0002964
1620.0   40.0   0.0001766
1200.0   1   0.0005754
480.0   240.0   0.0010369
1560.0   240.0   0.0002957
780.0   200.0   0.0034832
1200.0   80.0   0.0006456
840.0   440.0   0.0041086
1020.0   440.0   0.0034390
960.0   600.0   0.0039878
1080.0   40.0   0.0013605
840.0   320.0   0.0044120
300.0   80.0   0.0002458
1080.0   400.0   0.0032966
600.0   480.0   0.0003707
1620.0   1   0.0001958
1080.0   560.0   0.0046340
1440.0   120.0   0.0002791
1020.0   80.0   0.0017305
1320.0   600.0   0.0026003
1260.0   360.0   0.0012290
1140.0   440.0   0.0027606
1200.0   160.0   0.0008784
840.0   680.0   0.0009918
780.0   320.0   0.0035837
720.0   40.0   0.0026816
600.0   280.0   0.0018945
1200.0   120.0   0.0009219
1500.0   360.0   0.0004273
1260.0   400.0   0.0015975
1140.0   240.0   0.0012568
1620.0   440.0   0.0000997
1620.0   480.0   0.0003061
960.0   520.0   0.0040829
1440.0   640.0   0.0016634
360.0   120.0   0.0002739
780.0   600.0   0.0011035
1440.0   360.0   0.0004417
1560.0   360.0   0.0002276
1020.0   160.0   0.0020438
1620.0   600.0   0.0007254
1320.0   400.0   0.0010803
1560.0   560.0   0.0007320
1620.0   400.0   0.0005892
840.0   600.0   0.0018239
1320.0   440.0   0.0014296
1320.0   320.0   0.0011961
1380.0   440.0   0.0008183
1260.0   200.0   0.0008842
900.0   40.0   0.0025215
1080.0   520.0   0.0036791
1680.0   320.0   0.0000740
660.0   480.0   0.0009033
