m x420GeV:181.96 x520GeV:268.35 y200GeV:239.791 y300GeV:335.921
292.655 66.757
1.613 2.0038
2.176 3.3367
2.623 4.0211
0.861 1.3195
3.484 5.3405
0.455 0.6979
3.028 4.6427
1.771 2.7151
1.713 2.6255
3.087 4.7323
0.396 0.6082
3.484 5.3407
0.919 1.409
2.565 3.931
2.235 3.427
1.248 1.914
-1.248 3.793
-0.51 1.548
-1.758 5.34
-1.758 5.341
-0.774 2.351
-0.984 2.989
-1.701 5.341
-1.623 5.34
-0.491 1.618
-1.131 3.723
-1.623 5.34
-1.622 5.341
-0.424 3.52
-0.219 1.821
-0.642 5.34
-0.643 5.341
-0.642 5.34
-0.643 5.341
-0.643 5.34
0.166 5.341
3.266 4.375
0.721 0.965
3.987 5.341
-1.002 5.341
-1.002 5.34
-1.003 5.341
-1.002 5.34
-0.699 3.723
-0.303 1.618
-1.003 5.34
0.802 5.341
0.504 1.54
1.244 3.8
1.748 5.341
-2.992 0.768
-4.799 1.232
-4.8 1.232
-2.282 2.109
-2.315 5.34
-0.202 0.468
-4.747 4.873
-0.053 0.054
-4.799 4.927
-0.351 0.359
-4.449 4.567
-0.753 0.774
-4.046 4.524
