169.8117  73.4284
169.8112  73.9037
169.8107  74.3791
169.8101  74.8544
169.8096  75.3298
169.809  75.8051
169.8084  76.2805
169.8079  76.7558
169.8073  77.2311
169.8068  77.7065
168.8658  78.1818
168.8652  78.6572
168.8647  79.1325
169.8045  79.6078
169.804  80.0832
169.8034  80.5585
169.8029  81.0339
169.8023  81.5091
170.7422  81.9846
170.7416  82.4599
170.741  82.9352
171.6808  83.4106
172.6208  83.8859
173.5607  84.3613
174.5017  83.8859
175.4421  83.8859
176.3826  83.8859
177.3225  84.3613
178.2629  84.3613
179.2028  84.8366
180.1432  84.8366
181.0831  85.3119
182.0235  85.3119
182.964  85.3119
183.9039  85.7873
184.8443  85.7873
185.7842  86.2626
186.7246  86.2626
187.6651  86.2626
188.6055  86.2626
189.5453  86.738
190.4853  87.2133
191.4251  87.6886
192.365  88.164
192.3645  88.6393
192.3639  89.1147
192.3633  89.5899
192.3628  90.0654
193.3027  90.5407
193.3021  91.016
193.3014  91.4914
193.301  91.9667
193.3004  92.4421
194.2403  92.9174
195.1802  93.3928
196.1206  93.3928
197.0605  93.8681
198.0004  94.3434
198.9407  94.3434
199.8807  94.8188
200.8206  95.2941
201.761  95.2941
202.7008  95.7694
203.6413  95.7694
204.5812  96.2448
205.5217  96.2448
206.4621  96.2448
207.4025  96.2448
208.343  96.2448
209.2829  96.7201
210.2227  97.1955
210.2222  97.6707
211.1626  97.6707
211.1621  98.1461
212.1019  98.6215
212.1014  99.0969
212.1008  99.5722
212.1003  100.0475
213.0401  100.5229
213.0396  100.9982
213.98  100.9982
213.9795  101.4736
214.9193  101.9489
215.8592  102.4242
216.7997  102.4242
217.7395  102.8996
217.7389  103.3749
218.6794  103.3749
219.6193  103.8502
220.5596  103.8502
220.5592  104.3256
221.4996  104.3256
222.4395  104.801
223.3799  104.801
224.3204  104.801
225.2608  104.801
226.2013  104.801
227.1417  104.801
228.0821  104.801
229.022  105.2763
229.9619  105.7516
230.9018  106.227
231.8422  106.227
232.7826  106.227
233.7231  106.227
234.663  106.7023
235.6034  106.7023
236.5438  106.7023
237.4837  107.1777
238.4242  107.1777
239.3639  107.653
240.3039  108.1283
241.2438  108.6037
242.1837  109.079
242.1831  109.5544
243.123  110.0297
243.1224  110.5051
244.0623  110.9804
245.0022  111.4557
245.0016  111.9311
245.9415  112.4064
245.9409  112.8818
246.8808  113.3571
246.8803  113.8324
247.8202  114.3078
248.7601  114.7831
248.7595  115.2585
249.6994  115.7338
250.6393  116.2092
251.5791  116.6844
251.5786  117.1598
251.5779  117.6352
251.5775  118.1105
252.5173  118.5859
253.4578  118.5859
254.3977  119.0612
255.3375  119.5365
256.278  119.5365
257.2179  120.0119
257.2173  120.4872
257.2167  120.9626
258.1572  120.9626
259.0976  120.9626
260.0381  120.9626
260.9785  120.9626
261.9184  121.4379
262.8588  121.4379
263.7987  121.9133
264.7386  122.3886
265.6785  122.8639
266.6183  123.3393
267.5582  123.8146
268.4981  124.29
269.438  124.7652
269.4374  125.2406
270.3773  125.716
271.3172  126.1913
272.257  126.6667
272.2565  127.142
273.1964  127.6173
273.1958  128.0927
274.1363  128.0927
274.1357  128.568
275.0761  128.568
276.016  129.0434
276.9559  129.5187
277.8958  129.9941
277.8952  130.4694
278.8357  130.4694
279.7761  130.4694
280.7165  130.4694
281.657  130.4694
282.5969  130.9447
283.5367  131.4201
284.4772  131.4201
285.4171  131.8954
286.3569  132.3708
287.2968  132.846
288.2372  132.846
288.2367  133.3214
289.1766  133.7968
290.1165  134.2721
291.0563  134.7475
291.9962  135.2227
292.9361  135.6982
292.9355  136.1735
293.8754  136.6488
294.8153  137.1242
294.8147  137.5995
294.8142  138.0749
295.7546  138.0749
296.6951  138.0749
297.6349  138.5502
298.5754  138.5502
298.5748  139.0255
298.5743  139.5009
299.5141  139.9762
300.4546  139.9762
301.395  139.9762
302.3355  139.9762
303.2759  139.9762
304.2158  140.4516
305.1562  140.4516
306.0961  140.9268
307.0365  140.9268
307.9764  141.4022
308.9163  141.8776
309.8567  141.8776
310.7966  142.3529
311.737  142.3529
312.6768  142.8283
313.6168  143.3035
314.5567  143.779
315.4966  144.2543
316.4364  144.7296
317.3763  145.205
318.3162  145.6803
319.2566  145.6803
320.1965  146.1557
321.1364  146.631
322.0768  146.631
323.0167  147.1064
323.9566  147.5817
324.897  147.5817
325.8369  148.057
326.7768  148.5324
327.7172  148.5324
328.6571  149.0077
329.597  149.483
330.5373  149.483
331.4773  149.9584
332.4178  149.9584
333.3576  150.4337
334.2974  150.9091
335.238  150.9091
336.1778  151.3844
337.1177  151.8598
338.0582  151.8598
338.998  152.3351
339.9385  152.3351
340.8789  152.3351
341.8188  152.8105
342.7591  152.8105
343.6997  152.8105
344.6396  153.2858
345.58  153.2858
346.5204  153.2858
347.4603  153.761
348.4008  153.761
349.3406  154.2365
350.2811  154.2365
351.2215  154.2365
352.1614  154.7118
353.1018  154.7118
354.0423  154.7118
354.9821  155.1872
355.9226  155.1872
356.863  155.1872
357.8029  155.6625
358.7433  155.6625
359.6838  155.6625
360.6242  155.6625
361.5647  155.6625
362.5051  155.6625
363.4455  155.6625
364.386  155.6625
365.3264  155.6625
366.2669  155.6625
367.2073  155.6625
368.1477  155.6625
369.0882  155.6625
370.0286  155.6625
370.9689  155.6625
371.9095  155.6625
372.8498  155.6625
373.7904  155.6625
374.7308  155.6625
375.6712  155.6625
376.6117  155.6625
377.5521  155.6625
378.492  156.1378
379.4324  156.1378
380.3729  156.1378
381.3133  156.1378
382.2532  156.6132
383.1936  156.6132
384.1341  156.6132
385.074  157.0885
386.0144  157.0885
386.9548  157.0885
387.8947  157.5638
388.8352  157.5638
389.775  158.0392
390.7155  158.0392
391.6554  158.5146
392.5958  158.5146
393.5356  158.9899
394.4761  158.9899
395.4165  158.9899
396.357  158.9899
397.2969  159.4652
397.2963  159.9405
398.2367  159.9405
398.2362  160.4159
399.1761  160.8913
400.1165  160.8913
401.0569  160.8913
401.9973  160.8913
402.9384  160.4159
403.8788  160.4159
404.8197  159.9405
405.7608  159.4652
406.7018  158.9899
407.6428  158.5146
408.5833  158.5146
409.5242  158.0392
410.4652  157.5638
411.4062  157.0885
412.3467  157.0885
413.2877  156.6132
414.2287  156.1378
415.1697  155.6625
416.1101  155.6625
417.0511  155.1872
417.9921  154.7118
418.9331  154.2365
419.8735  154.2365
420.8145  153.761
421.7555  153.2858
422.6965  152.8105
423.6375  152.3351
424.5785  151.8598
425.5194  151.3844
426.4605  150.9091
427.4015  150.4337
427.4021  149.9584
427.4026  149.483
428.3431  149.483
428.3436  149.0077
429.2841  149.0077
429.2846  148.5324
430.2251  148.5324
430.2256  148.057
430.2262  147.5817
431.1672  147.1064
431.1678  146.631
432.1088  146.1557
432.1093  145.6803
433.0503  145.205
433.0509  144.7296
433.9919  144.2543
433.9924  143.779
434.9334  143.3035
434.934  142.8283
434.9344  142.3529
435.8755  141.8776
435.8761  141.4022
436.8171  140.9268
436.8176  140.4516
437.7586  139.9762
437.7591  139.5009
437.7598  139.0255
438.7008  138.5502
438.7013  138.0749
439.6423  137.5995
439.6429  137.1242
440.5838  136.6488
441.5249  136.1735
441.5253  135.6982
442.4664  135.2227
443.4074  134.7475
444.3484  134.2721
445.2894  133.7968
446.2304  133.3214
447.1714  132.846
448.1124  132.3708
448.113  131.8954
449.054  131.4201
449.995  130.9447
450.936  130.4694
451.877  129.9941
452.818  129.5187
453.759  129.0434
454.7  128.568
455.641  128.0927
456.5819  127.6173
457.5224  127.6173
457.523  127.142
458.4634  127.142
458.4639  126.6667
459.4043  126.6667
459.4049  126.1913
459.4055  125.716
460.3465  125.2406
461.2869  125.2406
462.2274  125.2406
463.1678  125.2406
464.1088  124.7652
465.0493  124.7652
465.9903  124.29
466.9306  124.29
467.8717  123.8146
468.8121  123.8146
469.753  123.3393
470.6936  123.3393
471.6346  122.8639
472.575  122.8639
473.5154  122.8639
474.4564  122.3886
475.3969  122.3886
476.3378  121.9133
477.2783  121.9133
478.2193  121.4379
479.1598  121.4379
480.1007  120.9626
481.0412  120.9626
481.9822  120.4872
482.9226  120.4872
483.8636  120.0119
484.8041  120.0119
485.745  119.5365
486.6855  119.5365
487.6259  119.5365
488.5664  119.5365
489.5068  119.5365
490.4478  119.0612
491.3883  119.0612
492.3287  119.0612
493.2691  119.0612
494.2101  118.5859
495.1506  118.5859
496.091  118.5859
497.0314  118.5859
497.9724  118.1105
498.9129  118.1105
499.8533  118.1105
500.7938  118.1105
501.7348  117.6352
502.6752  117.6352
503.6156  117.6352
504.5554  118.1105
505.496  118.1105
506.4364  118.1105
507.3763  118.5859
508.3162  119.0612
508.3155  119.5365
509.2555  120.0119
509.2549  120.4872
509.2544  120.9626
510.1942  121.4379
510.1937  121.9133
511.1336  122.3886
512.0734  122.8639
512.0729  123.3393
513.0128  123.8146
513.0122  124.29
513.0116  124.7652
513.9515  125.2406
513.951  125.716
514.8908  126.1913
514.8902  126.6667
515.8302  127.142
515.8296  127.6173
516.7694  128.0927
517.7094  128.568
517.7088  129.0434
518.6487  129.5187
519.5886  129.9941
519.588  130.4694
520.5279  130.9447
521.4678  131.4201
521.4672  131.8954
522.4071  132.3708
523.347  132.846
524.2868  133.3214
525.2267  133.7968
526.1666  134.2721
527.107  134.2721
528.0469  134.7475
528.9868  135.2227
529.9272  135.2227
530.8677  135.2227
530.8671  135.6982
531.8075  135.6982
532.7473  136.1735
533.6879  136.1735
534.6278  136.6488
535.5676  137.1242
536.5081  137.1242
536.5074  137.5995
536.507  138.0749
537.4468  138.5502
538.3873  138.5502
538.3867  139.0255
538.3862  139.5009
538.3856  139.9762
538.385  140.4516
538.3845  140.9268
538.3839  141.4022
538.3834  141.8776
538.3828  142.3529
539.3227  142.8283
539.3221  143.3035
539.3216  143.779
540.2615  144.2543
540.2609  144.7296
540.2603  145.205
541.2002  145.6803
541.1997  146.1557
542.1395  146.631
542.139  147.1064
542.1384  147.5817
543.0783  148.057
543.0777  148.5324
543.0772  149.0077
544.0176  149.0077
544.9581  149.0077
545.8984  149.0077
546.8389  149.0077
546.8384  149.483
545.8974  149.9584
546.8384  149.483
546.8389  149.0077
547.7793  149.0077
547.7799  148.5324
548.7204  148.5324
547.7805  148.057
548.7215  147.5817
549.6619  147.5817
549.6625  147.1064
549.6631  146.631
549.6636  146.1557
549.6642  145.6803
549.6646  145.205
549.6653  144.7296
549.6658  144.2543
549.6663  143.779
550.6074  143.3035
550.608  142.8283
550.6085  142.3529
550.6091  141.8776
550.6096  141.4022
550.6101  140.9268
549.6703  140.4516
549.6709  139.9762
549.6714  139.5009
549.672  139.0255
549.6726  138.5502
548.7327  138.0749
548.7332  137.5995
548.7338  137.1242
548.7343  136.6488
548.7349  136.1735
547.795  135.6982
547.7955  135.2227
547.7961  134.7475
547.7967  134.2721
547.7973  133.7968
546.8574  133.3214
546.8578  132.846
546.8585  132.3708
546.8591  131.8954
545.9192  131.4201
545.9197  130.9447
545.9203  130.4694
545.9209  129.9941
544.9809  129.5187
544.9815  129.0434
544.9821  128.568
544.9826  128.0927
544.9832  127.6173
544.0433  127.142
544.0439  126.6667
544.0444  126.1913
543.1046  125.716
543.1051  125.2406
543.1057  124.7652
543.1062  124.29
542.1663  123.8146
542.1669  123.3393
542.1675  122.8639
542.168  122.3886
541.2282  121.9133
541.2287  121.4379
541.2293  120.9626
541.2298  120.4872
541.2304  120.0119
540.2905  119.5365
540.2911  119.0612
540.2916  118.5859
540.2922  118.1105
539.3523  117.6352
539.3529  117.1598
539.3534  116.6844
539.354  116.2092
538.4141  115.7338
538.4147  115.2585
538.4152  114.7831
537.4753  114.3078
537.4759  113.8324
537.4765  113.3571
537.4769  112.8818
536.5371  112.4064
536.5377  111.9311
536.5383  111.4557
536.5388  110.9804
536.5394  110.5051
535.5995  110.0297
535.6  109.5544
535.6006  109.079
535.6012  108.6037
534.6613  108.1283
534.6618  107.653
534.6623  107.1777
534.663  106.7023
533.7231  106.227
533.7236  105.7516
533.7242  105.2763
533.7248  104.801
532.7849  104.3256
532.7854  103.8502
532.786  103.3749
531.8456  103.3749
531.846  102.8996
530.9062  102.4242
530.9068  101.9489
529.9668  101.4736
529.9675  100.9982
529.0276  100.5229
528.0877  100.0475
527.1478  99.5722
526.208  99.0969
525.2681  98.6215
525.2686  98.1461
524.3282  98.1461
523.3883  97.6707
522.4484  97.1955
521.5086  96.7201
520.5687  96.2448
519.6282  96.2448
518.6884  95.7694
517.7479  95.7694
517.7485  95.2941
516.808  95.2941
515.8676  95.2941
514.9277  94.8188
513.9878  94.3434
513.0474  94.3434
512.1075  93.8681
511.1676  93.3928
510.2278  92.9174
509.2873  92.9174
508.3474  92.4421
507.4076  91.9667
506.4671  91.9667
505.5272  91.4914
504.5874  91.016
503.6469  91.016
502.7069  90.5407
501.7666  90.5407
500.8267  90.0654
499.8862  90.0654
498.9464  89.5899
498.006  89.5899
497.0661  89.1147
496.1256  89.1147
495.1858  88.6393
494.2453  88.6393
493.3054  88.164
492.365  88.164
491.4251  87.6886
490.4847  87.6886
489.5448  87.2133
488.6044  87.2133
487.6644  86.738
486.7241  86.738
485.7835  86.738
484.8437  86.2626
483.9033  86.2626
482.9634  85.7873
482.023  85.7873
481.0831  85.3119
480.1427  85.3119
479.2028  84.8366
478.2623  84.8366
477.3219  84.8366
476.382  84.3613
475.4416  84.3613
474.5017  83.8859
473.5613  83.8859
472.6214  83.4106
471.6808  83.4106
470.7405  83.4106
469.8006  82.9352
468.8601  82.9352
467.9203  82.4599
466.9799  82.4599
466.04  81.9846
465.0995  81.9846
464.1591  81.9846
463.2192  81.5091
462.2788  81.5091
461.3389  81.0339
460.3985  81.0339
459.458  81.0339
458.5175  81.0339
457.5777  80.5585
456.6373  80.5585
455.6968  80.5585
454.7564  80.5585
453.8165  80.0832
452.8761  80.0832
451.9356  80.0832
450.9952  80.0832
450.0553  79.6078
449.1149  79.6078
448.1743  79.6078
447.234  79.6078
446.2941  79.1325
445.3537  79.1325
444.4132  79.1325
443.4727  79.1325
442.5329  78.6572
441.5925  78.6572
440.652  78.6572
439.7116  78.6572
438.7711  78.6572
437.8307  78.6572
436.8902  78.6572
435.9499  78.6572
435.0094  78.6572
434.069  78.6572
433.1285  78.6572
432.1881  78.6572
431.2477  78.6572
430.3072  78.6572
429.3668  78.6572
428.4263  78.6572
427.4859  78.6572
426.5455  78.6572
425.605  78.6572
424.6646  78.6572
423.7241  78.6572
422.7837  78.6572
421.8433  78.6572
420.9022  79.1325
419.9618  79.1325
419.0214  79.1325
418.0804  79.6078
417.14  79.6078
416.199  80.0832
415.258  80.5585
414.317  81.0339
413.3765  81.0339
412.4355  81.5091
411.4945  81.9846
410.5541  81.9846
409.6131  82.4599
408.6721  82.9352
407.7317  82.9352
406.7907  83.4106
405.8497  83.8859
404.9092  83.8859
403.9682  84.3613
403.0272  84.8366
402.0868  84.8366
401.1458  85.3119
400.2048  85.7873
399.2638  86.2626
398.3234  86.2626
397.3824  86.738
396.4414  87.2133
395.5004  87.6886
394.5594  88.164
393.6183  88.6393
392.6779  88.6393
391.7368  89.1147
390.7959  89.5899
389.8549  90.0654
388.9139  90.5407
387.9735  90.5407
387.0325  91.016
386.0915  91.4914
385.1505  91.9667
384.2095  92.4421
383.2691  92.4421
382.3281  92.9174
381.3871  93.3928
380.4466  93.3928
379.5056  93.8681
378.5646  94.3434
377.6242  94.3434
376.6832  94.8188
375.7428  94.8188
374.8018  95.2941
373.8608  95.7694
372.9203  95.7694
371.9792  96.2448
371.0389  96.2448
370.0979  96.7201
369.1569  97.1955
368.2165  97.1955
367.2755  97.6707
366.335  97.6707
365.394  98.1461
364.453  98.6215
363.512  99.0969
362.5716  99.0969
361.6306  99.5722
360.6896  100.0475
359.7492  100.0475
358.8087  100.0475
357.8683  100.0475
356.9278  100.0475
355.988  99.5722
355.0481  99.0969
354.1082  98.6215
353.1683  98.1461
352.2284  97.6707
351.2886  97.1955
350.3487  96.7201
349.4088  96.2448
348.4689  95.7694
347.529  95.2941
346.5892  94.8188
345.6487  94.8188
344.7088  94.3434
343.769  93.8681
342.8291  93.3928
341.8892  92.9174
340.9493  92.4421
340.9499  91.9667
340.0094  91.9667
339.0695  91.4914
338.1291  91.4914
338.1297  91.016
337.1898  90.5407
337.1904  90.0654
336.2499  90.0654
336.2505  89.5899
336.251  89.1147
335.3112  88.6393
335.3117  88.164
334.3713  88.164
333.4314  87.6886
333.432  87.2133
332.4921  86.738
331.5522  86.2626
330.6122  85.7873
329.6724  85.3119
328.7326  84.8366
327.7927  84.3613
326.8528  83.8859
325.9129  83.4106
324.9729  82.9352
324.0326  82.9352
323.0927  82.4599
322.1522  82.4599
322.1528  81.9846
321.2124  81.9846
320.2725  81.5091
319.3321  81.5091
318.3921  81.0339
317.4518  81.0339
316.5119  80.5585
315.5714  80.5585
314.6316  80.0832
313.6911  80.0832
312.7511  79.6078
311.8108  79.6078
310.8709  79.1325
309.9304  79.1325
308.9906  78.6572
308.0502  78.6572
307.1097  78.6572
306.1698  78.1818
305.2294  78.1818
304.2894  77.7065
303.3491  77.7065
302.4092  77.2311
301.4687  77.2311
300.5289  76.7558
299.589  76.2805
298.6486  76.2805
297.7086  75.8051
296.7683  75.8051
295.8284  75.3298
294.8879  75.3298
293.9481  74.8544
293.0076  74.8544
292.0677  74.3791
291.1273  74.3791
290.1874  73.9037
289.2469  73.9037
288.3071  73.4284
287.3667  73.4284
286.4268  72.9531
285.4863  72.9531
284.5459  72.9531
283.6059  72.4777
282.6656  72.4777
281.725  72.4777
280.7852  72.0024
279.8448  72.0024
278.9043  72.0024
277.9645  71.527
277.0241  71.527
276.0836  71.527
275.1432  71.527
274.2028  71.527
273.2623  71.527
272.3219  71.527
271.3814  71.527
270.441  71.527
269.5006  71.527
268.5601  71.527
267.6197  71.527
266.6792  71.527
265.7388  71.527
264.7984  71.527
263.8578  71.527
262.9175  71.527
261.9769  71.527
261.0366  71.527
260.0962  71.527
259.1557  71.527
258.2153  71.527
257.2749  71.527
256.3344  71.527
255.394  71.527
254.4535  71.527
253.5131  71.527
252.5727  71.527
251.6328  71.0517
250.6923  71.0517
249.7525  70.5764
248.812  70.5764
247.8721  70.101
246.9317  70.101
245.9918  69.6257
245.0514  69.6257
244.1115  69.1503
243.1711  69.1503
242.2312  68.675
241.2907  68.675
240.3509  68.1996
239.4104  68.1996
238.4705  67.7243
237.5301  67.7243
236.5901  67.249
235.6498  67.249
234.7099  66.7736
233.77  66.2983
232.8296  66.2983
231.8897  65.8229
230.9498  65.3476
230.0099  64.8723
229.0701  64.3969
228.1296  64.3969
227.1897  63.9216
226.2499  63.4462
225.31  62.9708
224.37  62.4955
223.4297  62.4955
222.4898  62.0202
221.5499  61.5449
220.6099  61.0695
219.6701  60.5941
218.7303  60.1188
217.7904  59.6435
216.8505  59.1682
215.9106  58.6928
214.9707  58.2175
214.0309  57.7421
213.0904  57.7421
212.1505  57.2668
211.2101  57.2668
210.2702  56.7913
209.3298  56.7913
208.3899  56.3161
207.45  55.8408
206.5102  55.3654
