253.19926873857406 0.05902558595192886
253.19926873857406 12.615079397611169
253.19926873857406 20.686828276534925
251.7367458866545 32.344381502037265
261.97440585009144 40.42760757822941
275.13711151736743 53.89527877292369
285.3747714808044 64.66908780875718
297.0749542961609 79.9288413769358
316.08775137111525 95.19679294316336
330.7129798903108 108.66610373746732
346.800731261426 124.82763709102244
365.8135283363803 134.71442273796742
386.2888482632541 141.91226502488098
411.15173674588664 149.11502611062377
443.327239488117 154.5322632213214
462.34003656307124 160.83160492207804
475.5027422303474 171.60869315713103
485.7404021937843 185.07308515260576
501.8281535648994 197.64717455997246
516.453382084095 203.94159746189982
536.9287020109689 199.48024692370126
545.7038391224863 188.72775268279486
558.8665447897624 175.28959428107663
564.7166361974405 167.22440380059197
577.8793418647165 153.78624539887363
586.654478976234 137.65258523868476
589.5795246800731 127.79039358588636
595.4296160877514 109.85973225338375
601.2797074954296 91.92907092088114
607.1297989031079 69.51410465564311
615.9049360146253 50.68986153581301
621.7550274223036 32.7592002033104
630.5301645338209 18.41926201621567
627.6051188299816 5.859929005336937

