295.30791788856305 2.674969441661233
293.841642228739 11.616890236545203
301.1730205278592 20.574549231713604
311.43695014662757 29.537454293643407
321.7008797653959 40.2892681212262
329.0322580645161 55.5081077961799
336.3636363636364 71.62140185396004
348.09384164222877 86.8481106290559
361.2903225806451 101.18298805470602
373.0205278592375 110.14851615001658
393.54838709677415 123.60205435974387
406.7448680351906 129.88684233995565
421.40762463343106 140.6465252676806
439.00293255131965 155.88372617629938
453.6656891495601 165.74895472119783
472.72727272727275 172.93868921775902
493.2551319648094 178.34213798204797
515.2492668621701 183.74820977971768
540.175953079179 187.37061887849592
563.6363636363636 182.94031549845505
575.366568914956 175.80566470288903
587.0967741935484 162.40983322753766
600.2932551319648 149.91107916839348
610.5571847507332 137.40707904248796
616.4222873900293 121.31739228513425
617.8885630498534 103.43092766198549
626.6862170087977 86.4520325885668
625.2199413489736 70.34923066430946
628.1524926686217 55.14875222302089
632.5513196480938 33.689716135327615
636.9501466275659 14.019588813287328
635.483870967742 1.4946044203359747
198.53372434017595 67.7970191848662
214.66275659824046 58.88132872378935
220.52785923753666 66.94191030275056
226.39296187683286 80.36921817867056
232.25806451612902 91.1131629061112
233.72434017595307 101.84923853340962
226.39296187683286 108.9917584291178
221.9941348973607 102.72270864919034
216.1290322580645 97.3454902187085
204.39882697947215 100.00786910014216
200 100.8944543828265

