199.62264150943392 76.89463955637711
217.73584905660374 85.21256931608139
232.83018867924525 98.15157116451013
241.88679245283015 102.77264325323478
250.94339622641508 113.86321626617377
258.4905660377358 122.18114602587804
269.0566037735849 128.65064695009244
278.1132075471698 131.42329020332716
285.66037735849056 126.80221811460257
284.15094339622635 118.48428835489835
276.60377358490564 106.46950092421446
269.0566037735849 93.5304990757856
258.4905660377358 81.51571164510165
247.92452830188677 71.34935304990762
238.86792452830184 56.56192236598895
229.81132075471695 47.319778188539715
220.75471698113205 45.4713493530499
208.67924528301882 48.24399260628468
201.13207547169807 49.168207024029584
272.0754716981132 52.865064695009266
279.62264150943395 67.65249537892794
290.18867924528297 78.74306839186693
297.73584905660374 91.68207024029579
299.2452830188679 100.92421441774496
311.3207547169811 111.09057301293899
318.8679245283019 124.02957486136785
329.4339622641509 132.34750462107212
344.5283018867924 144.36229205175607
356.60377358490564 159.14972273567474
370.188679245283 171.16451016635864
379.2452830188679 173.93715341959341
392.8301886792453 174.86136783733832
410.9433962264151 174.86136783733832
424.52830188679246 176.70979667282813
436.6037735849057 183.1792975970426
456.22641509433964 191.4972273567468
469.811320754717 200.739371534196
484.90566037735846 208.13308687615532
504.52830188679246 211.82994454713503
525.6603773584907 214.60258780036978
540.7547169811321 217.37523105360452
561.8867924528303 211.82994454713503
566.4150943396227 204.4362292051757
573.9622641509435 195.19408502772652
581.5094339622641 184.10351201478755
584.5283018867925 171.1645101663587
592.0754716981132 154.5286506469502
596.6037735849058 137.89279112754173
602.6415094339623 124.95378927911287
596.6037735849058 111.0905730129391
592.0754716981132 98.15157116451024
583.0188679245284 76.89463955637723
580 58.410351201478875
576.9811320754717 45.471349353050016
567.9245283018868 32.53234750462116
561.8867924528303 26.98706099815172
543.7735849056604 22.365988909427074
531.6981132075472 20.51756007393726
507.54716981132077 21.441774491682168
480.37735849056605 21.441774491682168
459.2452830188679 21.441774491682168
441.1320754716981 24.214417744916886
427.54716981132077 26.987060998151662
420 36.22920517560084
401.8867924528302 42.69870609981524
382.26415094339626 45.47134935304996
364.1509433962264 45.47134935304996
343.0188679245283 39.926062846580464
332.45283018867923 26.0628465804067
326.4150943396226 19.593345656192298
314.33962264150944 8.502772643253252
300.75471698113205 2.957486136783757
284.15094339622635 2.957486136783757
287.1698113207547 10.351201478743064
293.2075471698113 25.138632162661736
297.73584905660374 36.22920517560078
296.2264150943396 46.39556377079481
281.1320754716981 48.24399260628468

