#MA5 EffMap for txName: T5WW , Analysis: cms_sus_13_012 , SR: 8NJetinf_800HT1000_200MHTinf
# Mother Interm Daughter  Eff. 
360.0   50.0   0.0003221
1380.0   700.0   0.0018048
1320.0   50.0   0.0000178
180.0   100.0   0.0000000
600.0   300.0   0.0017621
1080.0   600.0   0.0038278
540.0   400.0   0.0001883
1140.0   150.0   0.0002905
1680.0   650.0   0.0001694
840.0   550.0   0.0018182
1020.0   150.0   0.0005186
1080.0   250.0   0.0009018
840.0   500.0   0.0023841
480.0   150.0   0.0014372
600.0   400.0   0.0003420
1260.0   150.0   0.0001076
1080.0   200.0   0.0007323
600.0   450.0   0.0002279
1500.0   250.0   0.0000520
1320.0   250.0   0.0002132
660.0   100.0   0.0027312
1320.0   400.0   0.0006056
780.0   150.0   0.0024238
480.0   300.0   0.0003367
780.0   350.0   0.0034188
1500.0   300.0   0.0000871
1560.0   650.0   0.0005007
300.0   150.0   0.0000685
1140.0   350.0   0.0013594
1560.0   250.0   0.0000519
1320.0   650.0   0.0019942
1200.0   200.0   0.0003973
1200.0   600.0   0.0024055
960.0   150.0   0.0013803
360.0   100.0   0.0002866
1080.0   700.0   0.0032787
660.0   150.0   0.0033986
1380.0   500.0   0.0005323
1380.0   300.0   0.0001761
1080.0   450.0   0.0028602
1260.0   350.0   0.0004485
840.0   300.0   0.0039842
1200.0   650.0   0.0029060
1020.0   100.0   0.0005895
1440.0   1   0.0000175
1680.0   1   0.0000000
600.0   250.0   0.0023250
960.0   350.0   0.0028373
360.0   150.0   0.0001077
900.0   400.0   0.0040975
960.0   500.0   0.0042688
1320.0   450.0   0.0008069
960.0   450.0   0.0039789
1500.0   50.0   0.0000173
1020.0   1   0.0001477
660.0   500.0   0.0004534
1380.0   650.0   0.0013590
1440.0   350.0   0.0001581
840.0   100.0   0.0014344
780.0   600.0   0.0004721
1080.0   100.0   0.0002933
1260.0   400.0   0.0007158
960.0   650.0   0.0020977
1500.0   500.0   0.0003308
780.0   300.0   0.0033526
900.0   500.0   0.0034879
480.0   250.0   0.0005239
960.0   300.0   0.0022824
960.0   600.0   0.0032735
1620.0   600.0   0.0003786
1140.0   500.0   0.0021542
780.0   1   0.0003958
1080.0   500.0   0.0029393
1260.0   550.0   0.0016528
1380.0   250.0   0.0002299
1500.0   200.0   0.0000524
1500.0   550.0   0.0003470
480.0   350.0   0.0001302
1560.0   1   0.0000000
1020.0   200.0   0.0009067
1440.0   250.0   0.0001392
540.0   450.0   0.0000376
1620.0   400.0   0.0001028
420.0   150.0   0.0006035
1140.0   50.0   0.0000362
540.0   50.0   0.0015965
960.0   200.0   0.0012319
720.0   400.0   0.0016293
1680.0   550.0   0.0002038
900.0   650.0   0.0010481
660.0   300.0   0.0024318
1260.0   300.0   0.0004476
1200.0   550.0   0.0024975
1380.0   200.0   0.0000885
1140.0   700.0   0.0037746
720.0   500.0   0.0007584
540.0   250.0   0.0010328
900.0   600.0   0.0021163
840.0   1   0.0004128
960.0   700.0   0.0014902
1440.0   650.0   0.0006860
1560.0   700.0   0.0007582
1320.0   150.0   0.0000893
1140.0   600.0   0.0030459
1680.0   600.0   0.0003555
1440.0   100.0   0.0000698
720.0   1   0.0008373
720.0   450.0   0.0016340
900.0   50.0   0.0006005
1320.0   700.0   0.0022319
1020.0   550.0   0.0035735
1560.0   600.0   0.0004495
720.0   100.0   0.0019878
1260.0   700.0   0.0027487
840.0   600.0   0.0013016
1680.0   350.0   0.0000510
1020.0   700.0   0.0021384
720.0   250.0   0.0038621
360.0   200.0   0.0001786
1620.0   550.0   0.0001371
240.0   100.0   0.0000360
1680.0   400.0   0.0000170
1320.0   100.0   0.0000534
900.0   700.0   0.0008974
1020.0   250.0   0.0014491
540.0   150.0   0.0023057
1620.0   200.0   0.0000514
1620.0   300.0   0.0000172
840.0   250.0   0.0036122
1500.0   650.0   0.0007467
840.0   400.0   0.0035138
780.0   400.0   0.0027882
1140.0   250.0   0.0006339
1020.0   650.0   0.0027627
660.0   550.0   0.0000763
1200.0   50.0   0.0000544
1380.0   100.0   0.0000530
840.0   50.0   0.0008996
1620.0   1   0.0000171
1020.0   300.0   0.0018138
840.0   150.0   0.0019081
180.0   1   0.0000000
780.0   700.0   0.0000378
1200.0   350.0   0.0008691
480.0   400.0   0.0000749
1080.0   400.0   0.0021740
1380.0   350.0   0.0003710
1380.0   450.0   0.0006705
900.0   550.0   0.0025399
1260.0   500.0   0.0014534
960.0   550.0   0.0035326
840.0   350.0   0.0037957
1560.0   100.0   0.0000173
1020.0   600.0   0.0038614
1680.0   50.0   0.0000000
1620.0   100.0   0.0000000
660.0   1   0.0008713
900.0   300.0   0.0032632
1380.0   1   0.0000177
780.0   500.0   0.0016415
420.0   50.0   0.0006214
660.0   200.0   0.0031357
1620.0   250.0   0.0000858
1320.0   500.0   0.0006787
1620.0   450.0   0.0001879
1680.0   100.0   0.0000000
1080.0   550.0   0.0040013
1260.0   1   0.0000180
1560.0   200.0   0.0000173
1620.0   500.0   0.0001878
1440.0   500.0   0.0004047
1680.0   450.0   0.0001018
1560.0   300.0   0.0001376
1080.0   300.0   0.0015158
1440.0   700.0   0.0010378
540.0   300.0   0.0007513
420.0   250.0   0.0002013
1260.0   600.0   0.0024375
1320.0   1   0.0000178
1200.0   500.0   0.0015863
1020.0   400.0   0.0032780
900.0   100.0   0.0005634
420.0   1   0.0005102
660.0   350.0   0.0019179
900.0   150.0   0.0018622
1020.0   50.0   0.0002023
1260.0   250.0   0.0004484
720.0   50.0   0.0015770
1380.0   150.0   0.0000882
1140.0   100.0   0.0001821
1680.0   150.0   0.0000169
780.0   50.0   0.0009688
1680.0   200.0   0.0000509
780.0   200.0   0.0036891
1380.0   550.0   0.0008480
1320.0   350.0   0.0003028
1560.0   550.0   0.0002072
900.0   1   0.0001311
1320.0   300.0   0.0003575
1260.0   100.0   0.0001074
1380.0   50.0   0.0000355
120.0   1   0.0000000
660.0   50.0   0.0015193
1260.0   450.0   0.0011467
1320.0   200.0   0.0000893
780.0   250.0   0.0034334
1200.0   700.0   0.0032537
1440.0   550.0   0.0006831
240.0   50.0   0.0000180
540.0   200.0   0.0016232
420.0   200.0   0.0004381
1560.0   500.0   0.0001381
720.0   200.0   0.0030869
480.0   50.0   0.0010615
1440.0   600.0   0.0006325
1680.0   500.0   0.0002037
1200.0   150.0   0.0002702
540.0   100.0   0.0018422
1560.0   400.0   0.0000865
720.0   150.0   0.0030949
300.0   200.0   0.0000171
1620.0   150.0   0.0000172
1500.0   150.0   0.0000520
720.0   550.0   0.0002845
900.0   350.0   0.0032595
1260.0   200.0   0.0002688
1500.0   600.0   0.0006261
300.0   100.0   0.0001201
1200.0   450.0   0.0018438
960.0   1   0.0001867
780.0   100.0   0.0022673
540.0   1   0.0010527
1380.0   600.0   0.0014527
1560.0   450.0   0.0001211
1200.0   300.0   0.0007602
840.0   200.0   0.0026848
1140.0   450.0   0.0020803
540.0   350.0   0.0006196
