#MA5 EffMap for txName: T5WW , Analysis: cms_sus_13_012 , SR: 3NJet6_1000HT1250_300MHT450
# Mother Interm Daughter  Eff. 
360.0   50.0   0.0002147
1380.0   700.0   0.0312655
1320.0   50.0   0.0026919
180.0   100.0   0.0000444
600.0   300.0   0.0013832
1080.0   600.0   0.0092491
540.0   400.0   0.0004708
1140.0   150.0   0.0127807
1680.0   650.0   0.0103142
840.0   550.0   0.0014058
1020.0   150.0   0.0205412
1080.0   250.0   0.0249572
840.0   500.0   0.0024404
480.0   150.0   0.0006346
600.0   400.0   0.0006840
1260.0   150.0   0.0072822
1080.0   200.0   0.0205782
600.0   450.0   0.0006646
1500.0   250.0   0.0040211
1320.0   250.0   0.0100730
660.0   100.0   0.0057658
1320.0   400.0   0.0201079
780.0   150.0   0.0139560
480.0   300.0   0.0005799
780.0   350.0   0.0046466
1500.0   300.0   0.0047038
1560.0   650.0   0.0191295
300.0   150.0   0.0002398
1140.0   350.0   0.0297076
1560.0   250.0   0.0032845
1320.0   650.0   0.0298244
1200.0   200.0   0.0125149
1200.0   600.0   0.0219204
960.0   150.0   0.0226260
360.0   100.0   0.0002150
1080.0   700.0   0.0034619
660.0   150.0   0.0052489
1380.0   500.0   0.0213808
1380.0   300.0   0.0091583
1080.0   450.0   0.0251554
1260.0   350.0   0.0199128
840.0   300.0   0.0113325
1200.0   650.0   0.0170932
1020.0   100.0   0.0160467
1440.0   1   0.0013158
1680.0   1   0.0003400
600.0   250.0   0.0017768
960.0   350.0   0.0209554
360.0   150.0   0.0002155
900.0   400.0   0.0094299
960.0   500.0   0.0077360
1320.0   450.0   0.0229339
960.0   450.0   0.0114509
1500.0   50.0   0.0010918
1020.0   1   0.0062028
660.0   500.0   0.0005668
1380.0   650.0   0.0322461
1440.0   350.0   0.0086598
840.0   100.0   0.0185713
780.0   600.0   0.0005665
1080.0   100.0   0.0113120
1260.0   400.0   0.0242484
960.0   650.0   0.0018192
1500.0   500.0   0.0141544
780.0   300.0   0.0071007
900.0   500.0   0.0042340
480.0   250.0   0.0005987
960.0   300.0   0.0246951
960.0   600.0   0.0027341
1620.0   600.0   0.0118214
1140.0   500.0   0.0253578
780.0   1   0.0097252
1080.0   500.0   0.0183525
1260.0   550.0   0.0307211
1380.0   250.0   0.0071459
1500.0   200.0   0.0035637
1500.0   550.0   0.0157169
480.0   350.0   0.0004277
1560.0   1   0.0005004
1020.0   200.0   0.0239637
1440.0   250.0   0.0053436
540.0   450.0   0.0002630
1620.0   400.0   0.0049867
420.0   150.0   0.0004023
1140.0   50.0   0.0058158
540.0   50.0   0.0015965
960.0   200.0   0.0262244
720.0   400.0   0.0018946
1680.0   550.0   0.0070141
900.0   650.0   0.0009358
660.0   300.0   0.0021279
1260.0   300.0   0.0154152
1200.0   550.0   0.0279608
1380.0   200.0   0.0057673
1140.0   700.0   0.0062608
720.0   500.0   0.0007964
540.0   250.0   0.0010140
900.0   600.0   0.0017980
840.0   1   0.0097204
960.0   700.0   0.0010245
1440.0   650.0   0.0297429
1560.0   700.0   0.0231079
1320.0   150.0   0.0049484
1140.0   600.0   0.0149559
1680.0   600.0   0.0093102
1440.0   100.0   0.0024606
720.0   1   0.0072311
720.0   450.0   0.0012160
900.0   50.0   0.0134559
1320.0   700.0   0.0262119
1020.0   550.0   0.0080679
1560.0   600.0   0.0159740
720.0   100.0   0.0089548
1260.0   700.0   0.0185584
840.0   600.0   0.0011696
1680.0   350.0   0.0035380
1020.0   700.0   0.0016775
720.0   250.0   0.0059549
360.0   200.0   0.0002143
1620.0   550.0   0.0094939
240.0   100.0   0.0000901
1680.0   400.0   0.0036449
1320.0   100.0   0.0039864
900.0   700.0   0.0005982
1020.0   250.0   0.0282842
540.0   150.0   0.0013309
1620.0   200.0   0.0018858
1620.0   300.0   0.0032667
840.0   250.0   0.0160668
1500.0   650.0   0.0252474
840.0   400.0   0.0058439
780.0   400.0   0.0034853
1140.0   250.0   0.0215706
1020.0   650.0   0.0025601
660.0   550.0   0.0003242
1200.0   50.0   0.0048194
1380.0   100.0   0.0025634
840.0   50.0   0.0145620
1620.0   1   0.0005808
1020.0   300.0   0.0285762
840.0   150.0   0.0199981
180.0   1   0.0000000
780.0   700.0   0.0002834
1200.0   350.0   0.0263072
480.0   400.0   0.0001686
1080.0   400.0   0.0294854
1380.0   350.0   0.0115012
1380.0   450.0   0.0176637
900.0   550.0   0.0023345
1260.0   500.0   0.0297142
960.0   550.0   0.0048712
840.0   350.0   0.0085497
1560.0   100.0   0.0013308
1020.0   600.0   0.0048590
1680.0   50.0   0.0006294
1620.0   100.0   0.0009422
660.0   1   0.0049626
900.0   300.0   0.0169687
1380.0   1   0.0013282
780.0   500.0   0.0013019
420.0   50.0   0.0004021
660.0   200.0   0.0039719
1620.0   250.0   0.0021445
1320.0   500.0   0.0268084
1620.0   450.0   0.0061824
1680.0   100.0   0.0007304
1080.0   550.0   0.0140230
1260.0   1   0.0022536
1560.0   200.0   0.0024924
1620.0   500.0   0.0068465
1440.0   500.0   0.0161185
1680.0   450.0   0.0043102
1560.0   300.0   0.0042150
1080.0   300.0   0.0289110
1440.0   700.0   0.0310812
540.0   300.0   0.0008452
420.0   250.0   0.0001830
1260.0   600.0   0.0280855
1320.0   1   0.0014774
1200.0   500.0   0.0299420
1020.0   400.0   0.0226695
900.0   100.0   0.0195320
420.0   1   0.0004373
660.0   350.0   0.0016520
900.0   150.0   0.0234637
1020.0   50.0   0.0097662
1260.0   250.0   0.0141141
720.0   50.0   0.0086833
1380.0   150.0   0.0044812
1140.0   100.0   0.0085037
1680.0   150.0   0.0013374
780.0   50.0   0.0113783
1680.0   200.0   0.0012731
780.0   200.0   0.0121077
1380.0   550.0   0.0257565
1320.0   350.0   0.0152649
1560.0   550.0   0.0119997
900.0   1   0.0097198
1320.0   300.0   0.0118692
1260.0   100.0   0.0051711
1380.0   50.0   0.0016684
120.0   1   0.0000000
660.0   50.0   0.0054126
1260.0   450.0   0.0272338
1320.0   200.0   0.0074446
780.0   250.0   0.0099608
1200.0   700.0   0.0114602
1440.0   550.0   0.0218244
240.0   50.0   0.0000719
540.0   200.0   0.0012080
420.0   200.0   0.0004198
1560.0   500.0   0.0102208
720.0   200.0   0.0070260
480.0   50.0   0.0008753
1440.0   600.0   0.0255095
1680.0   500.0   0.0055515
1200.0   150.0   0.0093855
540.0   100.0   0.0017858
1560.0   400.0   0.0070085
720.0   150.0   0.0090189
300.0   200.0   0.0002051
1620.0   150.0   0.0014921
1500.0   150.0   0.0024449
720.0   550.0   0.0006639
900.0   350.0   0.0141056
1260.0   200.0   0.0091562
1500.0   600.0   0.0213402
300.0   100.0   0.0000858
1200.0   450.0   0.0311992
960.0   1   0.0085334
780.0   100.0   0.0137362
540.0   1   0.0012595
1380.0   600.0   0.0300990
1560.0   450.0   0.0072133
1200.0   300.0   0.0201079
840.0   200.0   0.0192441
1140.0   450.0   0.0291976
540.0   350.0   0.0006947
