99.67741935483866 96.5811965811966
110.8602150537634 108.54700854700849
125.48387096774188 122.22222222222217
140.1075268817204 137.6068376068376
151.72043010752685 150.4273504273504
165.05376344086017 163.24786324786322
183.97849462365585 182.90598290598288
199.46236559139783 196.58119658119656
213.6559139784946 211.11111111111111
224.83870967741927 223.07692307692304
239.0322580645161 236.75213675213672
251.9354838709677 247.00854700854697
261.82795698924724 257.2649572649573
268.70967741935476 262.39316239316236
267.41935483870964 255.55555555555554
263.1182795698924 248.7179487179487
261.82795698924724 241.88034188034186
254.94623655913972 236.75213675213672
250.6451612903225 231.62393162393158
244.62365591397844 224.78632478632477
236.021505376344 214.5299145299145
234.30107526881716 202.5641025641025
230.8602150537634 195.72649572649567
226.12903225806446 188.88888888888886
218.8172043010752 181.19658119658118
214.94623655913972 178.6324786324786
212.79569892473114 169.23076923076917
212.3655913978494 164.10256410256403
207.63440860215047 158.97435897435895
201.6129032258064 155.55555555555554
199.46236559139783 147.86324786324786
199.0322580645161 135.042735042735
199.0322580645161 120.5128205128205
198.60215053763437 110.25641025641022
197.74193548387092 101.70940170940167
200.32258064516122 95.72649572649573
205.4838709677419 93.16239316239313
216.2365591397849 93.16239316239313
227.41935483870964 88.03418803418799
236.88172043010746 82.90598290598291
242.47311827956986 71.79487179487177
250.21505376344078 64.10256410256409
259.24731182795693 59.829059829059815
267.84946236559136 57.26495726495722
274.7311827956989 52.136752136752136
279.4623655913978 48.71794871794867
282.9032258064516 42.735042735042725
286.774193548387 33.333333333333314
285.05376344086017 20.512820512820497
284.1935483870967 11.111111111111086
282.47311827956986 0.854700854700809
