#MA5 EffMap for txName: T5ZZ , Analysis: cms_sus_13_012 , SR: 8NJetinf_1500HTinf_200MHTinf
# Mother Interm Daughter  Eff. 
1450.0   360.0   0.0004644
1500.0   400.0   0.0004431
850   520   0.0001630
650   440   0.0001283
1000.0   440.0   0.0004591
1550.0   360.0   0.0004416
300   0   0.0000341
550   440   0.0000368
1450.0   320.0   0.0005318
1350.0   40.0   0.0011596
1550.0   560.0   0.0003916
1150.0   680.0   0.0003454
350   80   0.0000874
1350.0   320.0   0.0004712
1700.0   160.0   0.0006539
550   0   0.0002382
500.0   240.0   0.0001461
1700.0   120.0   0.0009730
500.0   400.0   0.0000366
800   520   0.0000542
950   600   0.0002140
1150   480   0.0003129
1000   640   0.0001770
1350.0   560.0   0.0004883
1450.0   240.0   0.0008633
400   80   0.0000889
300   80   0.0000170
1600.0   600.0   0.0003093
900   520   0.0002153
1500.0   120.0   0.0006420
650.0   600.0   0.0000000
1400.0   160.0   0.0007207
1100   120   0.0007338
1700.0   240.0   0.0007504
700   40   0.0004399
850   120   0.0006177
950.0   560.0   0.0002317
1550.0   240.0   0.0005881
850   440   0.0002891
1600.0   80.0   0.0010224
350   120   0.0000352
1500.0   0.0   0.0011750
800   80   0.0003468
700   560   0.0000920
1200.0   560.0   0.0003276
1350.0   480.0   0.0004213
1150   200   0.0006939
1100   600   0.0003319
1150   160   0.0008354
500.0   280.0   0.0001092
1000.0   240.0   0.0005683
550   160   0.0001106
1250.0   320.0   0.0005447
1550.0   480.0   0.0004081
800   200   0.0004003
650   480   0.0000735
1100   400   0.0004364
1650.0   240.0   0.0007552
700.0   680.0   0.0000000
950   160   0.0005156
1300.0   400.0   0.0004760
1200.0   40.0   0.0007210
950   720   0.0000895
600   440   0.0000368
1350.0   120.0   0.0007939
1200.0   320.0   0.0005682
900   40   0.0006146
950   0   0.0006573
500.0   320.0   0.0001095
1500.0   280.0   0.0006748
1600.0   440.0   0.0005534
1600.0   400.0   0.0004853
1500.0   600.0   0.0003616
800   120   0.0005285
1000   720   0.0001767
1500.0   80.0   0.0007926
1150   600   0.0003122
700   0   0.0004590
1450.0   200.0   0.0007459
500   40   0.0002008
550   120   0.0001469
600.0   520.0   0.0000000
800   320   0.0002546
850   200   0.0004352
450   40   0.0000724
1400.0   240.0   0.0006663
1100   720   0.0002113
750   120   0.0003832
1050   40   0.0007403
1050   480   0.0005271
1550.0   160.0   0.0008828
350   240   0.0000175
1600.0   40.0   0.0009890
550.0   480.0   0.0000000
950.0   680.0   0.0001246
1000.0   400.0   0.0004072
1550.0   320.0   0.0005539
1600.0   120.0   0.0008782
700   160   0.0002759
950.0   640.0   0.0001249
800   640   0.0001089
450.0   360.0   0.0000182
650   280   0.0001654
750   400   0.0001455
550.0   280.0   0.0001847
750   200   0.0003645
950   80   0.0005900
150   0   0.0000000
1250.0   200.0   0.0008326
800   480   0.0001994
1000   520   0.0002655
850   40   0.0006700
1550.0   0.0   0.0011585
650   240   0.0003124
750   360   0.0003481
1400.0   40.0   0.0010963
1100   480   0.0003840
700   520   0.0000738
1550.0   440.0   0.0006541
300   120   0.0000000
650   320   0.0001832
700   320   0.0002015
800   0   0.0005638
550   400   0.0000737
1700.0   80.0   0.0008012
400.0   320.0   0.0000000
200   80   0.0000154
1700.0   400.0   0.0006088
750   520   0.0000728
1300.0   480.0   0.0003219
450.0   320.0   0.0000000
250.0   200.0   0.0000000
1000.0   680.0   0.0002125
900   320   0.0003247
1650.0   120.0   0.0009651
250   40   0.0000163
400.0   160.0   0.0000357
850   680   0.0000181
1350.0   680.0   0.0002026
1250.0   640.0   0.0002222
1300.0   320.0   0.0005101
700   240   0.0004235
700.0   600.0   0.0000182
1700.0   600.0   0.0005444
500   200   0.0001828
1250.0   520.0   0.0003416
1300.0   600.0   0.0003208
1700.0   0.0   0.0010857
450.0   240.0   0.0000180
150.0   80.0   0.0000000
1200.0   520.0   0.0004650
1200.0   600.0   0.0003274
750   480   0.0001639
550   200   0.0001655
200   40   0.0000154
800   360   0.0004001
900   680   0.0000899
1150   120   0.0006603
1500.0   160.0   0.0007909
1400.0   80.0   0.0007628
1000.0   280.0   0.0005322
1500.0   320.0   0.0007542
1300.0   640.0   0.0004228
1350.0   240.0   0.0007228
1400.0   280.0   0.0007315
1000   0   0.0008506
750.0   680.0   0.0000000
950   40   0.0006997
1250.0   120.0   0.0008336
1650.0   40.0   0.0009799
950   360   0.0003406
1600.0   280.0   0.0007295
450   280   0.0000543
900   280   0.0005006
850   280   0.0003270
450   80   0.0001084
750   640   0.0000366
300.0   240.0   0.0000000
700   280   0.0002199
1250.0   160.0   0.0008213
750   320   0.0003667
450   0   0.0001263
1100   440   0.0003843
1650.0   200.0   0.0007724
1450.0   600.0   0.0004151
1650.0   360.0   0.0004995
1050.0   640.0   0.0003158
850   480   0.0002911
1650.0   600.0   0.0003546
1350.0   360.0   0.0004548
500   120   0.0001277
1350.0   200.0   0.0008244
800   280   0.0002737
1200.0   120.0   0.0007065
150.0   120.0   0.0000000
1450.0   560.0   0.0003145
1200.0   480.0   0.0004150
1700.0   360.0   0.0004802
1150   360   0.0003989
550   240   0.0002018
450.0   400.0   0.0000321
800   600   0.0000182
1400.0   400.0   0.0005164
1450.0   680.0   0.0002814
300   160   0.0000000
350   160   0.0000351
850   360   0.0003270
300.0   200.0   0.0000000
600   480   0.0000184
700.0   640.0   0.0000000
1250.0   560.0   0.0002220
1350.0   80.0   0.0009296
1300.0   240.0   0.0006273
750   80   0.0004211
450.0   200.0   0.0000181
1150   520   0.0003143
1200.0   200.0   0.0007754
900   720   0.0001258
1000   480   0.0002492
850   600   0.0000899
1350.0   400.0   0.0005039
1400.0   120.0   0.0006668
1150   320   0.0004847
1000   80   0.0007464
1650.0   400.0   0.0005812
950   400   0.0004298
750   40   0.0004405
800   400   0.0003267
300.0   280.0   0.0000000
1500.0   200.0   0.0006083
1700.0   280.0   0.0005577
1500.0   360.0   0.0004108
1100   320   0.0004027
950   200   0.0005535
50.0   0.0   0.0000000
950   480   0.0002316
600   400   0.0000923
1650.0   440.0   0.0004195
1100   240   0.0006166
500   160   0.0002187
1000.0   320.0   0.0005333
950   240   0.0004106
1200.0   0.0   0.0009090
700   80   0.0002938
1400.0   560.0   0.0004685
1100   280   0.0005240
1450.0   520.0   0.0002157
600   120   0.0002401
300   40   0.0000000
350.0   320.0   0.0000000
1300.0   360.0   0.0007109
1600.0   0.0   0.0009744
750   560   0.0001100
650   520   0.0000368
600   280   0.0002029
1200.0   80.0   0.0010867
600   80   0.0002392
1450.0   120.0   0.0010601
1250.0   440.0   0.0004774
400   40   0.0000893
1100.0   560.0   0.0002623
1000.0   160.0   0.0007457
1350.0   160.0   0.0006402
1550.0   600.0   0.0003250
1700.0   200.0   0.0006836
650   360   0.0000915
1400.0   0.0   0.0011702
1300.0   160.0   0.0008815
1150   0   0.0010047
1100.0   680.0   0.0002097
400.0   240.0   0.0000357
1250.0   240.0   0.0006812
600   160   0.0002028
550   360   0.0001101
1600.0   160.0   0.0008276
1250.0   360.0   0.0003772
1700.0   560.0   0.0004483
350.0   280.0   0.0000000
600   320   0.0001468
1250.0   400.0   0.0004108
1400.0   680.0   0.0002849
100.0   0.0   0.0000000
1400.0   640.0   0.0003844
1100.0   640.0   0.0001929
900   360   0.0003587
600.0   0.0   0.0003122
250   80   0.0000000
1600.0   680.0   0.0003249
1650.0   480.0   0.0006434
550.0   520.0   0.0000000
1150   720   0.0003629
500   80   0.0002185
800   560   0.0002006
1200.0   240.0   0.0007742
1700.0   480.0   0.0004474
1650.0   160.0   0.0009023
850   720   0.0000542
1050   200   0.0006884
250   0   0.0000000
1000.0   360.0   0.0003898
900   480   0.0001971
1550.0   120.0   0.0008650
1600.0   480.0   0.0004701
900   600   0.0001616
1300.0   0.0   0.0011044
1150.0   560.0   0.0002433
1300.0   440.0   0.0003055
1050   440   0.0003533
900   440   0.0003055
1650.0   320.0   0.0006456
950   440   0.0004494
750   280   0.0003307
400   200   0.0000534
1300.0   680.0   0.0002024
650   120   0.0003318
850   400   0.0004005
1600.0   320.0   0.0006005
1150   240   0.0006586
650   400   0.0000916
1700.0   680.0   0.0002237
1500.0   240.0   0.0007243
1350.0   520.0   0.0003712
1650.0   80.0   0.0008972
1300.0   280.0   0.0006458
250.0   160.0   0.0000000
700   400   0.0000920
700   480   0.0001467
1450.0   40.0   0.0011416
900.0   640.0   0.0001437
1500.0   440.0   0.0003944
1150   440   0.0005049
850   320   0.0004511
1550.0   200.0   0.0008322
1400.0   440.0   0.0004681
700   120   0.0004791
850   160   0.0004686
1500.0   680.0   0.0002463
1300.0   80.0   0.0008817
400.0   360.0   0.0000000
200   0   0.0000000
1650.0   560.0   0.0004656
1150   400   0.0004490
1450.0   400.0   0.0005157
700   440   0.0001645
750   160   0.0004016
650   200   0.0002767
1200.0   160.0   0.0007920
1300.0   120.0   0.0007118
100.0   40.0   0.0000000
600   360   0.0000554
1450.0   480.0   0.0005963
1050.0   0.0   0.0006359
1100   0   0.0009281
1050   600   0.0002807
1500.0   560.0   0.0004594
450   120   0.0001809
350   200   0.0000000
250   120   0.0000163
900   80   0.0007348
1150   40   0.0008152
1300.0   520.0   0.0003721
1050   720   0.0001584
500.0   480.0   0.0000000
1250.0   600.0   0.0004611
900   120   0.0006471
1550.0   280.0   0.0006045
350   40   0.0000525
650   160   0.0002948
1450.0   0.0   0.0011111
1600.0   240.0   0.0007459
950   280   0.0004096
1500.0   520.0   0.0004765
1600.0   640.0   0.0003893
700   200   0.0004224
1450.0   440.0   0.0003669
450.0   160.0   0.0000544
1000   40   0.0007785
1050   120   0.0006848
1450.0   640.0   0.0003635
950   120   0.0005712
1500.0   640.0   0.0003613
1600.0   200.0   0.0008009
1400.0   200.0   0.0008205
1300.0   560.0   0.0004233
1700.0   440.0   0.0003672
850   640   0.0001805
1650.0   520.0   0.0004350
650.0   560.0   0.0000000
1250.0   480.0   0.0003740
900   240   0.0003595
1050   280   0.0007376
600   200   0.0001832
1100   520   0.0003674
600.0   560.0   0.0000323
1400.0   320.0   0.0005691
550   320   0.0000918
550   40   0.0003842
100.0   80.0   0.0000000
900   160   0.0003247
950   520   0.0002322
750   440   0.0001643
850   240   0.0004150
1700.0   520.0   0.0003682
1050.0   680.0   0.0003156
1200.0   400.0   0.0003595
700   360   0.0002026
400   0   0.0000714
650   0   0.0002759
1100   200   0.0004375
500.0   440.0   0.0000000
1150   280   0.0004520
1350.0   640.0   0.0003032
1600.0   360.0   0.0005651
500   0   0.0002556
1700.0   40.0   0.0011668
350   0   0.0001051
1600.0   520.0   0.0003076
750   600   0.0000732
900.0   560.0   0.0002155
900   400   0.0004302
800   680   0.0000000
1400.0   360.0   0.0006212
850.0   80.0   0.0005416
1450.0   80.0   0.0009125
1100   160   0.0006305
650   80   0.0002946
1550.0   680.0   0.0002622
1350.0   440.0   0.0004877
1550.0   400.0   0.0006378
800   160   0.0005088
150   40   0.0000000
950   320   0.0003742
800   40   0.0005647
1450.0   280.0   0.0007139
800   240   0.0004380
1050   520   0.0004413
1050.0   560.0   0.0003529
900   0   0.0007366
600   40   0.0003683
1350.0   0.0   0.0010944
1650.0   640.0   0.0004033
1200.0   440.0   0.0004999
1200.0   280.0   0.0006021
1350.0   280.0   0.0002854
1700.0   320.0   0.0006563
1450.0   160.0   0.0007140
1000.0   120.0   0.0006008
1150   80   0.0008473
1650.0   0.0   0.0012053
1250.0   680.0   0.0003919
750   240   0.0003103
1200.0   680.0   0.0001720
1050   400   0.0005124
600   240   0.0002768
1550.0   40.0   0.0009461
850   560   0.0002901
1200.0   360.0   0.0004460
650   40   0.0002949
1100   40   0.0008569
750   0   0.0003107
1000   600   0.0001602
850   0   0.0005228
1100   360   0.0005241
1100   80   0.0006992
1600.0   560.0   0.0004049
1550.0   80.0   0.0009621
900   200   0.0005209
1550.0   640.0   0.0003268
1150.0   640.0   0.0003471
1250.0   280.0   0.0006653
1400.0   600.0   0.0003835
200.0   120.0   0.0000000
1500.0   40.0   0.0009339
400.0   120.0   0.0001068
1350.0   600.0   0.0002524
400.0   280.0   0.0000179
1300.0   40.0   0.0008999
1050   160   0.0006659
500.0   360.0   0.0000549
1050   320   0.0005288
800   440   0.0001997
1700.0   640.0   0.0003844
1000   560   0.0002486
1050   360   0.0007025
1650.0   280.0   0.0006721
1550.0   520.0   0.0005071
1400.0   520.0   0.0004989
1200.0   640.0   0.0003968
1050   240   0.0004395
1500.0   480.0   0.0003800
1050   80   0.0009162
1650.0   680.0   0.0003551
1400.0   480.0   0.0005347
550   80   0.0002936
