306.1317  -0.4368
306.1317  0.3658
305.4535  1.1686
305.4535  1.9712
305.4535  2.7737
305.4535  3.5763
305.4535  4.3789
305.4535  5.1814
305.4535  5.984
305.4535  6.7866
305.4535  7.5891
306.1317  8.3915
306.1317  9.194
306.1317  9.9966
306.8098  10.799
306.8098  11.6015
306.8098  12.4041
307.488  13.2064
307.488  14.009
308.1661  14.0088
308.1661  14.8113
308.8443  15.6137
308.8443  16.4163
309.5225  17.2186
309.5225  18.0212
309.5225  18.8237
310.2006  19.6261
310.2006  20.4285
310.2006  21.2312
310.8788  22.0335
310.8788  22.8361
310.8788  23.6387
311.5569  24.441
311.5569  25.2436
311.5569  26.0462
312.2351  26.8485
312.2351  27.6511
312.2351  28.4536
312.9133  29.256
312.9133  30.0585
313.5914  30.8609
313.5914  31.6635
313.5914  32.466
314.2696  33.2684
314.2696  34.0709
314.2696  34.8735
314.9477  35.6758
314.9477  36.4784
315.6259  37.2808
315.6259  38.0833
315.6259  38.8859
316.304  39.6882
316.304  40.4908
316.9822  41.2931
316.9822  42.0957
316.9822  42.8982
317.6604  43.7006
317.6604  44.5032
318.3385  45.3054
318.3385  46.1081
319.0167  46.9104
319.0167  47.713
319.0167  48.5156
319.6947  48.5154
320.373  49.3176
320.373  50.1203
320.373  50.9228
321.0511  50.9226
321.7292  51.7248
321.7292  52.5274
321.7292  53.3301
322.4075  53.3299
323.0856  54.1322
323.0856  54.9348
323.7638  55.737
324.4419  56.5394
324.4419  57.342
325.1201  58.1444
325.7982  58.9466
325.7982  59.7492
325.7982  60.5518
326.4764  61.3542
327.1546  61.3538
327.1546  62.1565
327.8327  62.1562
328.5109  62.9586
329.189  63.761
329.189  64.5635
329.8672  65.3659
330.5453  66.1682
331.2235  66.9706
331.9017  67.7729
331.9017  68.5755
331.9017  69.378
332.5798  70.1804
333.258  70.1802
333.258  70.9827
333.9361  70.9825
334.6143  71.7848
335.2925  72.5872
335.2925  73.3897
335.9706  73.3895
335.9706  74.1921
336.6488  74.9944
337.3269  75.7968
338.0051  76.5991
338.6832  77.4015
338.6832  78.204
339.3614  78.2038
339.3614  79.0064
340.0396  79.8087
340.7177  80.611
341.3959  81.4134
341.3959  82.216
342.074  82.2157
342.074  83.0183
342.7522  83.8206
343.4303  84.623
344.1085  85.4253
344.7867  86.2277
345.4647  87.03
346.143  87.8323
346.8211  88.6347
347.4993  89.437
348.1775  90.2394
348.8556  91.0417
349.5338  91.8441
350.2119  92.6463
350.8901  93.4487
351.5682  94.2511
352.2464  95.0534
352.9245  95.8558
353.6027  96.6581
354.2809  97.4604
354.959  98.2628
355.6372  99.0651
356.3153  99.8675
356.9935  100.6698
357.6717  100.6696
357.6717  101.4722
358.3498  101.4719
359.028  102.2743
359.7061  103.0766
360.3843  103.0764
360.3843  103.879
361.0624  103.8787
361.7406  104.6811
362.4188  105.4834
363.0969  105.4832
363.0969  106.2857
363.7751  106.2854
364.4532  107.0879
365.1314  107.0876
365.1314  107.8902
365.8096  107.89
366.4877  107.8898
367.1659  107.8895
367.8439  108.6919
367.8439  109.4944
368.5222  109.4942
368.5222  110.2968
369.2003  111.0991
369.8784  111.0989
369.8784  111.9015
370.5567  111.9012
371.2348  111.901
371.913  111.9008
372.5911  112.7031
372.5911  113.5057
373.2692  113.5055
373.2692  114.308
373.9474  115.1104
374.6256  115.1101
374.6256  115.9127
375.3038  115.9125
375.9819  116.7147
376.6601  116.7146
376.6601  117.5171
377.3382  117.5169
378.0164  117.5167
378.6945  117.5165
379.3727  118.3188
380.0509  119.1212
380.729  119.9235
381.4072  120.7259
382.0853  121.5282
382.7635  122.3305
383.4417  122.3303
383.4417  123.1329
384.1198  123.1327
384.798  123.935
385.4761  123.9348
385.4761  124.7372
386.1543  124.737
386.8324  125.5394
387.5106  125.5392
387.5106  126.3418
388.1888  126.3416
388.8669  127.1439
389.5451  127.1437
389.5451  127.9462
390.2232  127.946
390.9014  128.7484
391.5795  128.7481
391.5795  129.5507
392.2577  129.5505
392.9359  129.5502
393.6139  130.3526
394.2922  131.1549
394.9703  131.9573
395.6484  131.9569
395.6484  132.7596
396.3266  132.7593
397.0048  133.5617
397.683  133.5615
397.683  134.3641
398.3611  134.3638
399.0393  135.1662
399.7174  135.166
400.3956  135.9683
401.0737  136.7706
401.7519  137.573
402.4301  137.5728
402.4301  138.3753
403.1082  138.3751
403.7864  138.3749
404.4645  139.1772
405.1427  139.177
405.8209  139.9792
406.499  140.7816
407.1772  140.7814
407.8553  141.5838
408.5335  141.5836
409.2116  142.3859
409.8898  142.3857
410.568  143.188
411.2461  143.9904
411.9243  143.9901
412.6024  144.7925
413.2806  145.5948
413.9586  145.5946
414.6369  146.3969
415.3151  147.1993
415.9931  147.199
416.6714  147.1988
417.3495  148.0012
418.0277  148.8035
418.7058  149.6058
419.384  149.6056
420.0622  150.408
420.7403  151.2103
421.4184  151.2101
422.0966  152.0124
422.7748  152.8147
423.453  152.8145
424.1311  153.6169
424.8093  154.4192
425.4874  154.419
426.1656  155.2213
426.8437  156.0237
427.5219  156.0234
428.2001  156.8258
428.8782  157.628
429.5564  157.6279
429.5564  158.4304
430.2345  158.4302
430.9127  159.2326
431.5908  159.2323
431.5908  160.0349
432.269  160.0347
432.9472  160.837
433.6253  160.8368
433.6253  161.6394
434.3035  161.6391
434.9816  161.6389
435.6598  162.4413
436.3378  163.2436
437.0161  163.2434
437.6943  164.0457
438.3724  164.8481
439.0506  164.8477
439.7287  164.8476
440.4069  165.6499
440.4069  166.4525
441.0851  166.4523
441.0851  167.2549
441.7631  167.2546
442.4414  168.057
443.1195  168.8593
443.7976  169.6617
444.4758  169.6614
444.4758  170.464
445.154  170.4638
445.8322  170.4635
446.5103  171.2659
447.1885  171.2657
447.8666  171.2654
448.5448  172.0678
449.2229  172.87
449.9011  172.8699
450.5793  172.8697
451.2574  173.672
451.9356  173.6718
452.6137  173.6715
453.2919  174.4739
453.97  174.4737
454.6482  174.4734
455.3264  175.2758
456.0045  175.2755
456.6827  175.2753
457.3608  176.0777
458.039  176.0774
458.7172  176.8798
459.3953  176.8795
460.0735  176.8793
460.7516  177.6817
461.4298  177.6814
462.1078  177.6812
462.7861  178.4836
463.4643  178.4833
464.1424  178.483
464.8206  179.2854
465.4987  179.2852
466.1769  179.285
466.855  180.0873
467.5332  180.0871
468.2114  180.0869
468.8895  180.8892
469.5676  180.889
470.2458  180.8888
470.924  181.6911
471.6021  181.6909
472.2803  181.6905
472.9585  182.4929
473.6366  182.4928
474.3148  182.4925
474.9929  182.4923
475.6711  183.2947
476.3493  183.2944
477.0274  183.2942
477.7056  184.0965
478.3837  184.0963
479.0619  184.0961
479.74  184.0959
480.4182  184.0956
481.0964  184.898
481.7745  184.8977
482.4527  184.8975
483.1308  184.8973
483.809  185.6996
484.487  185.6994
485.1653  185.6992
485.8435  185.6989
486.5215  185.6987
487.1998  186.5011
487.8779  186.5008
488.5561  186.5006
489.2342  186.5004
489.9123  186.5002
490.5906  187.3025
491.2687  187.3023
491.9468  187.3021
492.625  187.3018
493.3032  187.3016
493.9814  187.3014
494.6595  188.1037
495.3377  188.1035
496.0158  188.1033
496.694  188.103
497.3721  188.1028
498.0503  188.9051
498.7285  188.9049
499.4066  188.9047
500.0848  188.9045
500.7629  188.9042
501.4411  188.904
502.1192  189.7064
502.7974  189.7061
503.4756  189.7059
504.1537  189.7057
504.8319  189.7054
505.51  190.5078
506.1882  190.5076
506.8662  190.5072
507.5445  190.507
508.2227  190.5069
508.9008  190.5067
509.579  190.5064
510.257  190.5062
510.9353  190.506
511.6135  191.3083
512.2916  191.3081
512.9698  191.3079
513.6479  191.3075
514.3261  191.3074
515.0042  191.3072
515.6824  191.307
516.3606  191.3067
517.0387  191.3065
517.7168  192.1088
518.395  192.1086
519.0732  192.1084
519.7513  192.1082
520.4295  192.1078
521.1077  192.1077
521.7858  192.1075
522.464  192.1073
523.1421  192.107
523.8203  192.1068
524.4984  192.9091
525.1766  192.9089
525.8548  192.9087
526.5329  192.9085
527.2111  192.9082
527.8892  192.908
528.5674  192.9078
529.2455  192.9076
529.9237  192.9073
530.6019  192.9071
531.28  192.9069
531.9582  192.9066
532.6362  192.9064
533.3145  192.9062
533.9927  193.7085
534.6707  193.7083
535.349  193.7081
536.0271  193.7079
536.7053  193.7076
537.3834  194.51
538.0616  194.5097
538.7398  194.5095
539.4179  194.5093
540.0961  194.5091
540.7742  194.5088
541.4524  195.3112
542.1305  195.311
542.8087  195.3107
543.4868  195.3105
544.165  195.3103
544.8432  195.31
545.5213  195.3098
546.1995  196.1122
546.8776  196.1118
547.5558  196.1117
548.234  196.1115
548.9121  196.1113
549.5903  196.111
550.2684  196.1108
550.2684  196.9134
550.9466  196.9131
551.6248  196.9129
552.3029  196.9127
552.9811  197.7149
553.6592  197.7147
554.3374  197.7146
555.0155  197.7143
555.6937  197.7141
556.3719  198.5165
557.05  198.5162
557.7282  199.3186
558.4062  199.3183
559.0845  199.3181
559.7626  199.3179
560.4408  200.1202
561.119  200.12
561.7971  200.1198
562.4753  200.9221
563.1534  200.9219
563.8316  200.9217
564.5097  201.724
565.1879  201.7238
565.866  201.7236
566.5442  202.5259
567.2224  202.5257
567.9005  202.5253
568.5787  203.3277
569.2569  203.3276
569.935  203.3273
570.6132  204.1297
571.2913  204.1295
571.9695  204.1292
572.6476  204.9316
573.3258  204.9313
574.004  204.9311
574.6821  205.7335
575.3603  205.7332
576.0384  205.733
576.7166  206.5352
577.3947  206.5351
578.0729  206.5349
578.7511  207.3372
579.4292  207.337
580.1074  208.1393
580.7854  208.1391
581.4637  208.9415
582.1418  208.9412
582.8199  208.9409
583.4982  209.7433
584.1763  209.7431
584.8545  210.5455
585.5326  210.5452
586.2107  211.3476
586.889  211.3473
587.5671  212.1497
588.2453  212.1495
588.9234  212.1492
589.6016  212.9516
590.2797  212.9514
590.9579  213.7537
591.636  213.7534
592.3142  214.5558
592.9924  214.5556
593.6705  215.3578
594.3487  215.3577
595.0268  215.3575
595.705  216.1598
596.3832  216.1596
597.0613  216.9619
597.7395  216.9617
598.4176  216.9615
599.0958  216.9612
599.7739  216.9609
600.4521  216.9607
601.1303  216.9606
601.8084  216.9603
602.4866  216.9601
603.1647  217.7625
603.8429  217.7622
604.5211  217.762
605.1992  217.7618
605.8774  217.7614
606.5554  217.7612
607.2337  217.761
607.9118  217.7609
608.5899  217.7606
609.2682  217.7604
609.9463  217.7602
610.6245  217.76
611.3026  217.7597
611.9808  217.7595
612.6589  217.7593
613.3371  217.759
614.0153  217.7588
614.6934  216.956
615.3716  216.1532
616.0497  216.153
616.7279  215.3502
617.406  214.5474
618.0842  214.5472
618.7624  213.7444
619.4405  212.9416
620.1187  212.9414
620.7968  212.1386
621.475  211.3357
622.1532  211.3356
622.8313  210.5328
623.5095  209.73
624.1876  209.7297
624.8658  208.9268
625.5439  208.1241
626.2221  207.3214
626.9003  206.5186
627.5784  206.5183
628.2566  205.7155
628.9346  204.9127
629.6129  204.1099
629.6129  203.3074
630.291  202.5046
630.9691  201.7018
631.6474  200.899
632.3255  200.0962
633.0037  199.2934
633.6818  198.4906
634.3599  197.6878
635.0381  196.885
635.7163  196.0822
636.3945  195.2793
636.3945  194.4769
637.0726  194.4766
637.0726  193.6741
637.7508  192.8713
638.4289  192.0685
638.4289  191.2659
639.1071  190.4631
639.1071  189.6604
639.7852  188.8577
640.4634  188.055
640.4634  187.2524
641.1416  186.4496
641.1416  185.647
641.8197  184.8441
642.4979  184.0414
642.4979  183.2389
643.176  182.4361
643.176  181.6335
643.8542  180.8307
643.8542  180.0281
644.5324  179.2253
644.5324  178.4228
645.2105  177.62
645.2105  176.8174
645.8887  176.0146
645.8887  175.212
646.5668  174.4093
646.5668  173.6067
646.5668  172.8041
647.245  172.0013
647.245  171.1988
647.9231  170.396
647.9231  169.5934
648.6013  168.7906
648.6013  167.988
648.6013  167.1855
649.2795  166.3827
649.2795  165.58
649.9576  164.7772
649.9576  163.9747
650.6358  163.1719
650.6358  162.3694
650.6358  161.5668
651.3139  160.764
651.3139  159.9614
651.9921  159.1586
651.9921  158.3561
651.9921  157.5535
651.9921  156.7509
652.6702  155.9481
652.6702  155.1456
652.6702  154.343
653.3484  153.5402
653.3484  152.7376
653.3484  151.9351
653.3484  151.1325
654.0266  150.3296
654.0266  149.5271
654.0266  148.7246
654.0266  147.922
654.7046  147.1192
654.7046  146.3166
654.7046  145.5141
654.7046  144.7115
655.3829  143.9087
655.3829  143.1061
656.061  142.3034
656.7391  141.5006
656.7391  140.698
657.4173  139.8952
658.0955  139.0924
658.0955  138.2898
658.7737  137.487
658.7737  136.6844
659.4518  135.8817
660.13  135.0789
660.13  134.2763
660.8081  133.4735
661.4863  132.6707
661.4863  131.8681
662.1645  131.0654
662.1645  130.2628
662.8426  129.46
662.8426  128.6574
663.5208  127.8546
663.5208  127.0521
664.1989  126.2493
664.1989  125.4466
664.8771  124.6439
664.8771  123.8413
665.5552  123.0385
665.5552  122.236
665.5552  121.4334
665.5552  120.6308
665.5552  119.8283
666.2334  119.0255
666.9116  118.2227
666.9116  117.4201
666.9116  116.6175
666.9116  115.815
666.9116  115.0124
666.9116  114.2098
666.9116  113.4073
666.9116  112.6047
666.9116  111.8021
666.9116  110.9996
666.9116  110.197
667.5897  109.3942
667.5897  108.5916
667.5897  107.7891
667.5897  106.9865
667.5897  106.1839
668.2679  105.3811
668.2679  104.5786
668.2679  103.776
668.2679  102.9734
668.946  102.1706
668.946  101.3681
668.946  100.5655
668.946  99.7629
669.6242  98.9601
669.6242  98.1576
669.6242  97.355
669.6242  96.5524
670.3023  96.5522
670.3023  95.7496
670.9805  94.9468
670.9805  94.1443
671.6587  94.144
671.6587  93.3415
671.6587  92.5389
672.3368  91.7361
673.015  90.9333
673.6931  90.1305
673.6931  89.328
674.3713  88.5252
675.0493  87.7224
675.0493  86.9198
675.7276  86.117
676.4058  85.3142
676.4058  84.5116
677.0839  83.7088
677.7621  82.906
677.7621  82.1035
678.4402  81.3007
678.4402  80.4981
679.1184  79.6953
679.7966  78.8925
679.7966  78.09
680.4747  77.2872
680.4747  76.4846
681.1529  75.6818
681.1529  74.8792
681.831  74.0764
682.5091  73.2736
682.5091  72.4711
683.1873  71.6683
683.1873  70.8657
683.8655  70.0629
684.5436  69.2601
684.5436  68.4575
685.2218  67.6548
685.2218  66.8521
685.9  66.0493
685.9  65.2468
686.5781  64.444
686.5781  63.6415
687.2563  62.8387
687.9344  62.0359
687.9344  61.2333
688.6126  60.4304
688.6126  59.6279
689.2908  58.8251
689.2908  58.0226
689.2908  57.22
689.9689  56.4172
689.9689  55.6146
689.9689  54.8121
689.9689  54.0095
689.9689  53.2069
689.9689  52.4043
690.6471  51.6016
690.6471  50.799
690.6471  49.9964
690.6471  49.1939
690.6471  48.3913
690.6471  47.5887
690.6471  46.7862
691.3252  45.9834
691.3252  45.1808
691.3252  44.3782
691.3252  43.5756
691.3252  42.7731
691.3252  41.9705
691.3252  41.168
691.3252  40.3654
691.3252  39.5628
691.3252  38.7603
691.3252  37.9577
691.3252  37.1551
691.3252  36.3526
691.3252  35.55
690.6471  34.7476
690.6471  33.9451
690.6471  33.1425
690.6471  32.3399
690.6471  31.5373
689.9689  30.7349
689.9689  29.9325
689.9689  29.1299
689.9689  28.3273
689.2908  27.525
689.2908  26.7224
689.2908  25.9198
688.6126  25.1175
688.6126  24.3149
688.6126  23.5124
688.6126  22.7098
687.9344  21.9075
687.9344  21.1049
687.9344  20.3023
687.2563  19.5
687.2563  18.6974
687.2563  17.8948
686.5781  17.0925
686.5781  16.2899
686.5781  15.4874
686.5781  14.6848
685.9  13.8824
685.9  13.0799
685.9  12.2772
685.2218  11.475
685.2218  10.6724
685.2218  9.8698
685.2218  9.0673
685.2218  8.2647
685.2218  7.4621
685.2218  6.6596
685.2218  5.857
684.5436  5.0547
684.5436  4.2521
684.5436  3.4495
684.5436  2.647
684.5436  1.8444
683.8655  1.042
