#MA5 EffMap for txName: T5WW , Analysis: atlas_susy_2013_04 , SR: 7j80,1bjet
# Mother Interm Daughter  Eff. 
1020   50   0.0117221
300   0   0.0001356
1500   600   0.0037049
1440   400   0.0069353
840   200   0.0028417
1320   0   0.0111584
360.0   306.0   0.0000175
840   300   0.0016410
1260   700   0.0014137
900   250   0.0028311
780   250   0.0014930
1680.0   400.0   0.0109665
1500   650   0.0035701
1560   250   0.0142759
840.0   650.0   0.0001453
300   100   0.0000684
840   0   0.0052373
1500   550   0.0044923
1680.0   300.0   0.0146702
1200   100   0.0128360
1380   700   0.0022074
1380   350   0.0061769
420   200   0.0001261
840   350   0.0012477
1020   0   0.0076347
480.0   432.0   0.0000000
1020   450   0.0017325
900   450   0.0010208
360.0   315.0   0.0000000
1320.0   550.0   0.0027716
1440   700   0.0025480
1200   150   0.0103071
1680.0   500.0   0.0079672
1260   100   0.0153802
1200   350   0.0043945
660   600   0.0000185
1680.0   50.0   0.0232781
1020   100   0.0094072
420.0   378.0   0.0000000
360   300   0.0000176
660   300   0.0008250
60.0   18.0   0.0000000
1080   700   0.0009450
1080   50   0.0117089
720   50   0.0042035
540   300   0.0001467
1260   50   0.0166380
1020   400   0.0021709
1620   550   0.0059836
840   50   0.0068234
60.0   0.0   0.0000000
1080   0   0.0086755
300.0   252.0   0.0000000
540   150   0.0006070
480   50   0.0009292
540   0   0.0010459
1080   150   0.0080011
1200   700   0.0011946
360   50   0.0002111
1680.0   700.0   0.0044675
1140   200   0.0072730
360   250   0.0000354
1020   150   0.0065427
900   200   0.0036621
720   250   0.0011165
780   200   0.0022253
1200   200   0.0084708
1140   350   0.0040729
900   0   0.0057702
900   600   0.0003585
1620   450   0.0077670
480   150   0.0002921
240   150   0.0000000
540   50   0.0015936
720   300   0.0010031
960   100   0.0080203
960   50   0.0091366
120.0   50.0   0.0000000
600   0   0.0021998
420   150   0.0001611
300   150   0.0000000
300   50   0.0000510
1200   0   0.0101815
1140   500   0.0022992
180.0   100.0   0.0000000
600   300   0.0002752
1500   700   0.0027752
1020   350   0.0026976
1140   0   0.0099707
1500   250   0.0125556
720   500   0.0002187
960   550   0.0006978
1440   50   0.0199704
1620   200   0.0191058
660   450   0.0001471
600   550   0.0000000
780   550   0.0001827
360   150   0.0000883
1200   500   0.0026615
1560   100   0.0234927
660   0   0.0022608
720   200   0.0014831
1020   200   0.0046872
1680.0   200.0   0.0187523
360   200   0.0000706
1200   250   0.0070192
1320   650   0.0018476
1620.0   50.0   0.0225120
1320   200   0.0106852
1320   250   0.0092202
1020   300   0.0031688
540.0   486.0   0.0000000
1440   300   0.0096975
1680.0   0.0   0.0069921
660   100   0.0021561
960   400   0.0016456
1620   250   0.0154825
1440   100   0.0200613
1320.0   600.0   0.0022108
1620   700   0.0038984
960   150   0.0058771
1680.0   150.0   0.0223945
720.0   666.0   0.0000000
1620   0   0.0090020
1380   100   0.0181925
420   300   0.0000000
1320   350   0.0056147
1200   300   0.0052508
1620   500   0.0068576
420   0   0.0005212
1380   250   0.0106801
780   600   0.0000914
840.0   700.0   0.0000000
120.0   0.0   0.0000000
1620   600   0.0052917
1260   250   0.0079481
240   50   0.0000000
1440   450   0.0055215
1140   700   0.0010108
900   550   0.0005786
840   500   0.0007408
600   200   0.0006981
180.0   135.0   0.0000000
600   50   0.0024887
1200   650   0.0015126
720   600   0.0000367
1620   150   0.0232852
1020   250   0.0037548
600   350   0.0003126
660   200   0.0008275
1260   200   0.0094008
1680.0   450.0   0.0094020
240   0   0.0000000
540   400   0.0000735
1020   650   0.0007935
960   200   0.0043632
1140   100   0.0119999
720   400   0.0004761
1380   400   0.0063895
1380   650   0.0023965
960   600   0.0005681
1320   300   0.0076398
900   50   0.0081074
1140   550   0.0021555
1500   300   0.0116463
1560   300   0.0123291
1320   500   0.0036477
660   150   0.0015998
660   400   0.0002028
900   400   0.0015297
1440   550   0.0036649
1440   150   0.0169534
1080   500   0.0015391
1200   600   0.0018243
1200   400   0.0034461
1140   650   0.0012573
1260   0   0.0113279
780   50   0.0053084
1080   400   0.0027293
1260   650   0.0016009
660.0   603.0   0.0000000
900   100   0.0064105
960   650   0.0003932
780   150   0.0028991
1500   0   0.0109230
780   500   0.0002918
1140   150   0.0097114
1500   350   0.0092216
1680.0   100.0   0.0232960
1440   250   0.0115803
1440   500   0.0047509
1320   50   0.0181938
1260   300   0.0065616
420   100   0.0002691
180.0   0.0   0.0000000
1440   600   0.0033484
780   400   0.0008537
1080   600   0.0009833
1560   650   0.0037999
1560   550   0.0053609
1380   450   0.0045623
480   350   0.0000365
900.0   700.0   0.0001976
1680.0   350.0   0.0121326
1020   550   0.0012374
840   250   0.0022700
1020   500   0.0013457
660   50   0.0036218
780.0   650.0   0.0000364
720.0   675.0   0.0000000
1200   550   0.0023352
1560   350   0.0096115
1260   500   0.0030574
960   350   0.0023186
480.0   423.0   0.0000000
480   250   0.0002736
480   100   0.0004181
1620   300   0.0133170
1500   450   0.0065755
1500   50   0.0214101
720   350   0.0007526
1320   700   0.0016333
1260   450   0.0037062
1560   400   0.0087779
1680.0   250.0   0.0169067
1560   200   0.0172262
1140   400   0.0027647
1320   150   0.0135163
720   100   0.0031577
840   600   0.0003083
1500   200   0.0160206
480   0   0.0007282
480   400   0.0000000
180.0   126.0   0.0000000
720   150   0.0021157
420   250   0.0000540
1080   350   0.0036257
1080   550   0.0016013
720   450   0.0003106
1320   400   0.0052878
1140   50   0.0145373
1200   50   0.0148433
1560   500   0.0066300
1500   150   0.0197494
240.0   198.0   0.0000000
1140   600   0.0015953
1200   450   0.0030813
1620   400   0.0091409
1080   100   0.0100067
720.0   650.0   0.0000000
1380   600   0.0027138
1560   50   0.0227873
300.0   250.0   0.0000000
1680.0   600.0   0.0056236
600   450   0.0000000
1080   300   0.0040298
600   100   0.0014155
1320   100   0.0174443
1620   350   0.0117968
900   150   0.0050694
1380   50   0.0191493
1080   450   0.0020991
1620   650   0.0042753
1140   300   0.0050432
900   300   0.0020480
960   450   0.0012427
1380   200   0.0130144
960   0   0.0070460
1260   150   0.0122030
780   100   0.0039315
600   500   0.0000552
60.0   9.0   0.0000000
180.0   50.0   0.0000000
540   350   0.0000732
1440   650   0.0026974
840   450   0.0009725
1140   450   0.0025749
1680.0   650.0   0.0045229
1380   500   0.0038073
1260   600   0.0021295
840   400   0.0012862
1560   450   0.0068275
1440   0   0.0116581
480   200   0.0003464
1380   150   0.0157904
1500   400   0.0072832
660   250   0.0010590
660   500   0.0000921
1380   0   0.0117382
240.0   189.0   0.0000162
1560   600   0.0048163
1020   600   0.0009205
840   100   0.0053552
960   300   0.0029279
1440   200   0.0145486
1260   350   0.0052360
1260   400   0.0040182
1260   550   0.0025603
1080   650   0.0009110
660.0   612.0   0.0000184
1440   350   0.0078403
300   200   0.0000000
720   550   0.0000917
420   350   0.0000000
1560   0   0.0110164
780   450   0.0006200
540   450   0.0000366
900.0   650.0   0.0003060
600   150   0.0012097
1620   100   0.0248244
900   350   0.0014202
660   550   0.0000000
540   100   0.0008428
780   350   0.0010217
1500   100   0.0208909
960.0   700.0   0.0002867
360   0   0.0002280
360   100   0.0001054
780   0   0.0050841
840   550   0.0005451
600   250   0.0005312
780   300   0.0012835
1560   700   0.0032321
1500   500   0.0051289
480   300   0.0001093
660   350   0.0003306
420   50   0.0005389
1380   300   0.0078283
1020   700   0.0002656
1560   150   0.0204294
780.0   700.0   0.0000183
1380   550   0.0034950
600.0   558.0   0.0000000
900   500   0.0008445
540   200   0.0004031
960   500   0.0007138
240   100   0.0000000
1320   450   0.0039972
960   250   0.0036328
1080   250   0.0050008
1680.0   550.0   0.0067872
840   150   0.0038026
420.0   369.0   0.0000000
600   400   0.0002019
540.0   495.0   0.0000000
1140   250   0.0057165
720   0   0.0031901
1080   200   0.0064081
540   250   0.0002570
