#data: x : y 
556.3  0.0 
556.3  5.0 
547.3  50.0 
550.0  67.2 
555.0  102.2 
542.3  145.0 
518.0  185.0 
508.8  205.0 
503.8  210.0 
460.0  239.3 
450.0  247.6 
445.0  246.9 
425.0  238.4 
350.0  206.0 
310.0  211.8 
295.0  220.1 
285.0  225.8 
273.5  230.0 
255.0  226.0 
249.9  225.0 
243.0  215.0 
240.0  212.8 
232.7  210.0 
230.0  207.7 
223.6  205.0 
219.3  200.0 
217.0  195.0 
215.0  193.4 
210.0  190.9 
205.0  189.8 
200.0  187.7 
188.7  175.0 
187.0  170.0 
180.0  166.3 
174.5  165.0 
155.0  147.0 
145.0  139.1 
135.0  130.0 
5.0  0.0 
