#MA5 EffMap for txName: T2tt , Analysis: cms_sus_13_012 , SR: 8NJetinf_1000HT1250_200MHTinf
# Mother  Daughter  Eff. 
760.0   620.0   0.0000556
600.0   260.0   0.0011590
920.0   520.0   0.0022741
520.0   320.0   0.0003622
200.0   60.0   0.0000151
1000.0   240.0   0.0022729
840.0   580.0   0.0010789
720.0   420.0   0.0010797
400.0   20.0   0.0005558
640.0   280.0   0.0014690
560.0   120.0   0.0011998
240.0   60.0   0.0000000
680.0   520.0   0.0002595
680.0   80.0   0.0021100
440.0   100.0   0.0007260
680.0   320.0   0.0015541
640.0   460.0   0.0005176
840.0   40.0   0.0022916
800.0   20.0   0.0021826
440.0   1   0.0008721
1000.0   620.0   0.0018977
1000.0   120.0   0.0021725
800.0   680.0   0.0000932
720.0   580.0   0.0002231
440.0   240.0   0.0001959
800.0   140.0   0.0024182
920.0   420.0   0.0021931
920.0   560.0   0.0018369
800.0   240.0   0.0019953
600.0   100.0   0.0016158
360.0   1   0.0003083
560.0   320.0   0.0006049
440.0   60.0   0.0007295
360.0   80.0   0.0003256
920.0   1   0.0020088
880.0   260.0   0.0020232
440.0   160.0   0.0005158
1000.0   680.0   0.0013790
680.0   160.0   0.0017640
680.0   40.0   0.0021243
400.0   100.0   0.0004182
640.0   180.0   0.0016356
880.0   40.0   0.0022282
840.0   640.0   0.0004288
280.0   120.0   0.0000652
760.0   640.0   0.0000559
880.0   560.0   0.0014963
760.0   480.0   0.0012564
640.0   440.0   0.0006438
960.0   60.0   0.0023172
840.0   320.0   0.0023105
280.0   40.0   0.0001471
560.0   100.0   0.0013348
880.0   160.0   0.0023152
960.0   240.0   0.0024025
840.0   240.0   0.0024594
400.0   200.0   0.0002272
760.0   600.0   0.0001679
640.0   540.0   0.0001104
520.0   360.0   0.0001275
680.0   260.0   0.0016045
560.0   400.0   0.0001272
360.0   180.0   0.0002413
480.0   1   0.0011902
560.0   440.0   0.0000549
840.0   340.0   0.0021491
800.0   1   0.0022660
360.0   160.0   0.0001714
440.0   300.0   0.0000711
1000.0   580.0   0.0016564
880.0   600.0   0.0008556
520.0   20.0   0.0011023
440.0   280.0   0.0001773
640.0   380.0   0.0004632
680.0   120.0   0.0016742
1000.0   20.0   0.0023549
880.0   140.0   0.0024704
680.0   240.0   0.0019862
720.0   200.0   0.0019011
800.0   280.0   0.0021062
560.0   260.0   0.0007105
880.0   300.0   0.0020266
720.0   100.0   0.0023570
800.0   320.0   0.0023419
680.0   220.0   0.0017893
680.0   100.0   0.0023386
560.0   340.0   0.0006209
840.0   380.0   0.0022976
920.0   160.0   0.0025462
280.0   100.0   0.0000653
1000.0   360.0   0.0023136
160.0   40.0   0.0000141
680.0   280.0   0.0016289
280.0   180.0   0.0000163
480.0   40.0   0.0011638
680.0   300.0   0.0012246
800.0   640.0   0.0001494
800.0   80.0   0.0021588
840.0   300.0   0.0022014
720.0   600.0   0.0000741
640.0   340.0   0.0008523
720.0   160.0   0.0022867
560.0   460.0   0.0000182
920.0   120.0   0.0021166
720.0   520.0   0.0006494
720.0   240.0   0.0017836
600.0   460.0   0.0001463
920.0   280.0   0.0020386
320.0   140.0   0.0001510
640.0   420.0   0.0004434
920.0   600.0   0.0014448
240.0   100.0   0.0000157
400.0   240.0   0.0001402
520.0   420.0   0.0000544
520.0   140.0   0.0008516
840.0   520.0   0.0013608
840.0   260.0   0.0024221
440.0   120.0   0.0005479
960.0   640.0   0.0014015
480.0   140.0   0.0009485
720.0   260.0   0.0022890
880.0   320.0   0.0025371
840.0   660.0   0.0003535
400.0   180.0   0.0003152
840.0   600.0   0.0007239
400.0   60.0   0.0004528
760.0   460.0   0.0012864
760.0   380.0   0.0013181
880.0   400.0   0.0022436
880.0   480.0   0.0018707
240.0   120.0   0.0000000
920.0   620.0   0.0013989
560.0   60.0   0.0014084
240.0   80.0   0.0000314
120.0   1   0.0000000
760.0   320.0   0.0016740
520.0   380.0   0.0000907
680.0   580.0   0.0000369
600.0   420.0   0.0004414
760.0   440.0   0.0016210
840.0   620.0   0.0006689
400.0   80.0   0.0004709
800.0   120.0   0.0020043
480.0   240.0   0.0007214
640.0   220.0   0.0012924
720.0   360.0   0.0016083
760.0   500.0   0.0008361
440.0   200.0   0.0003014
840.0   500.0   0.0014035
480.0   360.0   0.0000359
320.0   220.0   0.0000503
240.0   140.0   0.0000787
960.0   520.0   0.0018423
520.0   400.0   0.0000546
760.0   260.0   0.0018596
840.0   200.0   0.0021865
840.0   80.0   0.0025278
440.0   260.0   0.0003212
720.0   120.0   0.0023468
560.0   1   0.0013688
600.0   160.0   0.0014760
960.0   120.0   0.0020540
600.0   120.0   0.0013421
440.0   320.0   0.0001062
520.0   200.0   0.0008160
480.0   200.0   0.0007339
720.0   40.0   0.0020924
920.0   380.0   0.0025001
560.0   300.0   0.0007116
640.0   80.0   0.0018126
720.0   20.0   0.0024629
440.0   20.0   0.0009286
720.0   400.0   0.0010570
760.0   420.0   0.0014756
600.0   80.0   0.0014795
1000.0   560.0   0.0022477
680.0   540.0   0.0000556
880.0   240.0   0.0027477
560.0   420.0   0.0001641
800.0   500.0   0.0010980
600.0   180.0   0.0011595
560.0   360.0   0.0005845
240.0   20.0   0.0000629
800.0   60.0   0.0027061
400.0   280.0   0.0001225
560.0   240.0   0.0007893
560.0   80.0   0.0015671
640.0   520.0   0.0000185
440.0   340.0   0.0000533
920.0   100.0   0.0022652
320.0   60.0   0.0002013
160.0   1   0.0000000
400.0   140.0   0.0005406
920.0   40.0   0.0025893
1000.0   80.0   0.0022525
880.0   680.0   0.0005192
880.0   420.0   0.0021190
720.0   220.0   0.0022112
1000.0   660.0   0.0014250
520.0   180.0   0.0011053
320.0   40.0   0.0002349
600.0   240.0   0.0009790
200.0   100.0   0.0000151
920.0   340.0   0.0023662
680.0   60.0   0.0017891
920.0   500.0   0.0019327
880.0   660.0   0.0004651
640.0   120.0   0.0017383
560.0   220.0   0.0011131
920.0   580.0   0.0016734
920.0   300.0   0.0027003
360.0   140.0   0.0002559
840.0   60.0   0.0022504
720.0   320.0   0.0015996
120.0   20.0   0.0000000
840.0   180.0   0.0025457
680.0   420.0   0.0007566
680.0   140.0   0.0016285
520.0   120.0   0.0012335
480.0   80.0   0.0007717
320.0   160.0   0.0000668
1000.0   440.0   0.0025694
640.0   20.0   0.0016437
720.0   300.0   0.0015930
480.0   300.0   0.0002518
840.0   420.0   0.0022259
400.0   160.0   0.0002799
320.0   80.0   0.0002019
480.0   20.0   0.0009898
960.0   200.0   0.0025704
160.0   60.0   0.0000000
880.0   60.0   0.0023233
960.0   560.0   0.0019137
760.0   160.0   0.0024509
960.0   300.0   0.0023424
600.0   500.0   0.0000366
960.0   440.0   0.0021188
400.0   260.0   0.0000699
520.0   40.0   0.0012175
840.0   280.0   0.0025332
800.0   460.0   0.0015102
400.0   120.0   0.0003307
640.0   480.0   0.0000925
520.0   80.0   0.0010744
760.0   200.0   0.0021051
720.0   560.0   0.0002042
1000.0   260.0   0.0021197
880.0   1   0.0019326
320.0   100.0   0.0001686
840.0   540.0   0.0012123
280.0   1   0.0000489
880.0   80.0   0.0024431
720.0   480.0   0.0005740
1000.0   140.0   0.0022778
640.0   140.0   0.0017129
840.0   1   0.0021752
760.0   60.0   0.0024479
520.0   260.0   0.0005976
160.0   20.0   0.0000000
640.0   500.0   0.0000925
800.0   160.0   0.0021615
400.0   40.0   0.0006481
360.0   60.0   0.0004490
720.0   440.0   0.0008347
920.0   480.0   0.0020765
360.0   20.0   0.0002747
520.0   1   0.0015504
560.0   380.0   0.0004012
200.0   1   0.0000150
400.0   1   0.0004717
600.0   20.0   0.0020706
480.0   320.0   0.0002157
800.0   440.0   0.0014722
960.0   460.0   0.0020343
760.0   140.0   0.0021714
680.0   360.0   0.0011357
800.0   600.0   0.0003352
880.0   580.0   0.0013457
680.0   560.0   0.0000370
760.0   340.0   0.0016466
280.0   140.0   0.0000655
880.0   340.0   0.0024523
600.0   480.0   0.0000734
200.0   40.0   0.0000150
1000.0   160.0   0.0020749
360.0   40.0   0.0002913
840.0   460.0   0.0018251
640.0   60.0   0.0017252
880.0   640.0   0.0006701
1000.0   340.0   0.0023702
600.0   140.0   0.0014872
560.0   280.0   0.0006787
960.0   580.0   0.0020278
720.0   340.0   0.0014654
320.0   200.0   0.0000168
480.0   100.0   0.0008953
320.0   1   0.0000672
640.0   320.0   0.0007931
960.0   540.0   0.0021802
760.0   540.0   0.0006312
640.0   260.0   0.0014427
840.0   440.0   0.0019945
920.0   660.0   0.0007640
880.0   120.0   0.0027422
960.0   320.0   0.0022502
560.0   40.0   0.0012580
760.0   560.0   0.0004463
760.0   40.0   0.0021763
960.0   380.0   0.0020173
760.0   360.0   0.0016143
920.0   540.0   0.0015653
960.0   100.0   0.0025514
640.0   360.0   0.0007928
800.0   360.0   0.0021583
720.0   540.0   0.0005029
920.0   400.0   0.0021604
640.0   240.0   0.0014390
680.0   1   0.0021123
1000.0   380.0   0.0024800
400.0   300.0   0.0000000
800.0   560.0   0.0008919
720.0   180.0   0.0020890
760.0   580.0   0.0002423
880.0   620.0   0.0011682
960.0   80.0   0.0023804
680.0   500.0   0.0004260
600.0   380.0   0.0004397
280.0   20.0   0.0002126
520.0   280.0   0.0006358
600.0   440.0   0.0002390
800.0   260.0   0.0021427
960.0   420.0   0.0024765
680.0   440.0   0.0005738
880.0   380.0   0.0022049
880.0   200.0   0.0025581
480.0   260.0   0.0003600
520.0   60.0   0.0011738
720.0   1   0.0021371
840.0   160.0   0.0019222
200.0   80.0   0.0000301
240.0   1   0.0000315
960.0   140.0   0.0019201
640.0   100.0   0.0018763
800.0   420.0   0.0017145
360.0   120.0   0.0003257
560.0   180.0   0.0011339
800.0   220.0   0.0024003
760.0   240.0   0.0021871
760.0   1   0.0025010
840.0   140.0   0.0023821
760.0   220.0   0.0022319
960.0   40.0   0.0021722
720.0   60.0   0.0024392
360.0   200.0   0.0000857
800.0   580.0   0.0005945
960.0   20.0   0.0023069
520.0   240.0   0.0005052
760.0   300.0   0.0018558
560.0   200.0   0.0010580
960.0   280.0   0.0024281
920.0   460.0   0.0019722
480.0   180.0   0.0006854
1000.0   200.0   0.0023065
760.0   80.0   0.0022032
480.0   280.0   0.0004327
680.0   180.0   0.0016886
1000.0   480.0   0.0023432
680.0   400.0   0.0008895
1000.0   320.0   0.0024690
600.0   360.0   0.0007725
800.0   100.0   0.0026833
920.0   200.0   0.0027386
600.0   320.0   0.0010686
920.0   20.0   0.0019579
640.0   200.0   0.0016018
640.0   40.0   0.0017356
760.0   660.0   0.0000556
360.0   240.0   0.0000687
960.0   400.0   0.0024904
680.0   380.0   0.0010195
520.0   220.0   0.0009755
840.0   220.0   0.0022476
840.0   120.0   0.0022946
880.0   520.0   0.0015819
960.0   340.0   0.0025659
720.0   280.0   0.0018742
560.0   140.0   0.0010798
760.0   180.0   0.0021990
480.0   120.0   0.0008464
280.0   80.0   0.0000655
880.0   100.0   0.0023307
720.0   380.0   0.0012118
720.0   140.0   0.0020420
840.0   100.0   0.0024910
200.0   20.0   0.0000451
880.0   280.0   0.0022260
800.0   180.0   0.0022532
520.0   340.0   0.0004355
960.0   260.0   0.0022982
600.0   200.0   0.0012281
280.0   60.0   0.0000977
800.0   400.0   0.0018492
840.0   20.0   0.0024022
1000.0   280.0   0.0025512
760.0   120.0   0.0021518
960.0   360.0   0.0026296
680.0   340.0   0.0015734
880.0   20.0   0.0023509
800.0   200.0   0.0024150
920.0   260.0   0.0023024
280.0   160.0   0.0000163
880.0   540.0   0.0012271
760.0   100.0   0.0022939
320.0   120.0   0.0000843
720.0   80.0   0.0024193
840.0   560.0   0.0010230
960.0   500.0   0.0022182
800.0   520.0   0.0008562
1000.0   100.0   0.0018445
1000.0   220.0   0.0021885
440.0   180.0   0.0005312
960.0   600.0   0.0017753
480.0   160.0   0.0004856
760.0   520.0   0.0010758
840.0   480.0   0.0015810
560.0   20.0   0.0014735
560.0   160.0   0.0012395
800.0   40.0   0.0022781
680.0   460.0   0.0004819
720.0   500.0   0.0006511
680.0   20.0   0.0025705
520.0   160.0   0.0011945
880.0   500.0   0.0017700
600.0   280.0   0.0008984
480.0   220.0   0.0004682
480.0   380.0   0.0000000
920.0   180.0   0.0018852
960.0   1   0.0021119
720.0   460.0   0.0009902
480.0   60.0   0.0008264
440.0   40.0   0.0009186
720.0   620.0   0.0000372
1000.0   40.0   0.0022625
520.0   100.0   0.0013475
320.0   20.0   0.0002172
920.0   440.0   0.0021559
600.0   400.0   0.0004231
760.0   280.0   0.0023261
600.0   300.0   0.0008634
600.0   1   0.0018349
800.0   540.0   0.0009527
880.0   440.0   0.0022327
680.0   480.0   0.0004609
880.0   220.0   0.0025831
880.0   460.0   0.0018065
600.0   40.0   0.0015609
920.0   220.0   0.0023143
600.0   220.0   0.0009003
680.0   200.0   0.0018866
480.0   340.0   0.0000541
240.0   40.0   0.0000000
880.0   180.0   0.0025375
840.0   360.0   0.0021503
1000.0   420.0   0.0024599
520.0   300.0   0.0003429
640.0   1   0.0018574
600.0   60.0   0.0014745
840.0   680.0   0.0001860
440.0   140.0   0.0007243
1000.0   1   0.0018722
640.0   400.0   0.0006634
840.0   400.0   0.0017545
760.0   20.0   0.0026358
360.0   260.0   0.0000343
920.0   140.0   0.0022832
960.0   480.0   0.0022469
360.0   220.0   0.0000684
880.0   360.0   0.0024122
640.0   300.0   0.0010907
640.0   160.0   0.0017326
920.0   60.0   0.0021112
320.0   180.0   0.0000672
360.0   100.0   0.0004127
440.0   80.0   0.0006030
600.0   340.0   0.0009931
960.0   660.0   0.0010988
400.0   220.0   0.0002101
440.0   220.0   0.0002487
1000.0   640.0   0.0015464
800.0   300.0   0.0021054
760.0   400.0   0.0014684
