#MA5 EffMap for txName: T5 , Analysis: cms_sus_13_012 , SR: 3NJet6_500HT800_600MHTinf
# Mother Interm Daughter  Eff. 
300.0   250.0   0.0001069
900.0   550.0   0.0105108
420.0   300.0   0.0002944
720.0   700.0   0.0015274
420.0   400.0   0.0004115
1620.0   1   0.0022523
1620.0   550.0   0.0045784
1500.0   50.0   0.0029153
1020.0   150.0   0.0155510
1620.0   200.0   0.0023405
1380.0   650.0   0.0132327
600.0   300.0   0.0025502
1620.0   250.0   0.0026383
780.0   650.0   0.0014279
720.0   150.0   0.0222117
480.0   350.0   0.0004255
1020.0   700.0   0.0102152
1560.0   300.0   0.0027012
540.0   200.0   0.0026582
1680.0   50.0   0.0019554
1200.0   400.0   0.0141879
1440.0   500.0   0.0069418
1560.0   350.0   0.0036826
600.0   150.0   0.0085848
1080.0   1   0.0125804
600.0   450.0   0.0007011
1500.0   250.0   0.0039549
900.0   1   0.0193617
1260.0   550.0   0.0147135
720.0   650.0   0.0010555
1500.0   600.0   0.0072984
1680.0   550.0   0.0039922
1080.0   700.0   0.0165901
1440.0   300.0   0.0052559
1140.0   100.0   0.0098940
780.0   600.0   0.0017666
660.0   450.0   0.0015489
1620.0   300.0   0.0032067
960.0   700.0   0.0048811
300.0   200.0   0.0000528
1260.0   700.0   0.0232605
840.0   300.0   0.0253967
960.0   650.0   0.0081115
660.0   1   0.0194233
1020.0   250.0   0.0187055
1560.0   700.0   0.0087460
1200.0   450.0   0.0131313
720.0   50.0   0.0238278
1440.0   650.0   0.0109753
1440.0   100.0   0.0035726
1020.0   550.0   0.0282617
60.0   1   0.0000000
1140.0   350.0   0.0133333
1680.0   600.0   0.0045007
1080.0   400.0   0.0195365
1200.0   700.0   0.0242938
960.0   250.0   0.0213512
480.0   50.0   0.0020195
1500.0   700.0   0.0087549
420.0   250.0   0.0002566
840.0   1   0.0239697
1080.0   50.0   0.0126158
540.0   250.0   0.0017175
1020.0   1   0.0147380
720.0   450.0   0.0029674
540.0   50.0   0.0049028
1200.0   100.0   0.0074611
960.0   500.0   0.0242141
660.0   500.0   0.0013592
420.0   200.0   0.0004105
420.0   50.0   0.0007455
1620.0   400.0   0.0041192
1140.0   700.0   0.0251331
1080.0   650.0   0.0219805
540.0   400.0   0.0005615
960.0   50.0   0.0176476
1680.0   350.0   0.0028014
960.0   400.0   0.0274804
1440.0   350.0   0.0058342
840.0   450.0   0.0131639
1140.0   400.0   0.0162994
1380.0   350.0   0.0081402
1440.0   1   0.0031860
360.0   100.0   0.0002251
1020.0   650.0   0.0163985
780.0   500.0   0.0039652
840.0   50.0   0.0233911
1260.0   400.0   0.0098770
1140.0   550.0   0.0241368
900.0   200.0   0.0240102
1380.0   1   0.0048453
660.0   550.0   0.0008716
420.0   350.0   0.0002555
1080.0   450.0   0.0220238
1500.0   450.0   0.0050669
1140.0   250.0   0.0127052
1380.0   300.0   0.0064099
780.0   550.0   0.0024234
840.0   350.0   0.0241951
600.0   50.0   0.0112884
1560.0   250.0   0.0034370
600.0   250.0   0.0042984
720.0   350.0   0.0075161
1500.0   650.0   0.0095238
1440.0   400.0   0.0060212
1560.0   400.0   0.0043636
1200.0   550.0   0.0200364
780.0   400.0   0.0103421
1440.0   700.0   0.0117533
1560.0   100.0   0.0029800
1200.0   150.0   0.0082263
540.0   350.0   0.0006927
900.0   450.0   0.0215005
1500.0   400.0   0.0047832
780.0   50.0   0.0245614
1020.0   350.0   0.0211378
1200.0   600.0   0.0216527
960.0   350.0   0.0243606
1380.0   500.0   0.0089266
300.0   150.0   0.0000534
1440.0   600.0   0.0091911
480.0   1   0.0018910
900.0   300.0   0.0261346
840.0   600.0   0.0032511
480.0   200.0   0.0008478
1140.0   150.0   0.0109555
900.0   700.0   0.0025387
1260.0   650.0   0.0199439
1020.0   300.0   0.0193949
1080.0   550.0   0.0236633
660.0   300.0   0.0055408
900.0   650.0   0.0036292
480.0   250.0   0.0008123
1440.0   150.0   0.0048661
540.0   500.0   0.0005870
1680.0   400.0   0.0034148
840.0   700.0   0.0015734
1380.0   700.0   0.0144437
300.0   1   0.0001073
600.0   350.0   0.0015227
1200.0   250.0   0.0099475
840.0   500.0   0.0089480
540.0   150.0   0.0033588
600.0   500.0   0.0004925
360.0   250.0   0.0001691
480.0   100.0   0.0018840
1680.0   500.0   0.0040472
1680.0   150.0   0.0026473
660.0   100.0   0.0171339
1680.0   1   0.0022987
840.0   150.0   0.0239742
1680.0   300.0   0.0023169
1200.0   650.0   0.0242737
1020.0   500.0   0.0268172
1320.0   400.0   0.0081580
660.0   650.0   0.0014768
240.0   1   0.0000333
1560.0   600.0   0.0060428
1620.0   650.0   0.0051993
1140.0   450.0   0.0190012
780.0   200.0   0.0248297
1080.0   350.0   0.0184231
1620.0   350.0   0.0033280
300.0   100.0   0.0000178
1020.0   400.0   0.0235465
960.0   600.0   0.0133629
960.0   200.0   0.0199877
1200.0   500.0   0.0160158
720.0   100.0   0.0220132
660.0   600.0   0.0011165
1440.0   50.0   0.0034704
600.0   200.0   0.0060278
1080.0   600.0   0.0255654
480.0   150.0   0.0012129
1380.0   400.0   0.0080204
600.0   100.0   0.0089063
780.0   100.0   0.0264368
1140.0   300.0   0.0141408
1320.0   500.0   0.0110863
1020.0   600.0   0.0247365
960.0   450.0   0.0269020
1320.0   1   0.0056188
1560.0   550.0   0.0060285
780.0   150.0   0.0268963
1380.0   250.0   0.0048756
360.0   300.0   0.0000564
420.0   150.0   0.0006238
1620.0   500.0   0.0040697
900.0   100.0   0.0207461
960.0   550.0   0.0190570
180.0   1   0.0000000
240.0   50.0   0.0000167
1260.0   450.0   0.0125456
360.0   350.0   0.0001696
1140.0   500.0   0.0191835
1140.0   50.0   0.0100382
1260.0   600.0   0.0171119
1620.0   450.0   0.0036398
60.0   50.0   0.0000000
900.0   400.0   0.0266518
1320.0   100.0   0.0052169
480.0   300.0   0.0004050
720.0   600.0   0.0010480
780.0   1   0.0251660
1080.0   300.0   0.0158664
1380.0   600.0   0.0137153
300.0   50.0   0.0001248
1020.0   200.0   0.0158255
1200.0   1   0.0078413
1260.0   200.0   0.0071600
720.0   1   0.0234413
960.0   100.0   0.0167316
1560.0   500.0   0.0049718
780.0   450.0   0.0062483
720.0   250.0   0.0171384
1500.0   300.0   0.0046117
1320.0   50.0   0.0054764
360.0   50.0   0.0002623
1020.0   450.0   0.0245783
960.0   300.0   0.0222501
1260.0   500.0   0.0131973
240.0   200.0   0.0000000
360.0   150.0   0.0002079
480.0   400.0   0.0002833
1680.0   700.0   0.0052604
1440.0   450.0   0.0067918
420.0   100.0   0.0005089
660.0   400.0   0.0022300
1380.0   450.0   0.0084425
840.0   250.0   0.0262381
960.0   150.0   0.0184274
600.0   1   0.0110428
480.0   450.0   0.0005659
1560.0   650.0   0.0068027
540.0   300.0   0.0010006
1380.0   550.0   0.0109290
1140.0   1   0.0078791
240.0   100.0   0.0000000
720.0   200.0   0.0210313
1620.0   50.0   0.0026315
960.0   1   0.0169985
1380.0   50.0   0.0052705
540.0   100.0   0.0044112
780.0   250.0   0.0258537
1260.0   250.0   0.0077158
1500.0   200.0   0.0039570
1440.0   250.0   0.0041047
540.0   450.0   0.0005221
1500.0   100.0   0.0030174
180.0   50.0   0.0000000
1560.0   200.0   0.0028534
1320.0   250.0   0.0064312
1560.0   1   0.0025997
900.0   350.0   0.0255534
660.0   200.0   0.0111373
1020.0   100.0   0.0150036
1140.0   600.0   0.0245770
360.0   1   0.0002623
1560.0   50.0   0.0020553
780.0   300.0   0.0208197
420.0   1   0.0008010
1080.0   100.0   0.0099462
1260.0   1   0.0056551
1440.0   200.0   0.0040071
720.0   300.0   0.0120477
1680.0   250.0   0.0026465
180.0   150.0   0.0000000
1080.0   200.0   0.0133435
1560.0   450.0   0.0040585
1080.0   500.0   0.0241010
1620.0   700.0   0.0060968
1260.0   350.0   0.0105489
1500.0   350.0   0.0058840
1260.0   100.0   0.0069300
840.0   200.0   0.0245819
840.0   100.0   0.0233578
1500.0   1   0.0036822
1380.0   150.0   0.0047790
1200.0   350.0   0.0107494
660.0   50.0   0.0172939
1200.0   50.0   0.0074492
1680.0   100.0   0.0021689
1380.0   200.0   0.0053890
1320.0   450.0   0.0099648
1320.0   550.0   0.0124524
900.0   150.0   0.0214500
1320.0   200.0   0.0066683
240.0   150.0   0.0000497
1260.0   150.0   0.0068525
1320.0   300.0   0.0079061
900.0   50.0   0.0219242
1320.0   650.0   0.0164658
1500.0   500.0   0.0069568
540.0   1   0.0048670
1200.0   200.0   0.0097996
720.0   550.0   0.0013910
600.0   550.0   0.0007711
600.0   400.0   0.0011323
1500.0   150.0   0.0039305
1620.0   100.0   0.0024998
1680.0   450.0   0.0035958
720.0   400.0   0.0046282
360.0   200.0   0.0001320
1260.0   50.0   0.0072526
1680.0   200.0   0.0023000
840.0   400.0   0.0180020
180.0   100.0   0.0000000
1320.0   700.0   0.0180660
1680.0   650.0   0.0045444
900.0   250.0   0.0241508
1440.0   550.0   0.0094971
660.0   350.0   0.0035955
1380.0   100.0   0.0046554
1140.0   200.0   0.0111079
1020.0   50.0   0.0128913
1080.0   250.0   0.0146166
900.0   600.0   0.0060335
1320.0   150.0   0.0053473
1140.0   650.0   0.0251742
120.0   50.0   0.0000000
1260.0   300.0   0.0094043
780.0   700.0   0.0011799
1080.0   150.0   0.0134884
1500.0   550.0   0.0066907
840.0   650.0   0.0020862
1200.0   300.0   0.0100439
900.0   500.0   0.0162622
1320.0   600.0   0.0134043
660.0   150.0   0.0140848
780.0   350.0   0.0157343
720.0   500.0   0.0017693
840.0   550.0   0.0053690
120.0   1   0.0000000
1560.0   150.0   0.0022759
1320.0   350.0   0.0069712
1620.0   150.0   0.0021596
1620.0   600.0   0.0049181
660.0   250.0   0.0079438
120.0   100.0   0.0000000
