#MA5 EffMap for txName: T5 , Analysis: cms_sus_13_012 , SR: 6NJet8_500HT800_300MHT450
# Mother Interm Daughter  Eff. 
300.0   250.0   0.0003028
900.0   550.0   0.0023825
420.0   300.0   0.0009618
720.0   700.0   0.0002214
420.0   400.0   0.0001372
1620.0   1   0.0002574
1620.0   550.0   0.0002884
1500.0   50.0   0.0003037
1020.0   150.0   0.0016678
1620.0   200.0   0.0004035
1380.0   650.0   0.0007972
600.0   300.0   0.0022466
1620.0   250.0   0.0004317
780.0   650.0   0.0019038
720.0   150.0   0.0015241
480.0   350.0   0.0011753
1020.0   700.0   0.0025082
1560.0   300.0   0.0005402
540.0   200.0   0.0024489
1680.0   50.0   0.0001917
1200.0   400.0   0.0003969
1440.0   500.0   0.0002361
1560.0   350.0   0.0002762
600.0   150.0   0.0016640
1080.0   1   0.0009677
600.0   450.0   0.0011898
1500.0   250.0   0.0004746
900.0   1   0.0021155
1260.0   550.0   0.0004315
720.0   650.0   0.0007801
1500.0   600.0   0.0003475
1680.0   550.0   0.0003731
1080.0   700.0   0.0016294
1440.0   300.0   0.0001983
1140.0   100.0   0.0005581
780.0   600.0   0.0025008
660.0   450.0   0.0019914
1620.0   300.0   0.0004276
960.0   700.0   0.0017398
300.0   200.0   0.0002818
1260.0   700.0   0.0005079
840.0   300.0   0.0010112
960.0   650.0   0.0022832
660.0   1   0.0027795
1020.0   250.0   0.0015262
1560.0   700.0   0.0004927
1200.0   450.0   0.0012121
720.0   50.0   0.0018660
1440.0   650.0   0.0004304
1440.0   100.0   0.0003334
1020.0   550.0   0.0012989
60.0   1   0.0000000
1140.0   350.0   0.0011417
1680.0   600.0   0.0002951
1080.0   400.0   0.0007548
1200.0   700.0   0.0011568
960.0   250.0   0.0013934
480.0   50.0   0.0023022
1500.0   700.0   0.0007351
420.0   250.0   0.0012830
840.0   1   0.0020143
1080.0   50.0   0.0010349
540.0   250.0   0.0022831
1020.0   1   0.0012407
720.0   450.0   0.0025881
540.0   50.0   0.0026496
1200.0   100.0   0.0007356
960.0   500.0   0.0015745
660.0   500.0   0.0021922
420.0   200.0   0.0016422
420.0   50.0   0.0017461
1620.0   400.0   0.0001817
1140.0   700.0   0.0018514
1080.0   650.0   0.0012930
540.0   400.0   0.0014350
960.0   50.0   0.0012935
1680.0   350.0   0.0001437
960.0   400.0   0.0014241
1440.0   350.0   0.0002942
840.0   450.0   0.0020305
1140.0   400.0   0.0011149
1380.0   350.0   0.0005970
1440.0   1   0.0002941
360.0   100.0   0.0014069
1020.0   650.0   0.0020192
780.0   500.0   0.0022858
840.0   50.0   0.0018461
1260.0   400.0   0.0010865
1140.0   550.0   0.0012494
900.0   200.0   0.0011618
1380.0   1   0.0003647
660.0   550.0   0.0017214
420.0   350.0   0.0004717
1080.0   450.0   0.0012758
1500.0   450.0   0.0005021
1140.0   250.0   0.0007537
1380.0   300.0   0.0007122
780.0   550.0   0.0024007
840.0   350.0   0.0015098
600.0   50.0   0.0020760
1560.0   250.0   0.0001637
600.0   250.0   0.0024593
720.0   350.0   0.0022749
1500.0   650.0   0.0005442
1440.0   400.0   0.0005299
1560.0   400.0   0.0006481
1200.0   550.0   0.0008831
780.0   400.0   0.0021312
1440.0   700.0   0.0005375
1560.0   100.0   0.0003041
1200.0   150.0   0.0011269
540.0   350.0   0.0014063
900.0   450.0   0.0018127
1500.0   400.0   0.0006378
780.0   50.0   0.0015531
1020.0   350.0   0.0011101
1200.0   600.0   0.0011582
960.0   350.0   0.0011236
1380.0   500.0   0.0002722
300.0   150.0   0.0004449
1440.0   600.0   0.0006534
480.0   1   0.0023993
900.0   300.0   0.0010841
840.0   600.0   0.0024582
480.0   200.0   0.0020387
1140.0   150.0   0.0008835
900.0   700.0   0.0029219
1260.0   650.0   0.0011024
1020.0   300.0   0.0010484
1080.0   550.0   0.0010644
660.0   300.0   0.0019710
900.0   650.0   0.0028615
480.0   250.0   0.0020106
1440.0   150.0   0.0002362
540.0   500.0   0.0006709
1680.0   400.0   0.0001836
840.0   700.0   0.0020192
1380.0   700.0   0.0007407
300.0   1   0.0008945
600.0   350.0   0.0020374
1200.0   250.0   0.0005588
840.0   500.0   0.0019193
540.0   150.0   0.0018984
600.0   500.0   0.0013277
360.0   250.0   0.0006202
480.0   100.0   0.0022689
1680.0   500.0   0.0003679
1680.0   150.0   0.0003356
660.0   100.0   0.0022671
1680.0   1   0.0005254
840.0   150.0   0.0015467
1680.0   300.0   0.0001139
1200.0   650.0   0.0014623
1020.0   500.0   0.0013536
1320.0   400.0   0.0002457
660.0   650.0   0.0000369
240.0   1   0.0002828
1560.0   600.0   0.0005647
1620.0   650.0   0.0003250
1140.0   450.0   0.0009744
780.0   200.0   0.0017323
1080.0   350.0   0.0007765
1620.0   350.0   0.0000000
300.0   100.0   0.0006765
1020.0   400.0   0.0014209
960.0   600.0   0.0018852
960.0   200.0   0.0013199
1200.0   500.0   0.0006920
720.0   100.0   0.0021167
660.0   600.0   0.0009633
1440.0   50.0   0.0004754
600.0   200.0   0.0019457
1080.0   600.0   0.0018509
480.0   150.0   0.0020418
1380.0   400.0   0.0005419
600.0   100.0   0.0020346
780.0   100.0   0.0019507
1140.0   300.0   0.0007016
1320.0   500.0   0.0008451
1020.0   600.0   0.0020715
960.0   450.0   0.0015065
1320.0   1   0.0006401
1560.0   550.0   0.0005881
780.0   150.0   0.0013113
1380.0   250.0   0.0006725
360.0   300.0   0.0004136
420.0   150.0   0.0018325
1620.0   500.0   0.0002992
900.0   100.0   0.0017973
960.0   550.0   0.0015333
180.0   1   0.0000759
240.0   50.0   0.0002337
1260.0   450.0   0.0005585
360.0   350.0   0.0001319
1140.0   500.0   0.0008845
1140.0   50.0   0.0009190
1260.0   600.0   0.0008731
1620.0   450.0   0.0002757
60.0   50.0   0.0000000
900.0   400.0   0.0011129
1320.0   100.0   0.0006280
480.0   300.0   0.0013567
720.0   600.0   0.0018682
780.0   1   0.0023774
1080.0   300.0   0.0012461
1380.0   600.0   0.0010023
300.0   50.0   0.0006950
1020.0   200.0   0.0011609
1200.0   1   0.0008764
1260.0   200.0   0.0009339
720.0   1   0.0023057
960.0   100.0   0.0009626
1560.0   500.0   0.0004031
780.0   450.0   0.0021442
720.0   250.0   0.0020202
1500.0   300.0   0.0004854
1320.0   50.0   0.0005011
360.0   50.0   0.0010492
1020.0   450.0   0.0013268
960.0   300.0   0.0009869
1260.0   500.0   0.0005481
240.0   200.0   0.0001999
360.0   150.0   0.0008882
480.0   400.0   0.0008500
1680.0   700.0   0.0006989
1440.0   450.0   0.0004366
420.0   100.0   0.0020355
660.0   400.0   0.0020617
1380.0   450.0   0.0002741
840.0   250.0   0.0012116
960.0   150.0   0.0009370
600.0   1   0.0025138
480.0   450.0   0.0001415
1560.0   650.0   0.0007503
540.0   300.0   0.0020429
1380.0   550.0   0.0004461
1140.0   1   0.0009687
240.0   100.0   0.0001333
720.0   200.0   0.0018550
1620.0   50.0   0.0002871
960.0   1   0.0012709
1380.0   50.0   0.0004840
540.0   100.0   0.0023096
780.0   250.0   0.0016874
1260.0   250.0   0.0006975
1500.0   200.0   0.0005088
1440.0   250.0   0.0005190
540.0   450.0   0.0011903
1500.0   100.0   0.0002601
180.0   50.0   0.0000455
1560.0   200.0   0.0004342
1320.0   250.0   0.0005936
1560.0   1   0.0004978
900.0   350.0   0.0011255
660.0   200.0   0.0020964
1020.0   100.0   0.0011215
1140.0   600.0   0.0012574
360.0   1   0.0014050
1560.0   50.0   0.0001868
780.0   300.0   0.0018203
420.0   1   0.0024615
1080.0   100.0   0.0010081
1260.0   1   0.0008007
1440.0   200.0   0.0002897
720.0   300.0   0.0022187
1680.0   250.0   0.0003308
180.0   150.0   0.0000455
1080.0   200.0   0.0007656
1560.0   450.0   0.0002387
1080.0   500.0   0.0011885
1620.0   700.0   0.0003658
1260.0   350.0   0.0006304
1500.0   350.0   0.0002836
1260.0   100.0   0.0009900
840.0   200.0   0.0016037
840.0   100.0   0.0014335
1500.0   1   0.0002232
1380.0   150.0   0.0006981
1200.0   350.0   0.0005070
660.0   50.0   0.0024753
1200.0   50.0   0.0011706
1680.0   100.0   0.0003044
1380.0   200.0   0.0007325
1320.0   450.0   0.0006445
1320.0   550.0   0.0008895
900.0   150.0   0.0015623
1320.0   200.0   0.0002899
240.0   150.0   0.0001822
1260.0   150.0   0.0007567
1320.0   300.0   0.0006384
900.0   50.0   0.0013928
1320.0   650.0   0.0007201
1500.0   500.0   0.0006094
540.0   1   0.0023186
1200.0   200.0   0.0006606
720.0   550.0   0.0019666
600.0   550.0   0.0006212
600.0   400.0   0.0018973
1500.0   150.0   0.0001228
1620.0   100.0   0.0001250
1680.0   450.0   0.0002568
720.0   400.0   0.0023586
360.0   200.0   0.0007921
1260.0   50.0   0.0005951
1680.0   200.0   0.0001917
840.0   400.0   0.0015040
180.0   100.0   0.0000605
1320.0   700.0   0.0008958
1680.0   650.0   0.0005173
900.0   250.0   0.0011653
1440.0   550.0   0.0007953
660.0   350.0   0.0026863
1380.0   100.0   0.0002165
1140.0   200.0   0.0007595
1020.0   50.0   0.0015831
1080.0   250.0   0.0012377
900.0   600.0   0.0025689
1320.0   150.0   0.0006684
1140.0   650.0   0.0015621
120.0   50.0   0.0000133
1260.0   300.0   0.0008311
780.0   700.0   0.0014521
1080.0   150.0   0.0010593
1500.0   550.0   0.0002941
840.0   650.0   0.0023503
1200.0   300.0   0.0004185
900.0   500.0   0.0022017
1320.0   600.0   0.0011883
660.0   150.0   0.0016015
780.0   350.0   0.0019188
720.0   500.0   0.0024328
840.0   550.0   0.0023687
120.0   1   0.0000000
1560.0   150.0   0.0003793
1320.0   350.0   0.0006427
1620.0   150.0   0.0000617
1620.0   600.0   0.0003513
660.0   250.0   0.0014743
120.0   100.0   0.0000000
