#MA5 EffMap for txName: T5 , Analysis: cms_sus_13_012 , SR: 3NJet6_800HT1000_300MHT450
# Mother Interm Daughter  Eff. 
300.0   250.0   0.0006769
900.0   550.0   0.0303880
420.0   300.0   0.0025909
720.0   700.0   0.0012397
420.0   400.0   0.0008425
1620.0   1   0.0037323
1620.0   550.0   0.0078950
1500.0   50.0   0.0062557
1020.0   150.0   0.0233040
1620.0   200.0   0.0041968
1380.0   650.0   0.0223734
600.0   300.0   0.0201585
1620.0   250.0   0.0045570
780.0   650.0   0.0060741
720.0   150.0   0.0339546
480.0   350.0   0.0032623
1020.0   700.0   0.0314666
1560.0   300.0   0.0060508
540.0   200.0   0.0214752
1680.0   50.0   0.0026455
1200.0   400.0   0.0207362
1440.0   500.0   0.0130336
1560.0   350.0   0.0069048
600.0   150.0   0.0323727
1080.0   1   0.0192161
600.0   450.0   0.0054177
1500.0   250.0   0.0074351
900.0   1   0.0284676
1260.0   550.0   0.0229979
720.0   650.0   0.0032123
1500.0   600.0   0.0126274
1680.0   550.0   0.0072756
1080.0   700.0   0.0376241
1440.0   300.0   0.0084292
1140.0   100.0   0.0174540
780.0   600.0   0.0092231
660.0   450.0   0.0107979
1620.0   300.0   0.0061997
960.0   700.0   0.0209260
300.0   200.0   0.0008806
1260.0   700.0   0.0343321
840.0   300.0   0.0353143
960.0   650.0   0.0295620
660.0   1   0.0360001
1020.0   250.0   0.0248493
1560.0   700.0   0.0136323
1200.0   450.0   0.0241414
720.0   50.0   0.0359809
1440.0   650.0   0.0173453
1440.0   100.0   0.0087172
1020.0   550.0   0.0367268
60.0   1   0.0000000
1140.0   350.0   0.0216922
1680.0   600.0   0.0067879
1080.0   400.0   0.0275286
1200.0   700.0   0.0329702
960.0   250.0   0.0294871
480.0   50.0   0.0233450
1500.0   700.0   0.0175767
420.0   250.0   0.0036912
840.0   1   0.0322282
1080.0   50.0   0.0206485
540.0   250.0   0.0140754
1020.0   1   0.0242875
720.0   450.0   0.0174249
540.0   50.0   0.0298548
1200.0   100.0   0.0142917
960.0   500.0   0.0369727
660.0   500.0   0.0070151
420.0   200.0   0.0063927
420.0   50.0   0.0131447
1620.0   400.0   0.0058154
1140.0   700.0   0.0394353
1080.0   650.0   0.0392795
540.0   400.0   0.0043467
960.0   50.0   0.0252703
1680.0   350.0   0.0051000
960.0   400.0   0.0338098
1440.0   350.0   0.0093151
840.0   450.0   0.0348376
1140.0   400.0   0.0243695
1380.0   350.0   0.0121561
1440.0   1   0.0075483
360.0   100.0   0.0047460
1020.0   650.0   0.0365906
780.0   500.0   0.0198493
840.0   50.0   0.0323644
1260.0   400.0   0.0185194
1140.0   550.0   0.0310654
900.0   200.0   0.0316661
1380.0   1   0.0077628
660.0   550.0   0.0038785
420.0   350.0   0.0012579
1080.0   450.0   0.0279997
1500.0   450.0   0.0093121
1140.0   250.0   0.0199731
1380.0   300.0   0.0111215
780.0   550.0   0.0131814
840.0   350.0   0.0374439
600.0   50.0   0.0323083
1560.0   250.0   0.0058920
600.0   250.0   0.0240580
720.0   350.0   0.0297522
1500.0   650.0   0.0143440
1440.0   400.0   0.0106936
1560.0   400.0   0.0060918
1200.0   550.0   0.0282056
780.0   400.0   0.0321929
1440.0   700.0   0.0202458
1560.0   100.0   0.0056559
1200.0   150.0   0.0155510
540.0   350.0   0.0061079
900.0   450.0   0.0351208
1500.0   400.0   0.0091677
780.0   50.0   0.0328732
1020.0   350.0   0.0283071
1200.0   600.0   0.0291052
960.0   350.0   0.0339791
1380.0   500.0   0.0165469
300.0   150.0   0.0012102
1440.0   600.0   0.0151588
480.0   1   0.0235055
900.0   300.0   0.0316721
840.0   600.0   0.0147755
480.0   200.0   0.0127975
1140.0   150.0   0.0162124
900.0   700.0   0.0109453
1260.0   650.0   0.0284626
1020.0   300.0   0.0276696
1080.0   550.0   0.0329976
660.0   300.0   0.0270034
900.0   650.0   0.0176341
480.0   250.0   0.0077173
1440.0   150.0   0.0072282
540.0   500.0   0.0014885
1680.0   400.0   0.0048836
840.0   700.0   0.0056905
1380.0   700.0   0.0240728
300.0   1   0.0028623
600.0   350.0   0.0121813
1200.0   250.0   0.0146418
840.0   500.0   0.0306567
540.0   150.0   0.0265573
600.0   500.0   0.0032765
360.0   250.0   0.0018229
480.0   100.0   0.0202374
1680.0   500.0   0.0059237
1680.0   150.0   0.0035421
660.0   100.0   0.0338536
1680.0   1   0.0043347
840.0   150.0   0.0341188
1680.0   300.0   0.0045959
1200.0   650.0   0.0356795
1020.0   500.0   0.0348879
1320.0   400.0   0.0136131
660.0   650.0   0.0011445
240.0   1   0.0010645
1560.0   600.0   0.0117468
1620.0   650.0   0.0123484
1140.0   450.0   0.0285018
780.0   200.0   0.0328560
1080.0   350.0   0.0251994
1620.0   350.0   0.0069454
300.0   100.0   0.0019406
1020.0   400.0   0.0312310
960.0   600.0   0.0375381
960.0   200.0   0.0304059
1200.0   500.0   0.0267919
720.0   100.0   0.0369708
660.0   600.0   0.0016857
1440.0   50.0   0.0072261
600.0   200.0   0.0295666
1080.0   600.0   0.0378854
480.0   150.0   0.0170619
1380.0   400.0   0.0118680
600.0   100.0   0.0333218
780.0   100.0   0.0356665
1140.0   300.0   0.0205635
1320.0   500.0   0.0176982
1020.0   600.0   0.0388716
960.0   450.0   0.0353492
1320.0   1   0.0107041
1560.0   550.0   0.0105867
780.0   150.0   0.0345310
1380.0   250.0   0.0100874
360.0   300.0   0.0008273
420.0   150.0   0.0084997
1620.0   500.0   0.0072416
900.0   100.0   0.0300665
960.0   550.0   0.0387164
180.0   1   0.0002429
240.0   50.0   0.0008347
1260.0   450.0   0.0191622
360.0   350.0   0.0004146
1140.0   500.0   0.0284435
1140.0   50.0   0.0156228
1260.0   600.0   0.0250567
1620.0   450.0   0.0057905
60.0   50.0   0.0000000
900.0   400.0   0.0354674
1320.0   100.0   0.0116897
480.0   300.0   0.0049612
720.0   600.0   0.0055135
780.0   1   0.0335160
1080.0   300.0   0.0238412
1380.0   600.0   0.0196761
300.0   50.0   0.0024772
1020.0   200.0   0.0230356
1200.0   1   0.0144834
1260.0   200.0   0.0139198
720.0   1   0.0388126
960.0   100.0   0.0254412
1560.0   500.0   0.0100779
780.0   450.0   0.0268606
720.0   250.0   0.0331224
1500.0   300.0   0.0078277
1320.0   50.0   0.0105591
360.0   50.0   0.0070634
1020.0   450.0   0.0337398
960.0   300.0   0.0315360
1260.0   500.0   0.0217987
240.0   200.0   0.0003498
360.0   150.0   0.0035150
480.0   400.0   0.0021048
1680.0   700.0   0.0091598
1440.0   450.0   0.0122253
420.0   100.0   0.0105885
660.0   400.0   0.0161148
1380.0   450.0   0.0136506
840.0   250.0   0.0362335
960.0   150.0   0.0280315
600.0   1   0.0333079
480.0   450.0   0.0009904
1560.0   650.0   0.0135054
540.0   300.0   0.0109233
1380.0   550.0   0.0156686
1140.0   1   0.0176957
240.0   100.0   0.0005500
720.0   200.0   0.0347680
1620.0   50.0   0.0044017
960.0   1   0.0273777
1380.0   50.0   0.0091427
540.0   100.0   0.0291927
780.0   250.0   0.0364354
1260.0   250.0   0.0135571
1500.0   200.0   0.0069531
1440.0   250.0   0.0081623
540.0   450.0   0.0024850
1500.0   100.0   0.0061908
180.0   50.0   0.0001974
1560.0   200.0   0.0062031
1320.0   250.0   0.0104383
1560.0   1   0.0050335
900.0   350.0   0.0336821
660.0   200.0   0.0335430
1020.0   100.0   0.0242786
1140.0   600.0   0.0332076
360.0   1   0.0071750
1560.0   50.0   0.0043909
780.0   300.0   0.0362354
420.0   1   0.0138704
1080.0   100.0   0.0235215
1260.0   1   0.0131618
1440.0   200.0   0.0088350
720.0   300.0   0.0331477
1680.0   250.0   0.0036862
180.0   150.0   0.0000910
1080.0   200.0   0.0214919
1560.0   450.0   0.0074008
1080.0   500.0   0.0307067
1620.0   700.0   0.0098768
1260.0   350.0   0.0174834
1500.0   350.0   0.0090033
1260.0   100.0   0.0113849
840.0   200.0   0.0326460
840.0   100.0   0.0308626
1500.0   1   0.0060254
1380.0   150.0   0.0105783
1200.0   350.0   0.0177467
660.0   50.0   0.0351564
1200.0   50.0   0.0126636
1680.0   100.0   0.0041094
1380.0   200.0   0.0098886
1320.0   450.0   0.0172029
1320.0   550.0   0.0197164
900.0   150.0   0.0305705
1320.0   200.0   0.0112588
240.0   150.0   0.0005797
1260.0   150.0   0.0115189
1320.0   300.0   0.0124730
900.0   50.0   0.0277276
1320.0   650.0   0.0265950
1500.0   500.0   0.0103082
540.0   1   0.0298289
1200.0   200.0   0.0160758
720.0   550.0   0.0072909
600.0   550.0   0.0016708
600.0   400.0   0.0095171
1500.0   150.0   0.0058957
1620.0   100.0   0.0039373
1680.0   450.0   0.0052102
720.0   400.0   0.0234524
360.0   200.0   0.0026027
1260.0   50.0   0.0133522
1680.0   200.0   0.0039867
840.0   400.0   0.0343861
180.0   100.0   0.0001210
1320.0   700.0   0.0288658
1680.0   650.0   0.0069090
900.0   250.0   0.0321913
1440.0   550.0   0.0149240
660.0   350.0   0.0223995
1380.0   100.0   0.0086613
1140.0   200.0   0.0179436
1020.0   50.0   0.0232043
1080.0   250.0   0.0235162
900.0   600.0   0.0255951
1320.0   150.0   0.0111721
1140.0   650.0   0.0374309
120.0   50.0   0.0000000
1260.0   300.0   0.0161403
780.0   700.0   0.0026547
1080.0   150.0   0.0220805
1500.0   550.0   0.0108080
840.0   650.0   0.0101669
1200.0   300.0   0.0183093
900.0   500.0   0.0341256
1320.0   600.0   0.0215800
660.0   150.0   0.0325574
780.0   350.0   0.0325609
720.0   500.0   0.0114119
840.0   550.0   0.0237393
120.0   1   0.0000133
1560.0   150.0   0.0056476
1320.0   350.0   0.0146346
1620.0   150.0   0.0040723
1620.0   600.0   0.0082203
660.0   250.0   0.0300810
120.0   100.0   0.0000000
