#MA5 EffMap for txName: T5 , Analysis: cms_sus_13_012 , SR: 6NJet8_500HT800_450MHTinf
# Mother Interm Daughter  Eff. 
300.0   250.0   0.0000000
900.0   550.0   0.0007942
420.0   300.0   0.0001178
720.0   700.0   0.0001107
420.0   400.0   0.0000196
1620.0   1   0.0001931
1620.0   550.0   0.0002163
1500.0   50.0   0.0003037
1020.0   150.0   0.0006311
1620.0   200.0   0.0002152
1380.0   650.0   0.0004251
600.0   300.0   0.0005161
1620.0   250.0   0.0001439
780.0   650.0   0.0003853
720.0   150.0   0.0007246
480.0   350.0   0.0000811
1020.0   700.0   0.0013681
1560.0   300.0   0.0002161
540.0   200.0   0.0006279
1680.0   50.0   0.0002684
1200.0   400.0   0.0012898
1440.0   500.0   0.0003306
1560.0   350.0   0.0000000
600.0   150.0   0.0009833
1080.0   1   0.0008295
600.0   450.0   0.0002125
1500.0   250.0   0.0004219
900.0   1   0.0010578
1260.0   550.0   0.0003883
720.0   650.0   0.0002753
1500.0   600.0   0.0002317
1680.0   550.0   0.0003358
1080.0   700.0   0.0009381
1440.0   300.0   0.0001983
1140.0   100.0   0.0003552
780.0   600.0   0.0005047
660.0   450.0   0.0006196
1620.0   300.0   0.0002138
960.0   700.0   0.0006766
300.0   200.0   0.0000352
1260.0   700.0   0.0001016
840.0   300.0   0.0008556
960.0   650.0   0.0010215
660.0   1   0.0011386
1020.0   250.0   0.0005479
1560.0   700.0   0.0004927
1200.0   450.0   0.0010101
720.0   50.0   0.0012919
1440.0   650.0   0.0003874
1440.0   100.0   0.0002382
1020.0   550.0   0.0007166
60.0   1   0.0000000
1140.0   350.0   0.0006524
1680.0   600.0   0.0001107
1080.0   400.0   0.0005328
1200.0   700.0   0.0012533
960.0   250.0   0.0010788
480.0   50.0   0.0004847
1500.0   700.0   0.0003342
420.0   250.0   0.0001382
840.0   1   0.0011280
1080.0   50.0   0.0008378
540.0   250.0   0.0003561
1020.0   1   0.0011655
720.0   450.0   0.0006693
540.0   50.0   0.0007093
1200.0   100.0   0.0003153
960.0   500.0   0.0006515
660.0   500.0   0.0004823
420.0   200.0   0.0000586
420.0   50.0   0.0002943
1620.0   400.0   0.0000000
1140.0   700.0   0.0010183
1080.0   650.0   0.0008471
540.0   400.0   0.0002080
960.0   50.0   0.0007854
1680.0   350.0   0.0000718
960.0   400.0   0.0007912
1440.0   350.0   0.0002942
840.0   450.0   0.0009810
1140.0   400.0   0.0007964
1380.0   350.0   0.0003256
1440.0   1   0.0002451
360.0   100.0   0.0000938
1020.0   650.0   0.0008566
780.0   500.0   0.0011196
840.0   50.0   0.0007244
1260.0   400.0   0.0004939
1140.0   550.0   0.0005111
900.0   200.0   0.0006554
1380.0   1   0.0003647
660.0   550.0   0.0002397
420.0   350.0   0.0000786
1080.0   450.0   0.0008057
1500.0   450.0   0.0001369
1140.0   250.0   0.0006999
1380.0   300.0   0.0004931
780.0   550.0   0.0007927
840.0   350.0   0.0007927
600.0   50.0   0.0010813
1560.0   250.0   0.0003273
600.0   250.0   0.0005774
720.0   350.0   0.0008029
1500.0   650.0   0.0005442
1440.0   400.0   0.0002890
1560.0   400.0   0.0003024
1200.0   550.0   0.0003864
780.0   400.0   0.0008076
1440.0   700.0   0.0002508
1560.0   100.0   0.0003041
1200.0   150.0   0.0007888
540.0   350.0   0.0002099
900.0   450.0   0.0009063
1500.0   400.0   0.0000797
780.0   50.0   0.0008916
1020.0   350.0   0.0004625
1200.0   600.0   0.0003021
960.0   350.0   0.0005843
1380.0   500.0   0.0001089
300.0   150.0   0.0000178
1440.0   600.0   0.0002178
480.0   1   0.0005490
900.0   300.0   0.0011427
840.0   600.0   0.0010308
480.0   200.0   0.0003835
1140.0   150.0   0.0005743
900.0   700.0   0.0004790
1260.0   650.0   0.0008018
1020.0   300.0   0.0005242
1080.0   550.0   0.0007779
660.0   300.0   0.0008103
900.0   650.0   0.0007444
480.0   250.0   0.0001625
1440.0   150.0   0.0002362
540.0   500.0   0.0000210
1680.0   400.0   0.0002203
840.0   700.0   0.0005769
1380.0   700.0   0.0002645
300.0   1   0.0000894
600.0   350.0   0.0005790
1200.0   250.0   0.0001118
840.0   500.0   0.0006484
540.0   150.0   0.0004381
600.0   500.0   0.0000857
360.0   250.0   0.0000188
480.0   100.0   0.0005267
1680.0   500.0   0.0001472
1680.0   150.0   0.0000746
660.0   100.0   0.0008938
1680.0   1   0.0001970
840.0   150.0   0.0010691
1680.0   300.0   0.0001139
1200.0   650.0   0.0006824
1020.0   500.0   0.0006896
1320.0   400.0   0.0000983
660.0   650.0   0.0001477
240.0   1   0.0000000
1560.0   600.0   0.0003388
1620.0   650.0   0.0003250
1140.0   450.0   0.0007917
780.0   200.0   0.0007507
1080.0   350.0   0.0006118
1620.0   350.0   0.0001447
300.0   100.0   0.0000890
1020.0   400.0   0.0008409
960.0   600.0   0.0010535
960.0   200.0   0.0006600
1200.0   500.0   0.0002966
720.0   100.0   0.0009407
660.0   600.0   0.0000876
1440.0   50.0   0.0002852
600.0   200.0   0.0008775
1080.0   600.0   0.0009833
480.0   150.0   0.0004447
1380.0   400.0   0.0002710
600.0   100.0   0.0011517
780.0   100.0   0.0007279
1140.0   300.0   0.0005397
1320.0   500.0   0.0002486
1020.0   600.0   0.0010967
960.0   450.0   0.0007533
1320.0   1   0.0004267
1560.0   550.0   0.0003676
780.0   150.0   0.0010199
1380.0   250.0   0.0003362
360.0   300.0   0.0000376
420.0   150.0   0.0002339
1620.0   500.0   0.0002992
900.0   100.0   0.0010784
960.0   550.0   0.0009857
180.0   1   0.0000000
240.0   50.0   0.0000000
1260.0   450.0   0.0003867
360.0   350.0   0.0000377
1140.0   500.0   0.0007463
1140.0   50.0   0.0004948
1260.0   600.0   0.0004365
1620.0   450.0   0.0002206
60.0   50.0   0.0000000
900.0   400.0   0.0007908
1320.0   100.0   0.0004347
480.0   300.0   0.0001822
720.0   600.0   0.0004557
780.0   1   0.0008698
1080.0   300.0   0.0005815
1380.0   600.0   0.0003693
300.0   50.0   0.0000891
1020.0   200.0   0.0007332
1200.0   1   0.0008303
1260.0   200.0   0.0005337
720.0   1   0.0012970
960.0   100.0   0.0004584
1560.0   500.0   0.0002687
780.0   450.0   0.0007147
720.0   250.0   0.0007548
1500.0   300.0   0.0004248
1320.0   50.0   0.0003579
360.0   50.0   0.0000937
1020.0   450.0   0.0005055
960.0   300.0   0.0007177
1260.0   500.0   0.0006325
240.0   200.0   0.0000000
360.0   150.0   0.0000756
480.0   400.0   0.0000810
1680.0   700.0   0.0001104
1440.0   450.0   0.0001941
420.0   100.0   0.0002740
660.0   400.0   0.0008836
1380.0   450.0   0.0003289
840.0   250.0   0.0009465
960.0   150.0   0.0007808
600.0   1   0.0008529
480.0   450.0   0.0000606
1560.0   650.0   0.0002001
540.0   300.0   0.0002918
1380.0   550.0   0.0004461
1140.0   1   0.0010333
240.0   100.0   0.0000000
720.0   200.0   0.0006267
1620.0   50.0   0.0003349
960.0   1   0.0011121
1380.0   50.0   0.0004840
540.0   100.0   0.0008739
780.0   250.0   0.0010296
1260.0   250.0   0.0002180
1500.0   200.0   0.0002261
1440.0   250.0   0.0001415
540.0   450.0   0.0001253
1500.0   100.0   0.0004162
180.0   50.0   0.0000000
1560.0   200.0   0.0001241
1320.0   250.0   0.0000989
1560.0   1   0.0001659
900.0   350.0   0.0010421
660.0   200.0   0.0008517
1020.0   100.0   0.0006668
1140.0   600.0   0.0008573
360.0   1   0.0002061
1560.0   50.0   0.0000934
780.0   300.0   0.0009670
420.0   1   0.0002540
1080.0   100.0   0.0007392
1260.0   1   0.0004004
1440.0   200.0   0.0001931
720.0   300.0   0.0008209
1680.0   250.0   0.0001418
180.0   150.0   0.0000152
1080.0   200.0   0.0007656
1560.0   450.0   0.0001194
1080.0   500.0   0.0006910
1620.0   700.0   0.0002439
1260.0   350.0   0.0005043
1500.0   350.0   0.0002127
1260.0   100.0   0.0004243
840.0   200.0   0.0009622
840.0   100.0   0.0008011
1500.0   1   0.0001116
1380.0   150.0   0.0002148
1200.0   350.0   0.0003042
660.0   50.0   0.0008028
1200.0   50.0   0.0001064
1680.0   100.0   0.0001522
1380.0   200.0   0.0004709
1320.0   450.0   0.0003966
1320.0   550.0   0.0006424
900.0   150.0   0.0008023
1320.0   200.0   0.0005799
240.0   150.0   0.0000497
1260.0   150.0   0.0002102
1320.0   300.0   0.0003437
900.0   50.0   0.0008512
1320.0   650.0   0.0005281
1500.0   500.0   0.0001523
540.0   1   0.0005849
1200.0   200.0   0.0007708
720.0   550.0   0.0003837
600.0   550.0   0.0001928
600.0   400.0   0.0004896
1500.0   150.0   0.0001228
1620.0   100.0   0.0000625
1680.0   450.0   0.0002568
720.0   400.0   0.0009123
360.0   200.0   0.0000377
1260.0   50.0   0.0005207
1680.0   200.0   0.0001917
840.0   400.0   0.0008431
180.0   100.0   0.0000000
1320.0   700.0   0.0003981
1680.0   650.0   0.0001847
900.0   250.0   0.0009905
1440.0   550.0   0.0002807
660.0   350.0   0.0006612
1380.0   100.0   0.0007037
1140.0   200.0   0.0006646
1020.0   50.0   0.0006333
1080.0   250.0   0.0007073
900.0   600.0   0.0008720
1320.0   150.0   0.0003342
1140.0   650.0   0.0007210
120.0   50.0   0.0000000
1260.0   300.0   0.0004374
780.0   700.0   0.0001361
1080.0   150.0   0.0006356
1500.0   550.0   0.0002573
840.0   650.0   0.0006866
1200.0   300.0   0.0002092
900.0   500.0   0.0006505
1320.0   600.0   0.0005704
660.0   150.0   0.0009214
780.0   350.0   0.0011218
720.0   500.0   0.0007298
840.0   550.0   0.0011054
120.0   1   0.0000000
1560.0   150.0   0.0002950
1320.0   350.0   0.0001978
1620.0   150.0   0.0001234
1620.0   600.0   0.0003513
660.0   250.0   0.0007922
120.0   100.0   0.0000000
