#MA5 EffMap for txName: T5 , Analysis: cms_sus_13_012 , SR: 8NJetinf_800HT1000_200MHTinf
# Mother Interm Daughter  Eff. 
60.0   1   0.0000000
480.0   200.0   0.0001401
1260.0   300.0   0.0001138
1440.0   1   0.0000725
600.0   450.0   0.0001573
1500.0   200.0   0.0000000
780.0   1   0.0002662
1020.0   700.0   0.0002858
720.0   250.0   0.0005251
1080.0   400.0   0.0000475
1080.0   1   0.0000476
900.0   700.0   0.0002162
780.0   150.0   0.0003913
1620.0   500.0   0.0000000
1380.0   450.0   0.0000974
1560.0   150.0   0.0000000
420.0   150.0   0.0000000
1260.0   600.0   0.0001765
780.0   300.0   0.0002321
240.0   1   0.0000159
300.0   50.0   0.0001195
1380.0   50.0   0.0000673
900.0   250.0   0.0004288
540.0   350.0   0.0000000
1080.0   650.0   0.0002444
840.0   200.0   0.0002225
120.0   1   0.0000000
1320.0   400.0   0.0002262
1200.0   400.0   0.0002463
1680.0   400.0   0.0000363
1680.0   450.0   0.0000277
1440.0   450.0   0.0001324
1200.0   650.0   0.0002776
1560.0   1   0.0000000
600.0   400.0   0.0000881
960.0   550.0   0.0001364
1260.0   700.0   0.0002450
1620.0   350.0   0.0000805
1140.0   100.0   0.0000441
1560.0   600.0   0.0001410
1620.0   550.0   0.0000833
1320.0   600.0   0.0002702
480.0   100.0   0.0005952
720.0   150.0   0.0007819
1500.0   400.0   0.0001040
1020.0   650.0   0.0000365
1020.0   600.0   0.0001879
540.0   1   0.0004566
960.0   450.0   0.0001208
1440.0   250.0   0.0000666
1140.0   600.0   0.0002066
1680.0   1   0.0000000
1140.0   1   0.0000624
1020.0   550.0   0.0003507
1320.0   450.0   0.0001294
1200.0   50.0   0.0001244
1620.0   200.0   0.0000692
360.0   50.0   0.0003327
300.0   100.0   0.0000518
960.0   600.0   0.0002931
1260.0   200.0   0.0000852
1320.0   650.0   0.0002627
1440.0   100.0   0.0001329
840.0   450.0   0.0003793
1080.0   150.0   0.0001881
600.0   150.0   0.0006940
840.0   550.0   0.0000804
1020.0   400.0   0.0003179
780.0   450.0   0.0001946
1500.0   250.0   0.0000506
900.0   150.0   0.0003682
1560.0   50.0   0.0000000
1560.0   550.0   0.0000397
1380.0   250.0   0.0001044
1140.0   550.0   0.0002479
540.0   500.0   0.0000420
1380.0   550.0   0.0001496
840.0   250.0   0.0004506
360.0   1   0.0001071
480.0   250.0   0.0000759
780.0   600.0   0.0001928
1560.0   450.0   0.0001145
840.0   400.0   0.0001567
1140.0   250.0   0.0001846
540.0   100.0   0.0004624
1500.0   450.0   0.0000959
1440.0   150.0   0.0000290
420.0   300.0   0.0000193
1440.0   50.0   0.0001079
1620.0   250.0   0.0001305
1440.0   400.0   0.0000352
1200.0   550.0   0.0001699
600.0   50.0   0.0004830
1200.0   500.0   0.0001872
1500.0   50.0   0.0000939
1320.0   100.0   0.0000000
480.0   300.0   0.0000794
240.0   150.0   0.0000000
1080.0   700.0   0.0000573
660.0   500.0   0.0001670
1260.0   250.0   0.0000804
1200.0   450.0   0.0003407
1380.0   500.0   0.0002080
1260.0   150.0   0.0000706
1020.0   350.0   0.0002282
840.0   500.0   0.0002422
1680.0   500.0   0.0000379
660.0   1   0.0002963
780.0   100.0   0.0005121
1320.0   200.0   0.0002275
1620.0   150.0   0.0000000
720.0   400.0   0.0002084
1440.0   500.0   0.0001797
900.0   1   0.0001293
420.0   350.0   0.0000388
1500.0   300.0   0.0000000
240.0   200.0   0.0000000
660.0   300.0   0.0002385
600.0   100.0   0.0009760
840.0   650.0   0.0002065
1260.0   350.0   0.0001002
660.0   100.0   0.0005302
1620.0   300.0   0.0001050
1680.0   550.0   0.0000376
1560.0   350.0   0.0000612
1560.0   250.0   0.0000547
720.0   100.0   0.0006573
960.0   400.0   0.0005180
960.0   300.0   0.0001797
1380.0   400.0   0.0000815
600.0   300.0   0.0001992
960.0   350.0   0.0004201
1260.0   1   0.0000000
420.0   1   0.0002622
1620.0   400.0   0.0000949
780.0   500.0   0.0003523
720.0   600.0   0.0000470
720.0   500.0   0.0000574
660.0   600.0   0.0000769
1620.0   600.0   0.0000401
1080.0   600.0   0.0002596
1080.0   450.0   0.0001822
660.0   400.0   0.0000788
300.0   200.0   0.0000000
480.0   400.0   0.0001013
1380.0   150.0   0.0000450
1500.0   700.0   0.0001309
1500.0   650.0   0.0000326
360.0   300.0   0.0000563
900.0   500.0   0.0000000
840.0   350.0   0.0004768
1680.0   50.0   0.0000000
1500.0   350.0   0.0000784
1080.0   250.0   0.0001623
480.0   1   0.0001574
720.0   450.0   0.0003082
840.0   150.0   0.0004987
1200.0   700.0   0.0001740
540.0   50.0   0.0004455
660.0   450.0   0.0001344
1020.0   450.0   0.0000863
1140.0   450.0   0.0002553
1020.0   1   0.0000000
540.0   200.0   0.0003806
600.0   250.0   0.0003261
540.0   250.0   0.0001992
1080.0   550.0   0.0003513
1320.0   700.0   0.0002106
1260.0   50.0   0.0000309
1440.0   550.0   0.0001826
1680.0   250.0   0.0000000
1200.0   100.0   0.0000627
1320.0   1   0.0000317
420.0   250.0   0.0000383
600.0   200.0   0.0004917
1560.0   300.0   0.0000650
1680.0   600.0   0.0000227
1380.0   700.0   0.0001469
780.0   700.0   0.0000828
1320.0   500.0   0.0000000
720.0   300.0   0.0005176
960.0   100.0   0.0003422
900.0   450.0   0.0001124
780.0   250.0   0.0004407
720.0   550.0   0.0001435
1440.0   350.0   0.0000543
780.0   200.0   0.0006020
1680.0   300.0   0.0000332
1320.0   550.0   0.0001728
780.0   650.0   0.0001951
1320.0   300.0   0.0001025
180.0   1   0.0000148
1380.0   1   0.0000220
180.0   50.0   0.0000150
1200.0   350.0   0.0001451
1560.0   100.0   0.0000000
600.0   550.0   0.0000535
1380.0   600.0   0.0001620
720.0   50.0   0.0006217
1260.0   650.0   0.0003269
900.0   200.0   0.0004369
1560.0   400.0   0.0000000
960.0   500.0   0.0002732
1320.0   150.0   0.0000325
900.0   400.0   0.0003179
600.0   350.0   0.0002110
1440.0   600.0   0.0001710
1140.0   400.0   0.0003744
420.0   100.0   0.0003271
780.0   350.0   0.0003166
1620.0   1   0.0000000
1560.0   500.0   0.0000832
1080.0   300.0   0.0000918
1680.0   350.0   0.0000755
1020.0   250.0   0.0004089
240.0   50.0   0.0000648
1680.0   100.0   0.0000801
1560.0   700.0   0.0000541
1260.0   400.0   0.0002082
540.0   300.0   0.0002154
1440.0   300.0   0.0000943
1620.0   50.0   0.0000000
1260.0   100.0   0.0000773
1260.0   500.0   0.0002376
1260.0   450.0   0.0002266
1200.0   300.0   0.0002364
1140.0   350.0   0.0001883
960.0   150.0   0.0002418
1440.0   650.0   0.0001041
1380.0   350.0   0.0002725
300.0   1   0.0000496
1080.0   100.0   0.0002150
900.0   100.0   0.0003476
1380.0   200.0   0.0001479
1680.0   200.0   0.0000000
1620.0   450.0   0.0001656
780.0   550.0   0.0001964
420.0   200.0   0.0001135
1020.0   50.0   0.0000856
1200.0   1   0.0000446
900.0   600.0   0.0002037
540.0   150.0   0.0003548
840.0   50.0   0.0002636
1140.0   300.0   0.0001462
1140.0   650.0   0.0001663
1560.0   200.0   0.0000353
1140.0   200.0   0.0000972
480.0   50.0   0.0006646
360.0   150.0   0.0000364
360.0   250.0   0.0000374
660.0   250.0   0.0002084
1140.0   700.0   0.0003253
360.0   100.0   0.0001243
960.0   650.0   0.0002304
840.0   700.0   0.0001577
1440.0   200.0   0.0002265
900.0   550.0   0.0001773
900.0   350.0   0.0003686
300.0   250.0   0.0000178
300.0   150.0   0.0000702
840.0   300.0   0.0003309
1140.0   150.0   0.0000000
1020.0   100.0   0.0001280
1500.0   150.0   0.0000000
360.0   200.0   0.0000554
120.0   50.0   0.0000133
1320.0   50.0   0.0000509
1200.0   250.0   0.0001841
900.0   300.0   0.0002355
1680.0   700.0   0.0001064
1020.0   300.0   0.0002687
1500.0   100.0   0.0000976
1380.0   100.0   0.0000000
660.0   200.0   0.0003956
780.0   400.0   0.0001095
1380.0   650.0   0.0001994
960.0   250.0   0.0002559
960.0   700.0   0.0002676
660.0   350.0   0.0001936
900.0   650.0   0.0000603
1200.0   150.0   0.0001945
720.0   650.0   0.0000739
1260.0   550.0   0.0000771
960.0   1   0.0000000
1680.0   650.0   0.0000819
840.0   100.0   0.0004443
720.0   350.0   0.0003516
1320.0   350.0   0.0001782
1020.0   500.0   0.0003601
780.0   50.0   0.0002040
180.0   100.0   0.0000000
1620.0   100.0   0.0000000
660.0   150.0   0.0007207
960.0   50.0   0.0001795
600.0   500.0   0.0000000
1620.0   700.0   0.0000891
1560.0   650.0   0.0000351
840.0   600.0   0.0001744
900.0   50.0   0.0000832
1200.0   200.0   0.0001056
720.0   200.0   0.0005588
1440.0   700.0   0.0001626
1500.0   550.0   0.0002062
1080.0   350.0   0.0004283
1200.0   600.0   0.0000673
1080.0   50.0   0.0000459
1320.0   250.0   0.0000349
720.0   1   0.0002374
1080.0   200.0   0.0004159
240.0   100.0   0.0000654
420.0   50.0   0.0003518
1680.0   150.0   0.0000330
1380.0   300.0   0.0001813
1020.0   200.0   0.0000894
480.0   150.0   0.0002798
600.0   1   0.0002078
540.0   450.0   0.0000827
1140.0   500.0   0.0002711
540.0   400.0   0.0000942
660.0   50.0   0.0005832
840.0   1   0.0000953
660.0   550.0   0.0001213
1500.0   1   0.0000000
960.0   200.0   0.0003332
1500.0   500.0   0.0000640
1500.0   600.0   0.0000463
1020.0   150.0   0.0002929
1080.0   500.0   0.0001767
1140.0   50.0   0.0001698
480.0   350.0   0.0000803
1620.0   650.0   0.0001543
