#MA5 EffMap for txName: T5 , Analysis: atlas_susy_2013_04 , SR: GtGrid_SR_7ej80_1bjet
# Mother Interm Daughter  Eff. 
1500.0   80.0   0.0073810
720.0   600.0   0.0000000
960.0   200.0   0.0043663
600.0   400.0   0.0002541
840.0   640.0   0.0003459
780.0   280.0   0.0022977
1440.0   240.0   0.0068793
1140.0   600.0   0.0032023
1080.0   440.0   0.0041238
1500.0   200.0   0.0077405
1500.0   40.0   0.0079212
240.0   80.0   0.0000656
1680.0   680.0   0.0063435
720.0   360.0   0.0012624
660.0   1   0.0021178
1200.0   480.0   0.0045933
1020.0   1   0.0052030
1680.0   640.0   0.0067142
600.0   40.0   0.0016248
1620.0   640.0   0.0065640
1080.0   360.0   0.0046749
720.0   160.0   0.0024310
840.0   480.0   0.0015957
540.0   440.0   0.0000403
120.0   1   0.0000000
1440.0   400.0   0.0069900
1380.0   400.0   0.0062427
1680.0   1   0.0083791
780.0   520.0   0.0008113
1380.0   1   0.0060914
540.0   480.0   0.0000000
1620.0   680.0   0.0057057
600.0   440.0   0.0001558
540.0   160.0   0.0012239
660.0   640.0   0.0000000
1500.0   640.0   0.0070364
1200.0   520.0   0.0046376
480.0   200.0   0.0004268
1200.0   560.0   0.0041346
1080.0   680.0   0.0021901
840.0   80.0   0.0034169
1380.0   80.0   0.0067247
780.0   1   0.0027821
1020.0   400.0   0.0044610
1380.0   520.0   0.0056915
1680.0   480.0   0.0072226
1320.0   640.0   0.0048872
720.0   640.0   0.0000213
1440.0   80.0   0.0068919
1440.0   1   0.0068556
480.0   360.0   0.0000000
1440.0   200.0   0.0067318
1620.0   360.0   0.0080057
1500.0   320.0   0.0073999
1320.0   680.0   0.0048734
480.0   1   0.0008752
960.0   80.0   0.0041764
1560.0   280.0   0.0074171
1500.0   1   0.0070710
1380.0   320.0   0.0063167
660.0   120.0   0.0020204
480.0   40.0   0.0008623
1140.0   40.0   0.0054865
1080.0   480.0   0.0036351
1500.0   520.0   0.0071707
1560.0   120.0   0.0074309
900.0   520.0   0.0025355
420.0   200.0   0.0001916
660.0   600.0   0.0000000
1020.0   520.0   0.0028245
1560.0   160.0   0.0084986
660.0   560.0   0.0000000
780.0   120.0   0.0033542
600.0   360.0   0.0007573
1260.0   640.0   0.0041996
1200.0   200.0   0.0058515
720.0   440.0   0.0007223
1140.0   480.0   0.0042817
1380.0   120.0   0.0067921
540.0   240.0   0.0008149
1500.0   560.0   0.0062545
960.0   640.0   0.0015023
720.0   280.0   0.0027610
780.0   560.0   0.0006651
900.0   200.0   0.0037979
600.0   160.0   0.0017403
60.0   40.0   0.0000000
1680.0   160.0   0.0093209
1080.0   80.0   0.0047455
780.0   480.0   0.0008988
960.0   440.0   0.0026406
1680.0   120.0   0.0073873
1380.0   680.0   0.0055232
1140.0   200.0   0.0049957
1680.0   200.0   0.0087925
780.0   80.0   0.0032240
1260.0   240.0   0.0058088
360.0   240.0   0.0000369
300.0   1   0.0001036
960.0   400.0   0.0035111
300.0   40.0   0.0000867
1680.0   600.0   0.0073556
720.0   200.0   0.0021728
1380.0   200.0   0.0075598
1140.0   320.0   0.0053760
1560.0   440.0   0.0067864
1440.0   520.0   0.0061150
1320.0   1   0.0065363
1260.0   80.0   0.0060310
1440.0   280.0   0.0067581
1200.0   640.0   0.0041358
960.0   120.0   0.0044882
960.0   160.0   0.0043323
660.0   240.0   0.0015414
1020.0   240.0   0.0040440
540.0   280.0   0.0006367
540.0   40.0   0.0013393
1320.0   40.0   0.0059950
1020.0   640.0   0.0025426
660.0   360.0   0.0010760
540.0   400.0   0.0000000
1440.0   480.0   0.0066624
420.0   400.0   0.0000000
420.0   320.0   0.0000000
720.0   480.0   0.0006124
960.0   480.0   0.0027849
840.0   120.0   0.0035478
660.0   520.0   0.0001043
600.0   560.0   0.0000000
1500.0   440.0   0.0068903
660.0   400.0   0.0007081
600.0   520.0   0.0000000
780.0   160.0   0.0027769
300.0   240.0   0.0000353
480.0   400.0   0.0000394
1560.0   640.0   0.0064835
720.0   680.0   0.0000000
720.0   120.0   0.0025706
840.0   200.0   0.0032288
1560.0   80.0   0.0075996
900.0   480.0   0.0024862
1680.0   80.0   0.0073454
600.0   120.0   0.0019304
540.0   520.0   0.0000000
960.0   240.0   0.0044130
660.0   200.0   0.0018455
180.0   80.0   0.0000151
1320.0   480.0   0.0056636
1200.0   680.0   0.0031690
840.0   240.0   0.0029010
660.0   40.0   0.0017588
900.0   400.0   0.0027541
1320.0   520.0   0.0055384
240.0   120.0   0.0000000
1680.0   360.0   0.0089916
900.0   680.0   0.0007641
720.0   1   0.0022989
720.0   320.0   0.0018454
300.0   160.0   0.0000525
1260.0   280.0   0.0066589
420.0   280.0   0.0001527
600.0   80.0   0.0016255
1680.0   280.0   0.0077747
1020.0   40.0   0.0045150
1260.0   120.0   0.0063374
1020.0   200.0   0.0041073
1620.0   160.0   0.0072093
900.0   560.0   0.0015666
1320.0   120.0   0.0063797
120.0   40.0   0.0000133
360.0   80.0   0.0002725
1320.0   560.0   0.0055005
1020.0   480.0   0.0040007
1140.0   1   0.0055469
60.0   1   0.0000000
240.0   40.0   0.0000328
660.0   280.0   0.0010815
1200.0   40.0   0.0054861
1440.0   680.0   0.0055100
840.0   400.0   0.0028736
720.0   400.0   0.0016058
1200.0   240.0   0.0055737
1560.0   40.0   0.0075664
1500.0   240.0   0.0083197
1560.0   1   0.0068736
1140.0   400.0   0.0046175
1560.0   680.0   0.0072142
1380.0   560.0   0.0052876
900.0   280.0   0.0032930
1680.0   40.0   0.0076427
1260.0   1   0.0054929
1620.0   560.0   0.0066013
1320.0   200.0   0.0059613
480.0   280.0   0.0002353
960.0   360.0   0.0036170
1140.0   280.0   0.0046249
960.0   40.0   0.0047458
1320.0   280.0   0.0058326
360.0   280.0   0.0000000
1080.0   200.0   0.0051008
1380.0   280.0   0.0060351
1380.0   240.0   0.0061430
540.0   80.0   0.0012166
540.0   320.0   0.0003808
900.0   1   0.0039527
1620.0   320.0   0.0066198
480.0   440.0   0.0000000
1560.0   200.0   0.0074442
1380.0   640.0   0.0054119
1320.0   360.0   0.0063105
120.0   80.0   0.0000000
1020.0   320.0   0.0041281
1560.0   480.0   0.0062882
1140.0   520.0   0.0035150
240.0   200.0   0.0000000
1140.0   360.0   0.0053340
1620.0   520.0   0.0063970
780.0   400.0   0.0019387
1200.0   440.0   0.0047674
540.0   360.0   0.0002631
180.0   1   0.0000000
1200.0   280.0   0.0049653
1380.0   360.0   0.0062692
1260.0   600.0   0.0045833
1020.0   360.0   0.0037173
1260.0   160.0   0.0065766
660.0   160.0   0.0016970
600.0   1   0.0016530
900.0   360.0   0.0027996
1560.0   600.0   0.0070668
1200.0   320.0   0.0060133
1020.0   280.0   0.0045360
780.0   240.0   0.0027126
300.0   200.0   0.0000176
1140.0   80.0   0.0056611
1260.0   520.0   0.0047227
1140.0   160.0   0.0053535
1680.0   440.0   0.0080358
300.0   280.0   0.0000000
1440.0   560.0   0.0057179
720.0   240.0   0.0020746
1380.0   40.0   0.0075694
1620.0   240.0   0.0073943
960.0   280.0   0.0041805
900.0   440.0   0.0025303
780.0   680.0   0.0000432
360.0   40.0   0.0001982
840.0   40.0   0.0034115
1080.0   320.0   0.0044067
900.0   120.0   0.0043953
1500.0   120.0   0.0075611
1080.0   280.0   0.0048493
180.0   120.0   0.0000000
300.0   120.0   0.0000350
900.0   320.0   0.0030162
900.0   160.0   0.0044851
1680.0   520.0   0.0077855
1380.0   480.0   0.0060699
720.0   560.0   0.0002336
840.0   560.0   0.0010343
780.0   360.0   0.0020651
420.0   80.0   0.0004507
1080.0   1   0.0053683
1080.0   120.0   0.0051899
600.0   320.0   0.0004695
660.0   80.0   0.0021499
1380.0   600.0   0.0054830
1020.0   560.0   0.0030052
1440.0   600.0   0.0054188
660.0   440.0   0.0006445
960.0   1   0.0040191
900.0   600.0   0.0015292
960.0   680.0   0.0010984
960.0   560.0   0.0022030
1260.0   680.0   0.0041970
840.0   520.0   0.0013303
720.0   80.0   0.0023285
1500.0   680.0   0.0069320
1200.0   400.0   0.0052374
900.0   240.0   0.0036346
420.0   160.0   0.0005069
360.0   200.0   0.0001105
1500.0   280.0   0.0087188
780.0   40.0   0.0032263
1260.0   440.0   0.0048776
480.0   320.0   0.0002154
1500.0   480.0   0.0066716
1260.0   480.0   0.0060349
1260.0   320.0   0.0057112
1500.0   600.0   0.0078012
1680.0   240.0   0.0084935
600.0   200.0   0.0011258
660.0   320.0   0.0010647
960.0   320.0   0.0038166
1140.0   640.0   0.0029819
540.0   200.0   0.0011119
1680.0   400.0   0.0071664
1440.0   320.0   0.0066303
1440.0   160.0   0.0070349
1020.0   120.0   0.0049884
780.0   640.0   0.0000413
1080.0   600.0   0.0029965
1620.0   120.0   0.0088827
1500.0   160.0   0.0069302
1620.0   200.0   0.0073970
900.0   640.0   0.0009775
840.0   1   0.0034035
1320.0   240.0   0.0069748
1680.0   560.0   0.0073910
1140.0   120.0   0.0049688
840.0   280.0   0.0031460
1320.0   160.0   0.0073232
1560.0   400.0   0.0078426
1080.0   240.0   0.0050170
420.0   360.0   0.0000000
1320.0   80.0   0.0063401
1020.0   680.0   0.0013885
180.0   40.0   0.0000000
1260.0   40.0   0.0063190
1260.0   560.0   0.0053182
720.0   520.0   0.0002739
1560.0   320.0   0.0069661
1620.0   80.0   0.0081298
1440.0   440.0   0.0064257
1200.0   600.0   0.0042583
540.0   1   0.0011576
1560.0   520.0   0.0083303
1440.0   40.0   0.0060985
1080.0   160.0   0.0051715
840.0   160.0   0.0029493
420.0   120.0   0.0005086
1620.0   280.0   0.0094857
1620.0   40.0   0.0079740
1200.0   1   0.0057983
480.0   240.0   0.0003326
1560.0   240.0   0.0076580
780.0   200.0   0.0027479
1200.0   80.0   0.0061334
840.0   440.0   0.0020543
1020.0   440.0   0.0039876
960.0   600.0   0.0020909
1080.0   40.0   0.0050337
840.0   320.0   0.0024740
300.0   80.0   0.0000702
1080.0   400.0   0.0044369
600.0   480.0   0.0001030
1620.0   1   0.0077500
1080.0   560.0   0.0035876
1440.0   120.0   0.0072178
1020.0   80.0   0.0051130
1320.0   600.0   0.0048885
1260.0   360.0   0.0057823
1140.0   440.0   0.0040155
1200.0   160.0   0.0059533
840.0   680.0   0.0001044
780.0   320.0   0.0022424
720.0   40.0   0.0023972
600.0   280.0   0.0010104
1200.0   120.0   0.0062688
1500.0   360.0   0.0077688
1260.0   400.0   0.0057379
1140.0   240.0   0.0054860
1620.0   440.0   0.0078772
1620.0   480.0   0.0084947
960.0   520.0   0.0026934
1440.0   640.0   0.0058976
360.0   120.0   0.0001278
780.0   600.0   0.0003775
1440.0   360.0   0.0070432
1560.0   360.0   0.0076095
1020.0   160.0   0.0053846
1620.0   600.0   0.0069208
1320.0   400.0   0.0050013
1560.0   560.0   0.0071112
1620.0   400.0   0.0077573
840.0   600.0   0.0006008
1320.0   440.0   0.0055198
1320.0   320.0   0.0063395
1380.0   440.0   0.0060277
1260.0   200.0   0.0061892
900.0   40.0   0.0042526
1080.0   520.0   0.0039343
1680.0   320.0   0.0075160
660.0   480.0   0.0002644
