#MA5 EffMap for txName: T5 , Analysis: cms_sus_13_012 , SR: 6NJet8_800HT1000_200MHT300
# Mother Interm Daughter  Eff. 
1500.0   80.0   0.0001469
720.0   600.0   0.0021964
960.0   200.0   0.0056028
600.0   400.0   0.0037272
840.0   640.0   0.0051889
780.0   280.0   0.0151318
1440.0   240.0   0.0005131
1140.0   600.0   0.0133895
1080.0   440.0   0.0096222
1500.0   200.0   0.0003112
1500.0   40.0   0.0002934
240.0   80.0   0.0001311
1680.0   680.0   0.0005947
720.0   360.0   0.0124796
660.0   1   0.0106087
1200.0   480.0   0.0052583
1020.0   1   0.0028320
1680.0   640.0   0.0004908
600.0   40.0   0.0104342
1620.0   640.0   0.0007403
1080.0   360.0   0.0054781
720.0   160.0   0.0130462
840.0   480.0   0.0135106
540.0   440.0   0.0009874
120.0   1   0.0000000
1440.0   400.0   0.0006778
1380.0   400.0   0.0013703
1680.0   1   0.0001486
780.0   520.0   0.0082195
1380.0   1   0.0004969
540.0   480.0   0.0003452
1620.0   680.0   0.0008612
600.0   440.0   0.0032196
540.0   160.0   0.0077187
660.0   640.0   0.0001254
1500.0   640.0   0.0018113
1200.0   520.0   0.0067780
480.0   200.0   0.0033756
1200.0   560.0   0.0074465
1080.0   680.0   0.0174122
840.0   80.0   0.0073122
1380.0   80.0   0.0003746
780.0   1   0.0078530
1020.0   400.0   0.0091931
1380.0   520.0   0.0022018
1680.0   480.0   0.0001525
1320.0   640.0   0.0058310
720.0   640.0   0.0007023
1440.0   80.0   0.0001992
1440.0   1   0.0002194
480.0   360.0   0.0011623
1440.0   200.0   0.0003404
1620.0   360.0   0.0002774
1500.0   320.0   0.0002651
1320.0   680.0   0.0084289
480.0   1   0.0054226
960.0   80.0   0.0038093
1560.0   280.0   0.0002622
1500.0   1   0.0001989
1380.0   320.0   0.0009024
660.0   120.0   0.0125628
480.0   40.0   0.0061320
1140.0   40.0   0.0012086
1080.0   480.0   0.0106023
1500.0   520.0   0.0008878
1560.0   120.0   0.0001341
900.0   520.0   0.0174246
420.0   200.0   0.0018395
660.0   600.0   0.0003979
1020.0   520.0   0.0162260
1560.0   160.0   0.0000506
660.0   560.0   0.0017228
780.0   120.0   0.0102635
600.0   360.0   0.0050143
1260.0   640.0   0.0088191
1200.0   200.0   0.0011427
720.0   440.0   0.0072478
1140.0   480.0   0.0071014
1380.0   120.0   0.0004327
540.0   240.0   0.0059827
1500.0   560.0   0.0013195
960.0   640.0   0.0128677
720.0   280.0   0.0160524
780.0   560.0   0.0060929
900.0   200.0   0.0086416
600.0   160.0   0.0108222
60.0   40.0   0.0000000
1680.0   160.0   0.0001721
1080.0   80.0   0.0021401
780.0   480.0   0.0102800
960.0   440.0   0.0157379
1680.0   120.0   0.0001606
1380.0   680.0   0.0051318
1140.0   200.0   0.0016379
1680.0   200.0   0.0001270
780.0   80.0   0.0089280
1260.0   240.0   0.0007819
360.0   240.0   0.0005902
300.0   1   0.0004663
960.0   400.0   0.0121520
300.0   40.0   0.0003989
1680.0   600.0   0.0003618
720.0   200.0   0.0135697
1380.0   200.0   0.0005104
1140.0   320.0   0.0036385
1560.0   440.0   0.0004060
1440.0   520.0   0.0012185
1320.0   1   0.0004828
1260.0   80.0   0.0007017
1440.0   280.0   0.0002938
1200.0   640.0   0.0136908
960.0   120.0   0.0041876
960.0   160.0   0.0044156
660.0   240.0   0.0120043
1020.0   240.0   0.0051413
540.0   280.0   0.0052275
540.0   40.0   0.0090842
1320.0   40.0   0.0004365
1020.0   640.0   0.0168206
660.0   360.0   0.0081526
540.0   400.0   0.0020790
1440.0   480.0   0.0011288
420.0   400.0   0.0000573
420.0   320.0   0.0006866
720.0   480.0   0.0068425
960.0   480.0   0.0160718
840.0   120.0   0.0081190
660.0   520.0   0.0025040
600.0   560.0   0.0001240
1500.0   440.0   0.0005263
660.0   400.0   0.0065603
600.0   520.0   0.0009393
780.0   160.0   0.0107402
300.0   240.0   0.0001942
480.0   400.0   0.0006300
1560.0   640.0   0.0008577
720.0   680.0   0.0000850
720.0   120.0   0.0121501
840.0   200.0   0.0103402
1560.0   80.0   0.0000817
900.0   480.0   0.0162987
1680.0   80.0   0.0000889
600.0   120.0   0.0113636
540.0   520.0   0.0000201
960.0   240.0   0.0066604
660.0   200.0   0.0128377
180.0   80.0   0.0000000
1320.0   480.0   0.0021507
1200.0   680.0   0.0153276
840.0   240.0   0.0124213
660.0   40.0   0.0108689
900.0   400.0   0.0157255
1320.0   520.0   0.0024996
240.0   120.0   0.0001641
1680.0   360.0   0.0001900
900.0   680.0   0.0073570
720.0   1   0.0089207
720.0   320.0   0.0131325
300.0   160.0   0.0003673
1260.0   280.0   0.0014216
420.0   280.0   0.0010304
600.0   80.0   0.0114578
1680.0   280.0   0.0001275
1020.0   40.0   0.0026973
1260.0   120.0   0.0005394
1020.0   200.0   0.0040264
1620.0   160.0   0.0001274
900.0   560.0   0.0136057
1320.0   120.0   0.0005696
120.0   40.0   0.0000000
360.0   80.0   0.0015080
1320.0   560.0   0.0035340
1020.0   480.0   0.0143662
1140.0   1   0.0011570
60.0   1   0.0000000
240.0   40.0   0.0003115
660.0   280.0   0.0110392
1200.0   40.0   0.0010896
1440.0   680.0   0.0033150
840.0   400.0   0.0155651
720.0   400.0   0.0089924
1200.0   240.0   0.0016463
1560.0   40.0   0.0001766
1500.0   240.0   0.0003133
1560.0   1   0.0001988
1140.0   400.0   0.0048866
1560.0   680.0   0.0014077
1380.0   560.0   0.0027891
900.0   280.0   0.0103347
1680.0   40.0   0.0000883
1260.0   1   0.0006772
1620.0   560.0   0.0004883
1320.0   200.0   0.0006194
480.0   280.0   0.0024903
960.0   360.0   0.0105791
1140.0   280.0   0.0028804
960.0   40.0   0.0024978
1320.0   280.0   0.0008867
360.0   280.0   0.0004431
1080.0   200.0   0.0025504
1380.0   280.0   0.0006598
1380.0   240.0   0.0004057
540.0   80.0   0.0089477
540.0   320.0   0.0032469
900.0   1   0.0054730
1620.0   320.0   0.0001018
480.0   440.0   0.0001816
1560.0   200.0   0.0001847
1380.0   640.0   0.0044961
1320.0   360.0   0.0010938
120.0   80.0   0.0000000
1020.0   320.0   0.0062128
1560.0   480.0   0.0007159
1140.0   520.0   0.0099558
240.0   200.0   0.0001154
1140.0   360.0   0.0032699
1620.0   520.0   0.0004265
780.0   400.0   0.0137728
1200.0   440.0   0.0039006
540.0   360.0   0.0027519
180.0   1   0.0000150
1200.0   280.0   0.0020021
1380.0   360.0   0.0006896
1260.0   600.0   0.0070482
1020.0   360.0   0.0089686
1260.0   160.0   0.0007588
660.0   160.0   0.0137719
600.0   1   0.0098967
900.0   360.0   0.0138930
1560.0   600.0   0.0008769
1200.0   320.0   0.0017519
1020.0   280.0   0.0051770
780.0   240.0   0.0146637
300.0   200.0   0.0003336
1140.0   80.0   0.0015070
1260.0   520.0   0.0042256
1140.0   160.0   0.0016791
1680.0   440.0   0.0002521
300.0   280.0   0.0000876
1440.0   560.0   0.0016884
720.0   240.0   0.0141939
1380.0   40.0   0.0003882
1620.0   240.0   0.0001104
960.0   280.0   0.0082247
900.0   440.0   0.0164176
780.0   680.0   0.0016431
360.0   40.0   0.0011354
840.0   40.0   0.0067238
1080.0   320.0   0.0047552
900.0   120.0   0.0062618
1500.0   120.0   0.0002413
1080.0   280.0   0.0034915
180.0   120.0   0.0000152
300.0   120.0   0.0005423
900.0   320.0   0.0122311
900.0   160.0   0.0067276
1680.0   520.0   0.0004580
1380.0   480.0   0.0014365
720.0   560.0   0.0042686
840.0   560.0   0.0089205
780.0   360.0   0.0169414
420.0   80.0   0.0030988
1080.0   1   0.0016068
1080.0   120.0   0.0022299
600.0   320.0   0.0064502
660.0   80.0   0.0124017
1380.0   600.0   0.0032241
1020.0   560.0   0.0173657
1440.0   600.0   0.0018740
660.0   440.0   0.0048858
960.0   1   0.0034113
900.0   600.0   0.0113734
960.0   680.0   0.0106984
960.0   560.0   0.0177642
1260.0   680.0   0.0128963
840.0   520.0   0.0113073
720.0   80.0   0.0110258
1500.0   680.0   0.0027156
1200.0   400.0   0.0035663
900.0   240.0   0.0090048
420.0   160.0   0.0020838
360.0   200.0   0.0007180
1500.0   280.0   0.0002995
780.0   40.0   0.0078031
1260.0   440.0   0.0029592
480.0   320.0   0.0018605
1500.0   480.0   0.0007354
1260.0   480.0   0.0036381
1260.0   320.0   0.0014378
1500.0   600.0   0.0011702
1680.0   240.0   0.0000350
600.0   200.0   0.0105744
660.0   320.0   0.0094756
960.0   320.0   0.0089054
1140.0   640.0   0.0157249
540.0   200.0   0.0067908
1680.0   400.0   0.0001688
1440.0   320.0   0.0005450
1440.0   160.0   0.0005239
1020.0   120.0   0.0029414
780.0   640.0   0.0031386
1080.0   600.0   0.0165664
1620.0   120.0   0.0000681
1500.0   160.0   0.0001482
1620.0   200.0   0.0000911
900.0   640.0   0.0096442
840.0   1   0.0062202
1320.0   240.0   0.0009063
1680.0   560.0   0.0003048
1140.0   120.0   0.0017410
840.0   280.0   0.0138256
1320.0   160.0   0.0005781
1560.0   400.0   0.0003795
1080.0   240.0   0.0043544
420.0   360.0   0.0002114
1320.0   80.0   0.0004148
1020.0   680.0   0.0149260
180.0   40.0   0.0000150
1260.0   40.0   0.0010477
1260.0   560.0   0.0059402
720.0   520.0   0.0049941
1560.0   320.0   0.0003398
1620.0   80.0   0.0001793
1440.0   440.0   0.0008476
1200.0   600.0   0.0109167
540.0   1   0.0081996
1560.0   520.0   0.0008742
1440.0   40.0   0.0002388
1080.0   160.0   0.0026056
840.0   160.0   0.0083854
420.0   120.0   0.0029575
1620.0   280.0   0.0002964
1620.0   40.0   0.0000757
1200.0   1   0.0007967
480.0   240.0   0.0030520
1560.0   240.0   0.0002070
780.0   200.0   0.0134685
1200.0   80.0   0.0013558
840.0   440.0   0.0184887
1020.0   440.0   0.0112665
960.0   600.0   0.0157786
1080.0   40.0   0.0020213
840.0   320.0   0.0138133
300.0   80.0   0.0004039
1080.0   400.0   0.0069456
600.0   480.0   0.0016886
1620.0   1   0.0000280
1080.0   560.0   0.0160801
1440.0   120.0   0.0002791
1020.0   80.0   0.0025565
1320.0   600.0   0.0050549
1260.0   360.0   0.0015514
1140.0   440.0   0.0063160
1200.0   160.0   0.0010345
840.0   680.0   0.0046459
780.0   320.0   0.0142300
720.0   40.0   0.0104421
600.0   280.0   0.0082097
1200.0   120.0   0.0011677
1500.0   360.0   0.0006992
1260.0   400.0   0.0018257
1140.0   240.0   0.0023340
1620.0   440.0   0.0001994
1620.0   480.0   0.0007653
960.0   520.0   0.0175499
1440.0   640.0   0.0027220
360.0   120.0   0.0012053
780.0   600.0   0.0039492
1440.0   360.0   0.0006509
1560.0   360.0   0.0002927
1020.0   160.0   0.0034194
1620.0   600.0   0.0006078
1320.0   400.0   0.0013003
1560.0   560.0   0.0011852
1620.0   400.0   0.0000982
840.0   600.0   0.0078534
1320.0   440.0   0.0017076
1320.0   320.0   0.0013556
1380.0   440.0   0.0015169
1260.0   200.0   0.0009182
900.0   40.0   0.0039892
1080.0   520.0   0.0124410
1680.0   320.0   0.0001481
660.0   480.0   0.0037896
