#MA5 EffMap for txName: T5 , Analysis: cms_sus_13_012 , SR: 8NJetinf_1500HTinf_200MHTinf
# Mother Interm Daughter  Eff. 
1500.0   80.0   0.0284959
720.0   600.0   0.0000853
960.0   200.0   0.0132921
600.0   400.0   0.0001694
840.0   640.0   0.0006702
780.0   280.0   0.0040572
1440.0   240.0   0.0275360
1140.0   600.0   0.0070064
1080.0   440.0   0.0104368
1500.0   200.0   0.0327123
1500.0   40.0   0.0300922
240.0   80.0   0.0000820
1680.0   680.0   0.0277530
720.0   360.0   0.0013866
660.0   1   0.0040003
1200.0   480.0   0.0132394
1020.0   1   0.0178154
1680.0   640.0   0.0266996
600.0   40.0   0.0029560
1620.0   640.0   0.0281315
1080.0   360.0   0.0126861
720.0   160.0   0.0039098
840.0   480.0   0.0018298
540.0   440.0   0.0000403
120.0   1   0.0000000
1440.0   400.0   0.0272824
1380.0   400.0   0.0250216
1680.0   1   0.0308127
780.0   520.0   0.0010248
1380.0   1   0.0258378
540.0   480.0   0.0000406
1620.0   680.0   0.0249758
600.0   440.0   0.0001039
540.0   160.0   0.0009870
660.0   640.0   0.0000000
1500.0   640.0   0.0257071
1200.0   520.0   0.0116465
480.0   200.0   0.0005432
1200.0   560.0   0.0112224
1080.0   680.0   0.0030358
840.0   80.0   0.0106608
1380.0   80.0   0.0254191
780.0   1   0.0077347
1020.0   400.0   0.0102770
1380.0   520.0   0.0199826
1680.0   480.0   0.0256127
1320.0   640.0   0.0127108
720.0   640.0   0.0000213
1440.0   80.0   0.0273683
1440.0   1   0.0266910
480.0   360.0   0.0000197
1440.0   200.0   0.0265681
1620.0   360.0   0.0346782
1500.0   320.0   0.0297925
1320.0   680.0   0.0115859
480.0   1   0.0009704
960.0   80.0   0.0156042
1560.0   280.0   0.0277580
1500.0   1   0.0260598
1380.0   320.0   0.0275229
660.0   120.0   0.0035408
480.0   40.0   0.0008048
1140.0   40.0   0.0208333
1080.0   480.0   0.0100470
1500.0   520.0   0.0275900
1560.0   120.0   0.0300722
900.0   520.0   0.0023197
420.0   200.0   0.0003066
660.0   600.0   0.0000419
1020.0   520.0   0.0057091
1560.0   160.0   0.0335896
660.0   560.0   0.0000630
780.0   120.0   0.0068892
600.0   360.0   0.0005321
1260.0   640.0   0.0105409
1200.0   200.0   0.0216132
720.0   440.0   0.0006974
1140.0   480.0   0.0114458
1380.0   120.0   0.0258325
540.0   240.0   0.0005168
1500.0   560.0   0.0261526
960.0   640.0   0.0014152
720.0   280.0   0.0023758
780.0   560.0   0.0005792
900.0   200.0   0.0103479
600.0   160.0   0.0018404
60.0   40.0   0.0000000
1680.0   160.0   0.0355914
1080.0   80.0   0.0194473
780.0   480.0   0.0010954
960.0   440.0   0.0058727
1680.0   120.0   0.0290496
1380.0   680.0   0.0142646
1140.0   200.0   0.0214979
1680.0   200.0   0.0338687
780.0   80.0   0.0083700
1260.0   240.0   0.0235143
360.0   240.0   0.0000922
300.0   1   0.0001036
960.0   400.0   0.0069380
300.0   40.0   0.0000520
1680.0   600.0   0.0303871
720.0   200.0   0.0039151
1380.0   200.0   0.0282935
1140.0   320.0   0.0169252
1560.0   440.0   0.0273970
1440.0   520.0   0.0238283
1320.0   1   0.0239541
1260.0   80.0   0.0235738
1440.0   280.0   0.0279873
1200.0   640.0   0.0074159
960.0   120.0   0.0138853
960.0   160.0   0.0136216
660.0   240.0   0.0025690
1020.0   240.0   0.0151598
540.0   280.0   0.0004691
540.0   40.0   0.0016305
1320.0   40.0   0.0257261
1020.0   640.0   0.0023688
660.0   360.0   0.0011381
540.0   400.0   0.0001413
1440.0   480.0   0.0250530
420.0   400.0   0.0000000
420.0   320.0   0.0000000
720.0   480.0   0.0008025
960.0   480.0   0.0045494
840.0   120.0   0.0084601
660.0   520.0   0.0001878
600.0   560.0   0.0000000
1500.0   440.0   0.0305278
660.0   400.0   0.0007081
600.0   520.0   0.0000324
780.0   160.0   0.0066360
300.0   240.0   0.0000000
480.0   400.0   0.0000197
1560.0   640.0   0.0251520
720.0   680.0   0.0000000
720.0   120.0   0.0054625
840.0   200.0   0.0077858
1560.0   80.0   0.0324413
900.0   480.0   0.0034850
1680.0   80.0   0.0273717
600.0   120.0   0.0020100
540.0   520.0   0.0000000
960.0   240.0   0.0123197
660.0   200.0   0.0024134
180.0   80.0   0.0000151
1320.0   480.0   0.0204799
1200.0   680.0   0.0067691
840.0   240.0   0.0064967
660.0   40.0   0.0041500
900.0   400.0   0.0049195
1320.0   520.0   0.0200951
240.0   120.0   0.0000164
1680.0   360.0   0.0350483
900.0   680.0   0.0010479
720.0   1   0.0056786
720.0   320.0   0.0023175
300.0   160.0   0.0000700
1260.0   280.0   0.0248775
420.0   280.0   0.0000382
600.0   80.0   0.0024779
1680.0   280.0   0.0322139
1020.0   40.0   0.0159686
1260.0   120.0   0.0231922
1020.0   200.0   0.0142441
1620.0   160.0   0.0292195
900.0   560.0   0.0018027
1320.0   120.0   0.0247403
120.0   40.0   0.0000000
360.0   80.0   0.0001635
1320.0   560.0   0.0160454
1020.0   480.0   0.0065466
1140.0   1   0.0211665
60.0   1   0.0000000
240.0   40.0   0.0000328
660.0   280.0   0.0016120
1200.0   40.0   0.0205490
1440.0   680.0   0.0170676
840.0   400.0   0.0039112
720.0   400.0   0.0012262
1200.0   240.0   0.0201329
1560.0   40.0   0.0300006
1500.0   240.0   0.0319908
1560.0   1   0.0304485
1140.0   400.0   0.0138731
1560.0   680.0   0.0235783
1380.0   560.0   0.0206275
900.0   280.0   0.0083050
1680.0   40.0   0.0289824
1260.0   1   0.0240030
1620.0   560.0   0.0263857
1320.0   200.0   0.0242127
480.0   280.0   0.0002353
960.0   360.0   0.0077985
1140.0   280.0   0.0176883
960.0   40.0   0.0163607
1320.0   280.0   0.0235276
360.0   280.0   0.0000369
1080.0   200.0   0.0178127
1380.0   280.0   0.0257510
1380.0   240.0   0.0271414
540.0   80.0   0.0012951
540.0   320.0   0.0003808
900.0   1   0.0131419
1620.0   320.0   0.0309604
480.0   440.0   0.0000000
1560.0   200.0   0.0294998
1380.0   640.0   0.0165272
1320.0   360.0   0.0248633
120.0   80.0   0.0000000
1020.0   320.0   0.0120954
1560.0   480.0   0.0271264
1140.0   520.0   0.0095138
240.0   200.0   0.0000000
1140.0   360.0   0.0153073
1620.0   520.0   0.0274100
780.0   400.0   0.0017771
1200.0   440.0   0.0160358
540.0   360.0   0.0002226
180.0   1   0.0000000
1200.0   280.0   0.0205218
1380.0   360.0   0.0261426
1260.0   600.0   0.0132106
1020.0   360.0   0.0105027
1260.0   160.0   0.0238276
660.0   160.0   0.0033940
600.0   1   0.0024044
900.0   360.0   0.0055782
1560.0   600.0   0.0241663
1200.0   320.0   0.0202178
1020.0   280.0   0.0138053
780.0   240.0   0.0047175
300.0   200.0   0.0000000
1140.0   80.0   0.0205190
1260.0   520.0   0.0144997
1140.0   160.0   0.0200707
1680.0   440.0   0.0323953
300.0   280.0   0.0000000
1440.0   560.0   0.0234568
720.0   240.0   0.0036358
1380.0   40.0   0.0295012
1620.0   240.0   0.0330354
960.0   280.0   0.0110419
900.0   440.0   0.0045899
780.0   680.0   0.0001513
360.0   40.0   0.0003064
840.0   40.0   0.0102741
1080.0   320.0   0.0147984
900.0   120.0   0.0106972
1500.0   120.0   0.0310489
1080.0   280.0   0.0168757
180.0   120.0   0.0000152
300.0   120.0   0.0000175
900.0   320.0   0.0073844
900.0   160.0   0.0121657
1680.0   520.0   0.0316705
1380.0   480.0   0.0214268
720.0   560.0   0.0002761
840.0   560.0   0.0011420
780.0   360.0   0.0026770
420.0   80.0   0.0005259
1080.0   1   0.0206332
1080.0   120.0   0.0185890
600.0   320.0   0.0009185
660.0   80.0   0.0038220
1380.0   600.0   0.0174552
1020.0   560.0   0.0039712
1440.0   600.0   0.0212463
660.0   440.0   0.0006445
960.0   1   0.0137236
900.0   600.0   0.0015770
960.0   680.0   0.0010764
960.0   560.0   0.0030466
1260.0   680.0   0.0094624
840.0   520.0   0.0010943
720.0   80.0   0.0057915
1500.0   680.0   0.0198671
1200.0   400.0   0.0163032
900.0   240.0   0.0087189
420.0   160.0   0.0003942
360.0   200.0   0.0001289
1500.0   280.0   0.0304160
780.0   40.0   0.0078031
1260.0   440.0   0.0183469
480.0   320.0   0.0001371
1500.0   480.0   0.0285249
1260.0   480.0   0.0187896
1260.0   320.0   0.0209877
1500.0   600.0   0.0245737
1680.0   240.0   0.0345334
600.0   200.0   0.0016284
660.0   320.0   0.0011978
960.0   320.0   0.0102719
1140.0   640.0   0.0055348
540.0   200.0   0.0006354
1680.0   400.0   0.0298101
1440.0   320.0   0.0275886
1440.0   160.0   0.0269234
1020.0   120.0   0.0175686
780.0   640.0   0.0002478
1080.0   600.0   0.0042165
1620.0   120.0   0.0326720
1500.0   160.0   0.0277948
1620.0   200.0   0.0290961
900.0   640.0   0.0010861
840.0   1   0.0094281
1320.0   240.0   0.0287662
1680.0   560.0   0.0318500
1140.0   120.0   0.0205794
840.0   280.0   0.0057124
1320.0   160.0   0.0277992
1560.0   400.0   0.0318133
1080.0   240.0   0.0183169
420.0   360.0   0.0000192
1320.0   80.0   0.0264863
1020.0   680.0   0.0025383
180.0   40.0   0.0000150
1260.0   40.0   0.0271748
1260.0   560.0   0.0148038
720.0   520.0   0.0003582
1560.0   320.0   0.0278643
1620.0   80.0   0.0316825
1440.0   440.0   0.0244609
1200.0   600.0   0.0088263
540.0   1   0.0017750
1560.0   520.0   0.0313673
1440.0   40.0   0.0283064
1080.0   160.0   0.0186371
840.0   160.0   0.0103516
420.0   120.0   0.0001507
1620.0   280.0   0.0275678
1620.0   40.0   0.0323753
1200.0   1   0.0219980
480.0   240.0   0.0003130
1560.0   240.0   0.0311641
780.0   200.0   0.0055345
1200.0   80.0   0.0220156
840.0   440.0   0.0025009
1020.0   440.0   0.0084605
960.0   600.0   0.0025220
1080.0   40.0   0.0182497
840.0   320.0   0.0043295
300.0   80.0   0.0000176
1080.0   400.0   0.0114240
600.0   480.0   0.0000824
1620.0   1   0.0330983
1080.0   560.0   0.0066627
1440.0   120.0   0.0287913
1020.0   80.0   0.0162632
1320.0   600.0   0.0141246
1260.0   360.0   0.0206109
1140.0   440.0   0.0130921
1200.0   160.0   0.0219004
840.0   680.0   0.0003132
780.0   320.0   0.0033322
720.0   40.0   0.0052413
600.0   280.0   0.0007894
1200.0   120.0   0.0248909
1500.0   360.0   0.0327843
1260.0   400.0   0.0204740
1140.0   240.0   0.0185326
1620.0   440.0   0.0342008
1620.0   480.0   0.0309176
960.0   520.0   0.0036767
1440.0   640.0   0.0190106
360.0   120.0   0.0001278
780.0   600.0   0.0003775
1440.0   360.0   0.0269410
1560.0   360.0   0.0298202
1020.0   160.0   0.0177259
1620.0   600.0   0.0252911
1320.0   400.0   0.0207454
1560.0   560.0   0.0291421
1620.0   400.0   0.0307345
840.0   600.0   0.0010085
1320.0   440.0   0.0237868
1320.0   320.0   0.0264742
1380.0   440.0   0.0236717
1260.0   200.0   0.0259131
900.0   40.0   0.0127954
1080.0   520.0   0.0069329
1680.0   320.0   0.0298604
660.0   480.0   0.0004627
