#MA5 EffMap for txName: T5 , Analysis: cms_sus_13_012 , SR: 3NJet6_1000HT1250_200MHT300
# Mother Interm Daughter  Eff. 
1500.0   80.0   0.0031580
720.0   600.0   0.0005118
960.0   200.0   0.0340804
600.0   400.0   0.0010377
840.0   640.0   0.0012107
780.0   280.0   0.0258751
1440.0   240.0   0.0051499
1140.0   600.0   0.0298309
1080.0   440.0   0.0333469
1500.0   200.0   0.0040842
1500.0   40.0   0.0031852
240.0   80.0   0.0002295
1680.0   680.0   0.0062444
720.0   360.0   0.0091682
660.0   1   0.0367480
1200.0   480.0   0.0302199
1020.0   1   0.0218658
1680.0   640.0   0.0064001
600.0   40.0   0.0261345
1620.0   640.0   0.0074524
1080.0   360.0   0.0332599
720.0   160.0   0.0320888
840.0   480.0   0.0091915
540.0   440.0   0.0003627
120.0   1   0.0000000
1440.0   400.0   0.0084728
1380.0   400.0   0.0115718
1680.0   1   0.0016342
780.0   520.0   0.0026260
1380.0   1   0.0048216
540.0   480.0   0.0003249
1620.0   680.0   0.0068899
600.0   440.0   0.0010905
540.0   160.0   0.0090611
660.0   640.0   0.0002717
1500.0   640.0   0.0124007
1200.0   520.0   0.0321274
480.0   200.0   0.0034338
1200.0   560.0   0.0347221
1080.0   680.0   0.0141163
840.0   80.0   0.0408665
1380.0   80.0   0.0047954
780.0   1   0.0459146
1020.0   400.0   0.0355840
1380.0   520.0   0.0172822
1680.0   480.0   0.0037542
1320.0   640.0   0.0303507
720.0   640.0   0.0002128
1440.0   80.0   0.0037049
1440.0   1   0.0040585
480.0   360.0   0.0004137
1440.0   200.0   0.0046329
1620.0   360.0   0.0032102
1500.0   320.0   0.0048208
1320.0   680.0   0.0338687
480.0   1   0.0106168
960.0   80.0   0.0281335
1560.0   280.0   0.0031279
1500.0   1   0.0028212
1380.0   320.0   0.0080463
660.0   120.0   0.0282062
480.0   40.0   0.0100029
1140.0   40.0   0.0128913
1080.0   480.0   0.0334225
1500.0   520.0   0.0079219
1560.0   120.0   0.0021193
900.0   520.0   0.0121379
420.0   200.0   0.0013605
660.0   600.0   0.0001885
1020.0   520.0   0.0260817
1560.0   160.0   0.0021752
660.0   560.0   0.0004202
780.0   120.0   0.0411344
600.0   360.0   0.0025993
1260.0   640.0   0.0337225
1200.0   200.0   0.0129640
720.0   440.0   0.0028144
1140.0   480.0   0.0348594
1380.0   120.0   0.0055315
540.0   240.0   0.0045317
1500.0   560.0   0.0111102
960.0   640.0   0.0062270
720.0   280.0   0.0186208
780.0   560.0   0.0019737
900.0   200.0   0.0375385
600.0   160.0   0.0152631
60.0   40.0   0.0000000
1680.0   160.0   0.0013479
1080.0   80.0   0.0174002
780.0   480.0   0.0048030
960.0   440.0   0.0277367
1680.0   120.0   0.0014810
1380.0   680.0   0.0303557
1140.0   200.0   0.0182220
1680.0   200.0   0.0018093
780.0   80.0   0.0436481
1260.0   240.0   0.0114500
360.0   240.0   0.0003688
300.0   1   0.0008290
960.0   400.0   0.0323144
300.0   40.0   0.0008673
1680.0   600.0   0.0053057
720.0   200.0   0.0267910
1380.0   200.0   0.0053907
1140.0   320.0   0.0233438
1560.0   440.0   0.0056070
1440.0   520.0   0.0117788
1320.0   1   0.0064620
1260.0   80.0   0.0078706
1440.0   280.0   0.0055583
1200.0   640.0   0.0306142
960.0   120.0   0.0308562
960.0   160.0   0.0342831
660.0   240.0   0.0139894
1020.0   240.0   0.0306448
540.0   280.0   0.0029154
540.0   40.0   0.0178578
1320.0   40.0   0.0057040
1020.0   640.0   0.0119309
660.0   360.0   0.0047385
540.0   400.0   0.0005652
1440.0   480.0   0.0101589
420.0   400.0   0.0001527
420.0   320.0   0.0001717
720.0   480.0   0.0020908
960.0   480.0   0.0221731
840.0   120.0   0.0410043
660.0   520.0   0.0006260
600.0   560.0   0.0001240
1500.0   440.0   0.0063639
660.0   400.0   0.0030615
600.0   520.0   0.0001943
780.0   160.0   0.0390403
300.0   240.0   0.0000706
480.0   400.0   0.0001969
1560.0   640.0   0.0110245
720.0   680.0   0.0001912
720.0   120.0   0.0378359
840.0   200.0   0.0391949
1560.0   80.0   0.0020838
900.0   480.0   0.0161499
1680.0   80.0   0.0016540
600.0   120.0   0.0176325
540.0   520.0   0.0000806
960.0   240.0   0.0352225
660.0   200.0   0.0186785
180.0   80.0   0.0001363
1320.0   480.0   0.0197390
1200.0   680.0   0.0265807
840.0   240.0   0.0364060
660.0   40.0   0.0357686
900.0   400.0   0.0256065
1320.0   520.0   0.0202911
240.0   120.0   0.0001477
1680.0   360.0   0.0016780
900.0   680.0   0.0016810
720.0   1   0.0434244
720.0   320.0   0.0144629
300.0   160.0   0.0003848
1260.0   280.0   0.0124949
420.0   280.0   0.0006106
600.0   80.0   0.0227768
1680.0   280.0   0.0018799
1020.0   40.0   0.0227704
1260.0   120.0   0.0089956
1020.0   200.0   0.0277598
1620.0   160.0   0.0020026
900.0   560.0   0.0079403
1320.0   120.0   0.0063227
120.0   40.0   0.0000000
360.0   80.0   0.0021076
1320.0   560.0   0.0234838
1020.0   480.0   0.0309602
1140.0   1   0.0122848
60.0   1   0.0000000
240.0   40.0   0.0002787
660.0   280.0   0.0097333
1200.0   40.0   0.0102649
1440.0   680.0   0.0242351
840.0   400.0   0.0193966
720.0   400.0   0.0061896
1200.0   240.0   0.0143013
1560.0   40.0   0.0022375
1500.0   240.0   0.0036203
1560.0   1   0.0022155
1140.0   400.0   0.0305622
1560.0   680.0   0.0135135
1380.0   560.0   0.0199303
900.0   280.0   0.0385221
1680.0   40.0   0.0011473
1260.0   1   0.0082957
1620.0   560.0   0.0060740
1320.0   200.0   0.0079354
480.0   280.0   0.0012353
960.0   360.0   0.0361070
1140.0   280.0   0.0224147
960.0   40.0   0.0307231
1320.0   280.0   0.0097736
360.0   280.0   0.0002400
1080.0   200.0   0.0213471
1380.0   280.0   0.0069860
1380.0   240.0   0.0068578
540.0   80.0   0.0152856
540.0   320.0   0.0014832
900.0   1   0.0348986
1620.0   320.0   0.0021387
480.0   440.0   0.0001413
1560.0   200.0   0.0032511
1380.0   640.0   0.0239790
1320.0   360.0   0.0103071
120.0   80.0   0.0000000
1020.0   320.0   0.0350066
1560.0   480.0   0.0060173
1140.0   520.0   0.0355504
240.0   200.0   0.0000824
1140.0   360.0   0.0265272
1620.0   520.0   0.0054859
780.0   400.0   0.0104608
1200.0   440.0   0.0269070
540.0   360.0   0.0008499
180.0   1   0.0000600
1200.0   280.0   0.0164975
1380.0   360.0   0.0078992
1260.0   600.0   0.0326606
1020.0   360.0   0.0369955
1260.0   160.0   0.0078919
660.0   160.0   0.0243130
600.0   1   0.0258474
900.0   360.0   0.0310066
1560.0   600.0   0.0090785
1200.0   320.0   0.0175189
1020.0   280.0   0.0328863
780.0   240.0   0.0309785
300.0   200.0   0.0002107
1140.0   80.0   0.0131770
1260.0   520.0   0.0281086
1140.0   160.0   0.0151716
1680.0   440.0   0.0034349
300.0   280.0   0.0000000
1440.0   560.0   0.0146324
720.0   240.0   0.0237865
1380.0   40.0   0.0054991
1620.0   240.0   0.0025016
960.0   280.0   0.0347617
900.0   440.0   0.0228316
780.0   680.0   0.0002378
360.0   40.0   0.0024510
840.0   40.0   0.0415526
1080.0   320.0   0.0308266
900.0   120.0   0.0368482
1500.0   120.0   0.0028958
1080.0   280.0   0.0253459
180.0   120.0   0.0000303
300.0   120.0   0.0004548
900.0   320.0   0.0345717
900.0   160.0   0.0384033
1680.0   520.0   0.0036638
1380.0   480.0   0.0143857
720.0   560.0   0.0008707
840.0   560.0   0.0038569
780.0   360.0   0.0151822
420.0   80.0   0.0043947
1080.0   1   0.0172370
1080.0   120.0   0.0185298
600.0   320.0   0.0039191
660.0   80.0   0.0314920
1380.0   600.0   0.0221168
1020.0   560.0   0.0199845
1440.0   600.0   0.0170467
660.0   440.0   0.0018504
960.0   1   0.0276237
900.0   600.0   0.0054478
960.0   680.0   0.0044155
960.0   560.0   0.0136864
1260.0   680.0   0.0307528
840.0   520.0   0.0063724
720.0   80.0   0.0395852
1500.0   680.0   0.0172229
1200.0   400.0   0.0226207
900.0   240.0   0.0388165
420.0   160.0   0.0023654
360.0   200.0   0.0004787
1500.0   280.0   0.0042596
780.0   40.0   0.0433673
1260.0   440.0   0.0208163
480.0   320.0   0.0007050
1500.0   480.0   0.0086678
1260.0   480.0   0.0235833
1260.0   320.0   0.0141981
1500.0   600.0   0.0134849
1680.0   240.0   0.0017127
600.0   200.0   0.0112981
660.0   320.0   0.0070269
960.0   320.0   0.0357631
1140.0   640.0   0.0254859
540.0   200.0   0.0058774
1680.0   400.0   0.0027765
1440.0   320.0   0.0060627
1440.0   160.0   0.0043032
1020.0   120.0   0.0250810
780.0   640.0   0.0002891
1080.0   600.0   0.0231802
1620.0   120.0   0.0018038
1500.0   160.0   0.0037616
1620.0   200.0   0.0024960
900.0   640.0   0.0029324
840.0   1   0.0409592
1320.0   240.0   0.0072901
1680.0   560.0   0.0047242
1140.0   120.0   0.0142217
840.0   280.0   0.0343158
1320.0   160.0   0.0072750
1560.0   400.0   0.0044905
1080.0   240.0   0.0247539
420.0   360.0   0.0000769
1320.0   80.0   0.0071697
1020.0   680.0   0.0069640
180.0   40.0   0.0000599
1260.0   40.0   0.0077268
1260.0   560.0   0.0315046
720.0   520.0   0.0012433
1560.0   320.0   0.0037001
1620.0   80.0   0.0018830
1440.0   440.0   0.0099145
1200.0   600.0   0.0315500
540.0   1   0.0177882
1560.0   520.0   0.0070448
1440.0   40.0   0.0040595
1080.0   160.0   0.0198902
840.0   160.0   0.0374740
420.0   120.0   0.0030328
1620.0   280.0   0.0026679
1620.0   40.0   0.0020440
1200.0   1   0.0096047
480.0   240.0   0.0019760
1560.0   240.0   0.0022176
780.0   200.0   0.0331295
1200.0   80.0   0.0106527
840.0   440.0   0.0142908
1020.0   440.0   0.0333565
960.0   600.0   0.0092904
1080.0   40.0   0.0184051
840.0   320.0   0.0280802
300.0   80.0   0.0006848
1080.0   400.0   0.0346450
600.0   480.0   0.0003501
1620.0   1   0.0015388
1080.0   560.0   0.0278466
1440.0   120.0   0.0043466
1020.0   80.0   0.0243653
1320.0   600.0   0.0264603
1260.0   360.0   0.0158561
1140.0   440.0   0.0329604
1200.0   160.0   0.0121018
840.0   680.0   0.0005220
780.0   320.0   0.0197628
720.0   40.0   0.0411588
600.0   280.0   0.0056836
1200.0   120.0   0.0118616
1500.0   360.0   0.0041952
1260.0   400.0   0.0189091
1140.0   240.0   0.0207868
1620.0   440.0   0.0041879
1620.0   480.0   0.0035203
960.0   520.0   0.0185759
1440.0   640.0   0.0196587
360.0   120.0   0.0013149
780.0   600.0   0.0006969
1440.0   360.0   0.0065783
1560.0   360.0   0.0037397
1020.0   160.0   0.0255080
1620.0   600.0   0.0076069
1320.0   400.0   0.0131034
1560.0   560.0   0.0078084
1620.0   400.0   0.0038295
840.0   600.0   0.0027465
1320.0   440.0   0.0152093
1320.0   320.0   0.0102468
1380.0   440.0   0.0120354
1260.0   200.0   0.0093858
900.0   40.0   0.0317628
1080.0   520.0   0.0336226
1680.0   320.0   0.0018883
660.0   480.0   0.0006610
