#MA5 EffMap for txName: TChiZZ , Analysis: cms_sus_13_012 , SR: 3NJet6_800HT1000_450MHT600
# Mother  Daughter  Eff. 
480.0   380.0   0.0004353
600.0   420.0   0.0013637
600.0   1   0.0133146
280.0   180.0   0.0002945
280.0   40.0   0.0016959
640.0   60.0   0.0128184
400.0   320.0   0.0004295
560.0   440.0   0.0006747
760.0   360.0   0.0122476
720.0   260.0   0.0126526
240.0   200.0   0.0003745
480.0   400.0   0.0004337
600.0   400.0   0.0016915
680.0   120.0   0.0140341
240.0   20.0   0.0009832
560.0   220.0   0.0069366
280.0   80.0   0.0012607
800.0   1   0.0123449
320.0   80.0   0.0020315
680.0   40.0   0.0132265
560.0   200.0   0.0075323
240.0   220.0   0.0001388
480.0   220.0   0.0033860
600.0   220.0   0.0092455
600.0   300.0   0.0056558
640.0   360.0   0.0048138
680.0   660.0   0.0000587
680.0   160.0   0.0133956
440.0   200.0   0.0027206
320.0   220.0   0.0003677
680.0   600.0   0.0004414
480.0   1   0.0080252
640.0   40.0   0.0130665
800.0   40.0   0.0132079
800.0   620.0   0.0011573
560.0   40.0   0.0110766
160.0   80.0   0.0002710
520.0   160.0   0.0072876
400.0   100.0   0.0036620
560.0   400.0   0.0008316
520.0   460.0   0.0004947
320.0   260.0   0.0003547
440.0   160.0   0.0038324
680.0   300.0   0.0107861
480.0   460.0   0.0001017
320.0   160.0   0.0009894
560.0   1   0.0117291
760.0   460.0   0.0071116
280.0   200.0   0.0002658
440.0   140.0   0.0042778
760.0   120.0   0.0124388
360.0   120.0   0.0026540
640.0   180.0   0.0122692
400.0   180.0   0.0022120
720.0   100.0   0.0132439
760.0   260.0   0.0134549
240.0   120.0   0.0003203
600.0   380.0   0.0023461
160.0   140.0   0.0002158
520.0   480.0   0.0002481
600.0   80.0   0.0125183
440.0   280.0   0.0008358
400.0   220.0   0.0012338
600.0   360.0   0.0032349
560.0   160.0   0.0091434
600.0   180.0   0.0101526
560.0   280.0   0.0046172
640.0   600.0   0.0002639
120.0   80.0   0.0001327
520.0   80.0   0.0095314
400.0   40.0   0.0044396
680.0   140.0   0.0135012
720.0   480.0   0.0027584
440.0   180.0   0.0033340
440.0   220.0   0.0025122
40.0   20.0   0.0001766
560.0   460.0   0.0003788
480.0   180.0   0.0047705
640.0   20.0   0.0133208
680.0   360.0   0.0075467
720.0   1   0.0127920
160.0   1   0.0003918
240.0   180.0   0.0001668
640.0   320.0   0.0071048
600.0   580.0   0.0001025
320.0   180.0   0.0005086
560.0   360.0   0.0017260
240.0   140.0   0.0002906
560.0   260.0   0.0056535
360.0   200.0   0.0009538
480.0   340.0   0.0005500
520.0   240.0   0.0047536
480.0   20.0   0.0078255
720.0   220.0   0.0131067
640.0   120.0   0.0123361
400.0   360.0   0.0002437
760.0   620.0   0.0009442
440.0   400.0   0.0002736
440.0   340.0   0.0004744
320.0   60.0   0.0022777
320.0   1   0.0024870
480.0   300.0   0.0010987
520.0   360.0   0.0009444
520.0   20.0   0.0096882
680.0   420.0   0.0041052
520.0   200.0   0.0057502
680.0   500.0   0.0012810
440.0   60.0   0.0055511
280.0   240.0   0.0004485
160.0   100.0   0.0002564
680.0   260.0   0.0121153
480.0   320.0   0.0010821
440.0   100.0   0.0047832
640.0   240.0   0.0106370
720.0   600.0   0.0005745
680.0   560.0   0.0005884
200.0   20.0   0.0005334
280.0   220.0   0.0003917
440.0   360.0   0.0003908
800.0   240.0   0.0132315
640.0   520.0   0.0005736
680.0   60.0   0.0129413
640.0   580.0   0.0002789
640.0   480.0   0.0008391
280.0   100.0   0.0008566
480.0   140.0   0.0059835
400.0   120.0   0.0029752
520.0   1   0.0095926
560.0   80.0   0.0109242
600.0   280.0   0.0068461
200.0   180.0   0.0001643
640.0   440.0   0.0017042
320.0   240.0   0.0004245
800.0   380.0   0.0126083
560.0   500.0   0.0002930
640.0   460.0   0.0011509
560.0   120.0   0.0100350
120.0   20.0   0.0004640
600.0   140.0   0.0116992
240.0   160.0   0.0003325
720.0   140.0   0.0122607
720.0   320.0   0.0121298
400.0   300.0   0.0004736
600.0   460.0   0.0007742
720.0   160.0   0.0136285
640.0   380.0   0.0041577
200.0   1   0.0005905
760.0   500.0   0.0039044
400.0   140.0   0.0032873
680.0   460.0   0.0023109
320.0   40.0   0.0025433
680.0   480.0   0.0017791
640.0   620.0   0.0001174
720.0   200.0   0.0134577
80.0   60.0   0.0001293
640.0   280.0   0.0090180
560.0   480.0   0.0004664
560.0   540.0   0.0001019
360.0   300.0   0.0003990
400.0   260.0   0.0006913
360.0   220.0   0.0006403
360.0   140.0   0.0017840
720.0   120.0   0.0126913
600.0   100.0   0.0125112
480.0   360.0   0.0006939
440.0   40.0   0.0057871
120.0   40.0   0.0002785
600.0   540.0   0.0005144
680.0   100.0   0.0133565
280.0   120.0   0.0006590
320.0   120.0   0.0014394
680.0   220.0   0.0124945
440.0   320.0   0.0005774
640.0   1   0.0134507
600.0   160.0   0.0104194
200.0   60.0   0.0003020
520.0   420.0   0.0006991
480.0   260.0   0.0026001
680.0   1   0.0129690
480.0   160.0   0.0062372
240.0   80.0   0.0007640
120.0   100.0   0.0001726
640.0   80.0   0.0138017
280.0   1   0.0016150
360.0   60.0   0.0034404
240.0   100.0   0.0004727
400.0   1   0.0048510
240.0   40.0   0.0007227
680.0   240.0   0.0124727
360.0   240.0   0.0004284
360.0   20.0   0.0035111
280.0   260.0   0.0001824
440.0   420.0   0.0000865
440.0   380.0   0.0004027
480.0   200.0   0.0041349
760.0   40.0   0.0129182
680.0   80.0   0.0132142
440.0   260.0   0.0012269
120.0   1   0.0003314
680.0   620.0   0.0003983
160.0   60.0   0.0002833
400.0   200.0   0.0015476
720.0   280.0   0.0125661
680.0   200.0   0.0133791
720.0   240.0   0.0127893
680.0   340.0   0.0089776
680.0   280.0   0.0117741
720.0   20.0   0.0128507
560.0   520.0   0.0001892
160.0   40.0   0.0004055
360.0   260.0   0.0003706
320.0   300.0   0.0000850
640.0   100.0   0.0129459
360.0   280.0   0.0004422
720.0   360.0   0.0096478
600.0   500.0   0.0005720
360.0   340.0   0.0000997
480.0   240.0   0.0029165
480.0   80.0   0.0065795
320.0   100.0   0.0015973
520.0   340.0   0.0013012
440.0   20.0   0.0059197
760.0   240.0   0.0129983
640.0   420.0   0.0025544
440.0   240.0   0.0018347
600.0   60.0   0.0115307
280.0   140.0   0.0004914
520.0   180.0   0.0066709
280.0   20.0   0.0015687
240.0   60.0   0.0008048
480.0   100.0   0.0059973
520.0   40.0   0.0097678
680.0   580.0   0.0005744
480.0   40.0   0.0077206
640.0   200.0   0.0118966
640.0   220.0   0.0119713
520.0   440.0   0.0005818
160.0   20.0   0.0004720
480.0   120.0   0.0068797
200.0   140.0   0.0003020
680.0   180.0   0.0129916
680.0   640.0   0.0001624
200.0   80.0   0.0004130
40.0   1   0.0001765
560.0   300.0   0.0038596
200.0   40.0   0.0003155
560.0   420.0   0.0006876
680.0   520.0   0.0008116
200.0   120.0   0.0003013
600.0   480.0   0.0008242
560.0   100.0   0.0110568
520.0   320.0   0.0019946
640.0   260.0   0.0100103
520.0   140.0   0.0080333
400.0   280.0   0.0004294
80.0   1   0.0002337
600.0   560.0   0.0002786
800.0   500.0   0.0063828
160.0   120.0   0.0002027
600.0   320.0   0.0049716
640.0   540.0   0.0006004
680.0   20.0   0.0132559
680.0   320.0   0.0095778
400.0   160.0   0.0024247
440.0   80.0   0.0054360
320.0   200.0   0.0005375
440.0   120.0   0.0049331
720.0   500.0   0.0022763
280.0   60.0   0.0014048
760.0   220.0   0.0139696
600.0   340.0   0.0043317
600.0   20.0   0.0127461
640.0   400.0   0.0027908
360.0   40.0   0.0034684
600.0   40.0   0.0120779
640.0   300.0   0.0087937
560.0   180.0   0.0088575
600.0   440.0   0.0009086
720.0   400.0   0.0079909
360.0   80.0   0.0033150
480.0   280.0   0.0018049
520.0   380.0   0.0007836
760.0   480.0   0.0047097
560.0   380.0   0.0012109
520.0   400.0   0.0005553
480.0   440.0   0.0003486
680.0   380.0   0.0055909
440.0   1   0.0060668
560.0   340.0   0.0025215
240.0   1   0.0012931
560.0   20.0   0.0109938
680.0   400.0   0.0048836
800.0   80.0   0.0131191
400.0   340.0   0.0004588
400.0   80.0   0.0042578
640.0   140.0   0.0124075
600.0   120.0   0.0110623
480.0   60.0   0.0074609
640.0   500.0   0.0007959
520.0   500.0   0.0001458
600.0   200.0   0.0101338
400.0   60.0   0.0051767
600.0   520.0   0.0005848
200.0   160.0   0.0002196
360.0   320.0   0.0002568
800.0   540.0   0.0037629
360.0   1   0.0035196
360.0   180.0   0.0012101
400.0   20.0   0.0047507
760.0   340.0   0.0138598
400.0   240.0   0.0012922
480.0   420.0   0.0004057
760.0   180.0   0.0140106
680.0   440.0   0.0031250
520.0   60.0   0.0089079
560.0   140.0   0.0094395
600.0   260.0   0.0080847
560.0   60.0   0.0107723
320.0   20.0   0.0027770
520.0   300.0   0.0023069
360.0   100.0   0.0024180
720.0   440.0   0.0055089
560.0   240.0   0.0060048
640.0   340.0   0.0060984
640.0   560.0   0.0004397
640.0   160.0   0.0126283
120.0   60.0   0.0001989
520.0   260.0   0.0038251
800.0   100.0   0.0118445
400.0   380.0   0.0001292
440.0   300.0   0.0007927
520.0   280.0   0.0030259
320.0   280.0   0.0002969
360.0   160.0   0.0016974
520.0   220.0   0.0050160
320.0   140.0   0.0011581
520.0   120.0   0.0086455
520.0   100.0   0.0088108
200.0   100.0   0.0001923
80.0   20.0   0.0002334
280.0   160.0   0.0003376
560.0   320.0   0.0032795
680.0   540.0   0.0008366
600.0   240.0   0.0085277
