#MA5 EffMap for txName: T5WW , Analysis: atlas_susy_2013_04 , SR: >=8j80,>=2bjets
# Mother Interm Daughter  Eff. 
1160.0   630.0   0.0006409
400   360   0.0000000
1000   180   0.0018230
1440   450   0.0023022
680   300   0.0001831
1000   510   0.0003013
1440   390   0.0023080
1400   675   0.0012914
1080   540   0.0005954
400   150   0.0000178
880.0   480.0   0.0001972
300.0   120.0   0.0000000
1440   690   0.0015414
600   570   0.0000000
680   270   0.0002381
840   420   0.0001984
1000   630   0.0001239
960   30   0.0014624
1280   150   0.0025549
920   210   0.0010378
600   180   0.0001285
760   0   0.0009294
680   360   0.0000738
600   210   0.0001842
680.0   90.0   0.0007169
600   390   0.0000000
920   420   0.0004312
880   30   0.0011863
880   630   0.0000000
1040   450   0.0007758
760   240   0.0005661
600   540   0.0000000
1560   210   0.0036557
1040   120   0.0021252
920   30   0.0019666
1360.0   660.0   0.0010936
480   300   0.0000000
920   480   0.0003588
1360.0   0.0   0.0033317
1080   750   0.0001225
840.0   240.0   0.0007445
400.0   160.0   0.0000000
1080   660   0.0002102
920   750   0.0000000
800   510   0.0000721
1400   375   0.0024947
1120   120   0.0021438
440   210   0.0000181
1160   600   0.0007293
520   450   0.0000000
520   330   0.0000183
840   510   0.0000725
640   450   0.0000000
680   330   0.0001656
1560   510   0.0023085
400   330   0.0000000
1000   600   0.0002482
680   60   0.0004060
1040   720   0.0000880
560   0   0.0002214
400   0   0.0000000
640   600   0.0000000
1200   15   0.0030319
1000   390   0.0009447
1240   630   0.0007043
1280   120   0.0029246
840.0   150.0   0.0011165
350.0   40.0   0.0000174
1200   630   0.0007743
1400   495   0.0018937
880   420   0.0001801
1360.0   240.0   0.0025385
760.0   630.0   0.0000000
240.0   198.0   0.0000000
840   360   0.0004147
1320   30   0.0032157
920   240   0.0010100
50.0   0.0   0.0000000
560   30   0.0001103
1480   165   0.0028161
520   360   0.0000000
50.0   40.0   0.0000000
920   330   0.0008750
760.0   660.0   0.0000000
1040   180   0.0017824
720.0   690.0   0.0000000
1520   255   0.0030623
920.0   600.0   0.0001259
600   240   0.0001651
1160   30   0.0024389
720   480   0.0000548
600   270   0.0000736
1120   30   0.0023962
1200.0   600.0   0.0007389
840   600   0.0000000
520   180   0.0000183
480   420   0.0000000
1080   585   0.0002628
1480   345   0.0027442
1120   360   0.0013571
600.0   558.0   0.0000000
640   330   0.0000922
640   270   0.0000552
1480   45   0.0034738
1600   555   0.0022415
520   390   0.0000000
920   450   0.0002153
1000   660   0.0000708
480   180   0.0000363
560   150   0.0001287
300.0   240.0   0.0000000
480   210   0.0000000
560   240   0.0000367
760   555   0.0000000
1520   555   0.0021162
1480   465   0.0022949
200.0   80.0   0.0000000
720   330   0.0001648
560   360   0.0000000
1080.0   510.0   0.0006664
1280   285   0.0023961
1040   330   0.0012370
1480   285   0.0028215
1600   75   0.0036135
1400   195   0.0030900
640   420   0.0000000
1240   0   0.0031108
250.0   160.0   0.0000000
640   0   0.0004800
1320   120   0.0031005
1000   150   0.0016313
680   150   0.0004986
1600   630   0.0022160
880.0   210.0   0.0009769
560   180   0.0000183
960   120   0.0019621
1000   480   0.0004445
1160.0   240.0   0.0021246
440   360   0.0000000
720   390   0.0000735
60.0   9.0   0.0000000
480.0   432.0   0.0000000
880.0   510.0   0.0000900
540.0   531.0   0.0000000
1160   150   0.0019352
960.0   690.0   0.0000355
1160   60   0.0024735
680   180   0.0002382
1080   330   0.0014031
1280   210   0.0024011
960.0   510.0   0.0003563
800.0   540.0   0.0000181
960.0   600.0   0.0001248
1160   480   0.0012984
250.0   80.0   0.0000000
1080   30   0.0021179
560   330   0.0000000
1120   240   0.0017060
1360.0   390.0   0.0022351
880.0   570.0   0.0000180
880   300   0.0005777
960   0   0.0018922
880.0   330.0   0.0005747
1120   390   0.0010475
640   540   0.0000000
1360   510   0.0018882
1280   750   0.0004595
1440   90   0.0031684
1320   180   0.0023335
920   570   0.0001433
350.0   200.0   0.0000000
1360   30   0.0030595
840.0   210.0   0.0009361
520   210   0.0000366
1320.0   210.0   0.0025235
1000   330   0.0011184
1320   510   0.0017254
1440   570   0.0017958
1120   630   0.0004181
540.0   486.0   0.0000000
880.0   300.0   0.0007398
840   0   0.0014880
480   390   0.0000000
1480   705   0.0015144
680   540   0.0000000
1400   15   0.0036409
1440   30   0.0034366
1560   150   0.0035827
720   300   0.0001458
440   390   0.0000000
840.0   690.0   0.0000000
400.0   280.0   0.0000000
180.0   135.0   0.0000000
720   240   0.0001283
520   420   0.0000000
350.0   120.0   0.0000000
1120   420   0.0014112
760   420   0.0000728
480   360   0.0000000
1240   450   0.0013669
600   60   0.0002028
300.0   0.0   0.0000000
1120   60   0.0020682
400.0   120.0   0.0000178
800   420   0.0000364
440   330   0.0000000
600   0   0.0002383
1160.0   390.0   0.0013702
1200   165   0.0023191
960   675   0.0000178
680   210   0.0003124
760   120   0.0005278
250.0   40.0   0.0000000
1440   510   0.0018819
760   285   0.0002370
920   525   0.0001959
760   645   0.0000000
1160   90   0.0031525
960   630   0.0000892
400   120   0.0000180
1200   105   0.0028754
1080   630   0.0003866
920   120   0.0013019
1120   660   0.0003470
1280   180   0.0027698
600   300   0.0000000
1240   750   0.0002567
1160.0   660.0   0.0004325
520   270   0.0000182
720.0   540.0   0.0000184
880   60   0.0013981
880   720   0.0000000
1160.0   540.0   0.0008657
1160   420   0.0013130
100.0   0.0   0.0000000
250.0   120.0   0.0000000
1360   180   0.0029405
880   180   0.0013372
440   0   0.0000181
640   300   0.0000551
720   360   0.0001281
400   240   0.0000000
600   480   0.0000000
840   390   0.0001624
600   120   0.0002578
440   90   0.0000720
1000   420   0.0008177
920   60   0.0016492
1200   270   0.0017424
520   60   0.0000733
1320.0   600.0   0.0011713
1080   360   0.0012420
960   60   0.0016947
1200   570   0.0009267
440   30   0.0000361
1480   525   0.0020614
760   60   0.0010411
720   120   0.0008274
1280   405   0.0018909
720   270   0.0003844
1520   495   0.0021476
1280.0   690.0   0.0006814
300.0   80.0   0.0000000
840   540   0.0000907
800.0   180.0   0.0006549
1120   90   0.0025531
680.0   120.0   0.0004961
480   450   0.0000000
600   330   0.0000368
800.0   570.0   0.0000365
920   300   0.0006960
1040   420   0.0007075
300.0   200.0   0.0000000
1320   330   0.0028353
880   150   0.0010767
960   720   0.0000000
480   60   0.0001099
1120   450   0.0010944
880.0   270.0   0.0007394
1560   450   0.0024781
600   510   0.0000000
800   300   0.0004376
420.0   396.0   0.0000000
1480   585   0.0018829
1320.0   570.0   0.0013679
1360   360   0.0021500
1440   270   0.0026391
1320.0   690.0   0.0009123
1120   150   0.0022154
1080   0   0.0021880
1080   120   0.0020310
1160   450   0.0010437
920   390   0.0005380
1320   360   0.0021406
1160   210   0.0022387
560   480   0.0000000
720   0   0.0006601
1240   540   0.0010459
1040   390   0.0010562
560   390   0.0000000
600   450   0.0000000
1600   15   0.0038045
1120   480   0.0009949
1240.0   90.0   0.0027513
600.0   594.0   0.0000000
1160.0   690.0   0.0002938
1120   750   0.0001216
960   360   0.0007967
1280.0   540.0   0.0014449
1160   330   0.0016455
1520   75   0.0035926
800   360   0.0003083
1240   135   0.0027362
1320   60   0.0033725
1280   480   0.0016828
1080   150   0.0020337
240.0   234.0   0.0000000
1160.0   510.0   0.0009741
640   30   0.0003312
1560   270   0.0026408
150.0   0.0   0.0000000
1160   555   0.0008170
440   120   0.0000000
1080   210   0.0014676
960   210   0.0013014
1120   180   0.0022026
1560   570   0.0022520
1240   180   0.0023620
1280.0   570.0   0.0011713
480   0   0.0001089
1080   390   0.0013109
1200   390   0.0017090
680   390   0.0000183
880   0   0.0017927
180.0   171.0   0.0000000
440   240   0.0000539
520   150   0.0000727
800   90   0.0009832
440   300   0.0000000
560   60   0.0002391
720   450   0.0000548
1360.0   600.0   0.0016631
250.0   200.0   0.0000000
720   30   0.0007718
1320.0   450.0   0.0017171
1520   15   0.0039929
200.0   120.0   0.0000000
1080   480   0.0007555
1600   435   0.0029919
100.0   40.0   0.0000000
300.0   280.0   0.0000000
1240   255   0.0021439
1280   630   0.0009230
880   660   0.0000000
600   420   0.0000000
880   390   0.0005029
1360.0   90.0   0.0032049
1040   480   0.0005962
1000   210   0.0013437
640   570   0.0000000
960   300   0.0010020
1280   330   0.0022175
1000   720   0.0000177
1200   420   0.0015990
1360.0   540.0   0.0017153
560   210   0.0000919
150.0   120.0   0.0000000
880   360   0.0005040
1000   0   0.0021581
1320.0   270.0   0.0024389
1200   240   0.0022694
680   480   0.0000000
400   180   0.0000359
960   90   0.0018513
1160   120   0.0024978
420.0   414.0   0.0000000
1280.0   660.0   0.0008965
840   270   0.0007229
350.0   240.0   0.0000000
1320.0   420.0   0.0021623
720   150   0.0006948
480   30   0.0001091
1320   0   0.0037310
1560   330   0.0028267
480   240   0.0000000
960   150   0.0014111
1040   690   0.0000703
1320.0   660.0   0.0009661
1280   90   0.0033661
250.0   0.0   0.0000000
1400   255   0.0026274
1360.0   570.0   0.0016450
680   450   0.0000183
1120.0   690.0   0.0001222
1360.0   210.0   0.0030790
1200   480   0.0010664
400   210   0.0000179
1360   630   0.0012571
400.0   80.0   0.0000180
1200   180   0.0022078
520   30   0.0000914
400   300   0.0000000
760.0   210.0   0.0005294
840   300   0.0005232
1360.0   60.0   0.0033195
200.0   160.0   0.0000000
720   60   0.0008284
920   630   0.0000000
920   0   0.0013613
1200   330   0.0018621
440   270   0.0000180
1240   510   0.0015268
1120   300   0.0017911
960   270   0.0010573
960   390   0.0008206
1320   750   0.0007599
680   240   0.0001288
1000   570   0.0001243
960   420   0.0004793
400   60   0.0000000
800.0   630.0   0.0000000
640   240   0.0001289
400.0   40.0   0.0000359
1040   540   0.0004757
840   90   0.0008662
1240   660   0.0008060
1240   360   0.0019645
880   540   0.0001270
640   390   0.0000550
1160   180   0.0022035
1400   555   0.0017158
300.0   160.0   0.0000000
520   300   0.0000000
920   150   0.0013454
640   60   0.0003296
680   510   0.0000000
1320   480   0.0014215
1080   420   0.0011400
800   240   0.0005656
1320.0   630.0   0.0009428
920   270   0.0008945
1520   675   0.0019548
1120   570   0.0005917
1040   600   0.0001938
1360.0   300.0   0.0023506
250.0   240.0   0.0000000
760   375   0.0001636
760   510   0.0000182
1480   105   0.0034084
1240.0   120.0   0.0027260
1040   630   0.0002821
800   390   0.0002006
660.0   612.0   0.0000000
800.0   690.0   0.0000000
680   630   0.0000000
1200   300   0.0020160
1080   705   0.0001231
350.0   80.0   0.0000000
1000   360   0.0009374
1040   660   0.0002469
60.0   18.0   0.0000000
1360   255   0.0027984
480   90   0.0000363
760   330   0.0001279
840   480   0.0001267
1360   330   0.0025898
1000   540   0.0002662
560   300   0.0000000
720   420   0.0000550
1080   240   0.0019061
680.0   660.0   0.0000000
1360   105   0.0032167
920   90   0.0016121
1080   60   0.0025682
1560   90   0.0039278
1200   525   0.0010361
800   60   0.0010338
1400   315   0.0024361
640   480   0.0000000
1240.0   600.0   0.0007701
400   30   0.0000357
200.0   0.0   0.0000000
840   630   0.0000000
1600   705   0.0015935
680   30   0.0005696
100.0   80.0   0.0000000
1600   495   0.0025944
960   570   0.0000894
1000   120   0.0018609
1560   390   0.0027729
640   90   0.0004595
880.0   690.0   0.0000180
1360.0   690.0   0.0010920
600   30   0.0004050
720.0   630.0   0.0000000
1320.0   390.0   0.0019272
1240   390   0.0020505
1600   375   0.0030093
800   0   0.0012225
720   90   0.0005492
1240   480   0.0014314
640   150   0.0002749
1320   90   0.0029231
1440   150   0.0034520
1400   135   0.0033620
1400   435   0.0024479
1240.0   210.0   0.0024949
640   360   0.0000366
1600   195   0.0033115
560   270   0.0000547
800.0   660.0   0.0000000
1000   270   0.0010781
800.0   600.0   0.0000000
880   120   0.0012920
800   330   0.0004013
680.0   60.0   0.0006262
800   210   0.0005661
1000   240   0.0013307
1080   450   0.0008216
760   90   0.0005656
720.0   570.0   0.0000000
760   150   0.0004392
1200   360   0.0017255
1360   750   0.0008062
1560   630   0.0018894
1000   690   0.0000356
760   600   0.0000000
1280   360   0.0018028
480   120   0.0000000
1040   240   0.0012165
300.0   288.0   0.0000000
1240   300   0.0020692
520   480   0.0000000
960.0   660.0   0.0000000
440   60   0.0000542
1280.0   600.0   0.0012265
1240   30   0.0031353
1520   315   0.0030332
1240   420   0.0016239
960   330   0.0006758
1360   420   0.0023062
300.0   252.0   0.0000000
1280   30   0.0029720
640   180   0.0002570
1040   60   0.0021578
960   240   0.0011565
840   525   0.0000906
920   705   0.0000000
1280.0   450.0   0.0016545
1280   0   0.0029438
1040   150   0.0017070
840   450   0.0001448
1040   510   0.0003692
150.0   40.0   0.0000000
1000   60   0.0015060
800   480   0.0000545
1200   750   0.0003632
1080   90   0.0021225
840   660   0.0000000
920   675   0.0000000
1240.0   570.0   0.0012696
760   30   0.0007653
480   330   0.0000000
960   540   0.0002132
1440   630   0.0015107
400   270   0.0000000
720.0   510.0   0.0000183
1160.0   270.0   0.0018867
1240   60   0.0028119
680   420   0.0000551
520   240   0.0000183
760.0   180.0   0.0004389
150.0   80.0   0.0000000
880   450   0.0002708
840   60   0.0011302
480.0   468.0   0.0000000
800   150   0.0008747
720.0   702.0   0.0000000
560   90   0.0001839
720.0   660.0   0.0000000
1120   270   0.0020601
960.0   630.0   0.0001070
480   270   0.0000548
1040   210   0.0018023
960   750   0.0000000
880   90   0.0011758
1200   60   0.0030543
840   180   0.0010883
1200   450   0.0013436
1040   270   0.0013746
800   120   0.0007473
1400   615   0.0012374
560   120   0.0001476
640   120   0.0001662
1520   615   0.0016171
720   210   0.0003853
60.0   54.0   0.0000000
1200   210   0.0020816
840.0   120.0   0.0010147
1360.0   450.0   0.0018627
800   30   0.0010799
1320.0   240.0   0.0025870
1280.0   510.0   0.0014455
1240.0   690.0   0.0005496
1040   300   0.0014438
1520   435   0.0023765
1160   750   0.0002945
600   90   0.0002774
1000   300   0.0011858
640   210   0.0001846
1600   315   0.0030410
1200.0   690.0   0.0005511
1280   60   0.0029802
440   150   0.0000542
400.0   200.0   0.0000178
1560   690   0.0014065
350.0   0.0   0.0000000
720   180   0.0004224
1000   30   0.0020402
1000   450   0.0007048
1280   240   0.0024442
1160.0   300.0   0.0019574
660.0   648.0   0.0000000
760   465   0.0000183
1440   210   0.0031023
1080   270   0.0014730
1080   300   0.0016598
1080   180   0.0018449
1000   90   0.0021193
350.0   160.0   0.0000000
1160.0   360.0   0.0012779
840   30   0.0011576
560   510   0.0000000
560   450   0.0000000
1520   375   0.0028141
560   420   0.0000000
1160.0   570.0   0.0007960
440   180   0.0000543
1040   0   0.0024164
520   0   0.0001836
1440   330   0.0027098
1480   225   0.0028661
1480   645   0.0016811
1200   645   0.0006892
1120   330   0.0018213
1080   495   0.0005786
1160   0   0.0027859
960   180   0.0015303
1120   210   0.0021743
760.0   690.0   0.0000000
350.0   280.0   0.0000000
1040   570   0.0004029
880   240   0.0009178
1240   330   0.0018986
300.0   40.0   0.0000341
1120   525   0.0006434
920   360   0.0006081
1360.0   150.0   0.0036361
520   120   0.0000733
1040   360   0.0013075
680   600   0.0000000
1320   300   0.0025528
680   570   0.0000000
600   150   0.0001102
520   90   0.0000916
1320   540   0.0015730
1600   135   0.0037196
720.0   666.0   0.0000000
600   360   0.0000184
480   150   0.0000549
200.0   40.0   0.0000000
680   0   0.0006039
800   450   0.0001633
920   180   0.0011058
1320   150   0.0033105
1040   30   0.0023488
840   330   0.0002907
1400   75   0.0037310
800   270   0.0004550
1520   195   0.0036757
640   510   0.0000000
960   450   0.0005164
880   600   0.0000362
1520   135   0.0033591
1040   90   0.0017517
840   570   0.0000182
1600   255   0.0029704
400.0   0.0   0.0000897
1480   405   0.0025059
400   90   0.0000357
1560   30   0.0037703
720.0   600.0   0.0000000
1120.0   0.0   0.0028859
