#MA5 EffMap for txName: T5WW , Analysis: cms_sus_13_012 , SR: 3NJet6_800HT1000_450MHT600
# Mother Interm Daughter  Eff. 
1440.0   700.0   0.0364672
360.0   250.0   0.0003389
840.0   350.0   0.0265215
480.0   350.0   0.0011359
1020.0   600.0   0.0210107
120.0   50.0   0.0000000
600.0   400.0   0.0020695
1380.0   200.0   0.0058261
1620.0   450.0   0.0045719
420.0   400.0   0.0004213
1020.0   300.0   0.0387280
1500.0   700.0   0.0267659
1380.0   700.0   0.0453726
1500.0   1   0.0003138
1440.0   300.0   0.0064234
420.0   250.0   0.0006786
1320.0   200.0   0.0073563
1500.0   150.0   0.0028737
1140.0   650.0   0.0396732
960.0   400.0   0.0448981
780.0   300.0   0.0195558
720.0   400.0   0.0055794
600.0   200.0   0.0052163
1140.0   250.0   0.0202864
780.0   700.0   0.0018739
420.0   50.0   0.0004389
1320.0   700.0   0.0557957
300.0   250.0   0.0002059
540.0   150.0   0.0029371
1560.0   300.0   0.0038182
1440.0   600.0   0.0234046
1620.0   600.0   0.0088103
540.0   200.0   0.0024981
1560.0   350.0   0.0041284
840.0   600.0   0.0035856
1200.0   550.0   0.0492542
1440.0   400.0   0.0087396
1500.0   450.0   0.0092934
1020.0   250.0   0.0332688
840.0   550.0   0.0044610
1080.0   450.0   0.0508926
540.0   400.0   0.0016729
780.0   500.0   0.0043599
1260.0   200.0   0.0100259
780.0   250.0   0.0273218
900.0   650.0   0.0037610
1440.0   250.0   0.0055309
1140.0   50.0   0.0059388
600.0   1   0.0020807
900.0   1   0.0034618
840.0   450.0   0.0118686
1140.0   500.0   0.0532434
1320.0   350.0   0.0130906
600.0   550.0   0.0010619
1080.0   150.0   0.0180907
1440.0   550.0   0.0179737
660.0   400.0   0.0031058
1500.0   400.0   0.0072463
1080.0   700.0   0.0137948
1680.0   550.0   0.0057175
120.0   1   0.0000000
1260.0   550.0   0.0424367
1560.0   550.0   0.0098109
660.0   200.0   0.0109161
1200.0   600.0   0.0553188
720.0   100.0   0.0202252
1380.0   450.0   0.0159464
960.0   700.0   0.0050398
900.0   400.0   0.0321089
1080.0   300.0   0.0327167
1200.0   200.0   0.0137333
480.0   250.0   0.0011606
780.0   550.0   0.0036579
1620.0   700.0   0.0141597
720.0   200.0   0.0202866
900.0   300.0   0.0438897
960.0   100.0   0.0211538
1140.0   400.0   0.0384812
1680.0   400.0   0.0029572
900.0   200.0   0.0379009
780.0   600.0   0.0029581
1020.0   550.0   0.0317822
1560.0   500.0   0.0080108
780.0   50.0   0.0156741
720.0   150.0   0.0226344
1380.0   500.0   0.0197612
420.0   350.0   0.0007678
1020.0   100.0   0.0170059
1140.0   150.0   0.0135914
540.0   500.0   0.0008857
240.0   50.0   0.0000180
1380.0   1   0.0005491
420.0   200.0   0.0006046
180.0   150.0   0.0000148
1020.0   650.0   0.0117048
1080.0   600.0   0.0354789
660.0   600.0   0.0011323
480.0   300.0   0.0009906
420.0   1   0.0002909
600.0   150.0   0.0069468
900.0   150.0   0.0330475
1200.0   300.0   0.0193838
1320.0   1   0.0004101
1680.0   650.0   0.0082901
720.0   50.0   0.0130522
600.0   500.0   0.0017569
1320.0   300.0   0.0109710
1020.0   350.0   0.0465258
1500.0   550.0   0.0132679
780.0   400.0   0.0097767
1680.0   250.0   0.0020222
660.0   150.0   0.0130259
1260.0   450.0   0.0271146
1260.0   350.0   0.0191424
960.0   350.0   0.0472839
1620.0   150.0   0.0018477
960.0   1   0.0023451
1260.0   700.0   0.0575820
1260.0   500.0   0.0338895
780.0   1   0.0037855
1200.0   450.0   0.0365633
600.0   450.0   0.0022011
1380.0   650.0   0.0384811
1560.0   400.0   0.0056174
600.0   100.0   0.0072618
600.0   350.0   0.0018348
540.0   350.0   0.0018296
540.0   300.0   0.0014615
960.0   200.0   0.0347113
1680.0   200.0   0.0015987
900.0   50.0   0.0139984
840.0   400.0   0.0187243
1080.0   1   0.0016195
1560.0   650.0   0.0155744
1320.0   100.0   0.0048236
960.0   450.0   0.0390927
1320.0   650.0   0.0488318
660.0   50.0   0.0084851
300.0   1   0.0000171
900.0   600.0   0.0056086
780.0   450.0   0.0057832
1680.0   1   0.0001363
600.0   50.0   0.0044416
1260.0   100.0   0.0059380
420.0   100.0   0.0004933
780.0   650.0   0.0024739
780.0   200.0   0.0304089
900.0   550.0   0.0093463
960.0   300.0   0.0447795
1140.0   100.0   0.0106590
1200.0   100.0   0.0077514
1680.0   100.0   0.0010069
1140.0   300.0   0.0252288
480.0   450.0   0.0005609
540.0   50.0   0.0023218
720.0   1   0.0038370
480.0   50.0   0.0008391
1560.0   700.0   0.0213008
660.0   350.0   0.0041639
1680.0   350.0   0.0024815
960.0   50.0   0.0119677
1200.0   650.0   0.0539924
960.0   550.0   0.0165921
360.0   300.0   0.0005561
1380.0   600.0   0.0313363
1680.0   150.0   0.0011392
780.0   100.0   0.0262571
1560.0   200.0   0.0025567
1260.0   150.0   0.0084282
1020.0   700.0   0.0071079
1440.0   200.0   0.0050497
1500.0   50.0   0.0012906
1620.0   300.0   0.0029384
600.0   300.0   0.0026597
1260.0   300.0   0.0151169
1380.0   300.0   0.0082840
1500.0   350.0   0.0060899
1500.0   250.0   0.0041225
1080.0   250.0   0.0253459
960.0   650.0   0.0065689
1560.0   600.0   0.0124034
1620.0   500.0   0.0058698
1560.0   250.0   0.0032770
1560.0   1   0.0002747
660.0   500.0   0.0021579
1320.0   250.0   0.0094397
480.0   100.0   0.0020225
1560.0   50.0   0.0011219
1320.0   500.0   0.0258558
1080.0   100.0   0.0138771
720.0   550.0   0.0022585
1620.0   550.0   0.0078708
840.0   700.0   0.0025144
1200.0   1   0.0011342
1500.0   100.0   0.0024191
900.0   700.0   0.0035339
1440.0   500.0   0.0146299
1140.0   450.0   0.0459219
1260.0   1   0.0007531
840.0   300.0   0.0330815
1320.0   600.0   0.0392484
480.0   400.0   0.0012476
1020.0   200.0   0.0277860
1020.0   400.0   0.0494685
720.0   300.0   0.0118334
480.0   1   0.0004457
1200.0   250.0   0.0153721
1380.0   100.0   0.0032067
720.0   350.0   0.0072553
900.0   350.0   0.0409303
240.0   1   0.0000000
840.0   50.0   0.0155204
1680.0   300.0   0.0024454
900.0   100.0   0.0254617
1440.0   150.0   0.0037840
720.0   500.0   0.0030109
720.0   700.0   0.0008921
600.0   250.0   0.0036750
900.0   450.0   0.0221441
420.0   150.0   0.0005841
960.0   250.0   0.0399246
1500.0   600.0   0.0166205
420.0   300.0   0.0007124
1680.0   500.0   0.0047660
360.0   50.0   0.0001974
300.0   150.0   0.0001197
1080.0   200.0   0.0223837
1320.0   400.0   0.0161345
180.0   50.0   0.0000148
1500.0   650.0   0.0217074
1140.0   350.0   0.0315327
1320.0   150.0   0.0061052
1200.0   50.0   0.0044380
780.0   150.0   0.0316016
720.0   250.0   0.0161094
1620.0   400.0   0.0042607
1080.0   400.0   0.0460222
1020.0   450.0   0.0474714
1080.0   650.0   0.0240800
1500.0   500.0   0.0108021
780.0   350.0   0.0149141
660.0   100.0   0.0126024
300.0   100.0   0.0000513
540.0   1   0.0009954
960.0   600.0   0.0101516
1620.0   650.0   0.0116709
180.0   100.0   0.0000148
1080.0   550.0   0.0470818
1260.0   250.0   0.0116554
660.0   250.0   0.0079321
1560.0   100.0   0.0015213
1260.0   650.0   0.0561209
1020.0   1   0.0020839
1440.0   350.0   0.0081851
840.0   200.0   0.0384767
1200.0   150.0   0.0109950
1620.0   250.0   0.0023462
1080.0   50.0   0.0071824
120.0   100.0   0.0000133
1020.0   500.0   0.0430826
1380.0   350.0   0.0110621
1620.0   50.0   0.0006000
540.0   250.0   0.0017852
480.0   200.0   0.0011368
1140.0   550.0   0.0539406
1680.0   50.0   0.0007161
540.0   450.0   0.0014719
660.0   550.0   0.0018891
300.0   200.0   0.0001539
1080.0   500.0   0.0518152
1440.0   100.0   0.0028606
1620.0   350.0   0.0031365
300.0   50.0   0.0000686
1200.0   700.0   0.0446522
1620.0   1   0.0002048
360.0   200.0   0.0003756
720.0   650.0   0.0013974
1380.0   50.0   0.0018445
900.0   250.0   0.0418854
1140.0   1   0.0016191
1140.0   600.0   0.0489253
1620.0   100.0   0.0015414
1440.0   50.0   0.0014037
960.0   150.0   0.0286166
1020.0   150.0   0.0225406
960.0   500.0   0.0265366
1620.0   200.0   0.0016745
900.0   500.0   0.0139617
840.0   650.0   0.0032268
840.0   500.0   0.0071217
1560.0   150.0   0.0023437
1080.0   350.0   0.0381056
1200.0   500.0   0.0423439
480.0   150.0   0.0015275
660.0   300.0   0.0049567
1140.0   700.0   0.0277357
840.0   150.0   0.0338337
1140.0   200.0   0.0173307
1380.0   250.0   0.0073030
1020.0   50.0   0.0105447
360.0   100.0   0.0002683
240.0   100.0   0.0000000
1680.0   700.0   0.0108952
240.0   200.0   0.0001808
60.0   1   0.0000000
1260.0   400.0   0.0227481
840.0   100.0   0.0283665
1380.0   400.0   0.0124753
1200.0   350.0   0.0241560
1320.0   50.0   0.0026573
1500.0   200.0   0.0035567
180.0   1   0.0000000
1320.0   450.0   0.0206272
360.0   150.0   0.0002143
1380.0   150.0   0.0048415
1440.0   1   0.0004372
1500.0   300.0   0.0045777
1320.0   550.0   0.0321441
540.0   100.0   0.0030277
360.0   1   0.0001067
660.0   450.0   0.0022552
840.0   1   0.0032634
660.0   1   0.0025675
