#MA5 EffMap for txName: T5 , Analysis: atlas_susy_2013_04 , SR: GtGrid_SR_9ej50_2ibjet
# Mother Interm Daughter  Eff. 
60.0   1   0.0000000
480.0   200.0   0.0000000
1260.0   300.0   0.0001897
1440.0   1   0.0006160
600.0   450.0   0.0000315
1500.0   200.0   0.0001051
780.0   1   0.0001996
1020.0   700.0   0.0000000
720.0   250.0   0.0000438
1080.0   400.0   0.0000475
1080.0   1   0.0003807
900.0   700.0   0.0000000
780.0   150.0   0.0000978
1620.0   500.0   0.0002455
1380.0   450.0   0.0001299
1560.0   150.0   0.0005228
420.0   150.0   0.0000000
1260.0   600.0   0.0000000
780.0   300.0   0.0001741
240.0   1   0.0000159
300.0   50.0   0.0000171
1380.0   50.0   0.0005611
900.0   250.0   0.0001429
540.0   350.0   0.0000000
1080.0   650.0   0.0000000
840.0   200.0   0.0000223
120.0   1   0.0000000
1320.0   400.0   0.0001508
1200.0   400.0   0.0001970
1680.0   400.0   0.0004357
1680.0   450.0   0.0001939
1440.0   450.0   0.0001766
1200.0   650.0   0.0001388
1560.0   1   0.0006615
600.0   400.0   0.0000000
960.0   550.0   0.0000000
1260.0   700.0   0.0001050
1620.0   350.0   0.0004291
1140.0   100.0   0.0002644
1560.0   600.0   0.0002821
1620.0   550.0   0.0002220
1320.0   600.0   0.0000772
480.0   100.0   0.0000000
720.0   150.0   0.0001422
1500.0   400.0   0.0002079
1020.0   650.0   0.0000000
1020.0   600.0   0.0000000
540.0   1   0.0000415
960.0   450.0   0.0000000
1440.0   250.0   0.0003329
1140.0   600.0   0.0000620
1680.0   1   0.0006402
1140.0   1   0.0003746
1020.0   550.0   0.0000000
1320.0   450.0   0.0001479
1200.0   50.0   0.0003731
1620.0   200.0   0.0005538
360.0   50.0   0.0000350
300.0   100.0   0.0000173
960.0   600.0   0.0000000
1260.0   200.0   0.0002130
1320.0   650.0   0.0001168
1440.0   100.0   0.0005758
840.0   450.0   0.0000000
1080.0   150.0   0.0003762
600.0   150.0   0.0000408
840.0   550.0   0.0000402
1020.0   400.0   0.0000318
780.0   450.0   0.0000000
1500.0   250.0   0.0003545
900.0   150.0   0.0001938
1560.0   50.0   0.0004919
1560.0   550.0   0.0002381
1380.0   250.0   0.0004696
1140.0   550.0   0.0000248
540.0   500.0   0.0000000
1380.0   550.0   0.0001869
840.0   250.0   0.0000347
360.0   1   0.0000000
480.0   250.0   0.0000000
780.0   600.0   0.0000000
1560.0   450.0   0.0001909
840.0   400.0   0.0001175
1140.0   250.0   0.0001846
540.0   100.0   0.0000462
1500.0   450.0   0.0002556
1440.0   150.0   0.0003775
420.0   300.0   0.0000000
1440.0   50.0   0.0005395
1620.0   250.0   0.0004567
1440.0   400.0   0.0002463
1200.0   550.0   0.0000000
600.0   50.0   0.0000193
1200.0   500.0   0.0000374
1500.0   50.0   0.0012208
1320.0   100.0   0.0006065
480.0   300.0   0.0000000
240.0   150.0   0.0000000
1080.0   700.0   0.0000000
660.0   500.0   0.0000000
1260.0   250.0   0.0004423
1200.0   450.0   0.0001514
1380.0   500.0   0.0002426
1260.0   150.0   0.0005293
1020.0   350.0   0.0000761
840.0   500.0   0.0000000
1680.0   500.0   0.0003035
660.0   1   0.0001481
780.0   100.0   0.0004389
1320.0   200.0   0.0005688
1620.0   150.0   0.0004195
720.0   400.0   0.0000000
1440.0   500.0   0.0001797
900.0   1   0.0001293
420.0   350.0   0.0000000
1500.0   300.0   0.0009210
240.0   200.0   0.0000167
660.0   300.0   0.0000000
600.0   100.0   0.0000444
840.0   650.0   0.0000000
1260.0   350.0   0.0002254
660.0   100.0   0.0001446
1620.0   300.0   0.0001050
1680.0   550.0   0.0003388
1560.0   350.0   0.0003061
1560.0   250.0   0.0003826
720.0   100.0   0.0000000
960.0   400.0   0.0000647
960.0   300.0   0.0000899
1380.0   400.0   0.0002445
600.0   300.0   0.0000000
960.0   350.0   0.0000000
1260.0   1   0.0003914
420.0   1   0.0000000
1620.0   400.0   0.0002214
780.0   500.0   0.0000000
720.0   600.0   0.0000000
720.0   500.0   0.0000287
660.0   600.0   0.0000000
1620.0   600.0   0.0002207
1080.0   600.0   0.0000433
1080.0   450.0   0.0000000
660.0   400.0   0.0000000
300.0   200.0   0.0000000
480.0   400.0   0.0000000
1380.0   150.0   0.0003598
1500.0   700.0   0.0000982
1500.0   650.0   0.0000977
360.0   300.0   0.0000000
900.0   500.0   0.0000000
840.0   350.0   0.0001100
1680.0   50.0   0.0007426
1500.0   350.0   0.0001829
1080.0   250.0   0.0000812
480.0   1   0.0000787
720.0   450.0   0.0000000
840.0   150.0   0.0002168
1200.0   700.0   0.0000000
540.0   50.0   0.0001337
660.0   450.0   0.0000269
1020.0   450.0   0.0000288
1140.0   450.0   0.0001178
1020.0   1   0.0005709
540.0   200.0   0.0000000
600.0   250.0   0.0000000
540.0   250.0   0.0000498
1080.0   550.0   0.0000000
1320.0   700.0   0.0000234
1260.0   50.0   0.0004321
1440.0   550.0   0.0003044
1680.0   250.0   0.0003791
1200.0   100.0   0.0004390
1320.0   1   0.0004444
420.0   250.0   0.0000000
600.0   200.0   0.0000000
1560.0   300.0   0.0004224
1680.0   600.0   0.0002497
1380.0   700.0   0.0000294
780.0   700.0   0.0000000
1320.0   500.0   0.0000537
720.0   300.0   0.0000000
960.0   100.0   0.0001409
900.0   450.0   0.0000375
780.0   250.0   0.0000339
720.0   550.0   0.0000287
1440.0   350.0   0.0002172
780.0   200.0   0.0000951
1680.0   300.0   0.0004316
1320.0   550.0   0.0000576
780.0   650.0   0.0000000
1320.0   300.0   0.0002734
180.0   1   0.0000000
1380.0   1   0.0005502
180.0   50.0   0.0000000
1200.0   350.0   0.0001451
1560.0   100.0   0.0006915
600.0   550.0   0.0000535
1380.0   600.0   0.0001215
720.0   50.0   0.0001036
1260.0   650.0   0.0000409
900.0   200.0   0.0001529
1560.0   400.0   0.0001411
960.0   500.0   0.0000000
1320.0   150.0   0.0001948
900.0   400.0   0.0000318
600.0   350.0   0.0000000
1440.0   600.0   0.0002052
1140.0   400.0   0.0001021
420.0   100.0   0.0000363
780.0   350.0   0.0000704
1620.0   1   0.0005568
1560.0   500.0   0.0001665
1080.0   300.0   0.0001836
1680.0   350.0   0.0004279
1020.0   250.0   0.0001887
240.0   50.0   0.0000000
1680.0   100.0   0.0006676
1560.0   700.0   0.0000271
1260.0   400.0   0.0000781
540.0   300.0   0.0000000
1440.0   300.0   0.0002592
1620.0   50.0   0.0003486
1260.0   100.0   0.0003477
1260.0   500.0   0.0000594
1260.0   450.0   0.0001699
1200.0   300.0   0.0001182
1140.0   350.0   0.0001255
960.0   150.0   0.0000806
1440.0   650.0   0.0002082
1380.0   350.0   0.0003114
300.0   1   0.0000330
1080.0   100.0   0.0001843
900.0   100.0   0.0002172
1380.0   200.0   0.0003943
1680.0   200.0   0.0007311
1620.0   450.0   0.0001987
780.0   550.0   0.0000000
420.0   200.0   0.0000189
1020.0   50.0   0.0002996
1200.0   1   0.0004016
900.0   600.0   0.0000226
540.0   150.0   0.0000000
840.0   50.0   0.0002636
1140.0   300.0   0.0001706
1140.0   650.0   0.0000000
1560.0   200.0   0.0003181
1140.0   200.0   0.0001945
480.0   50.0   0.0000949
360.0   150.0   0.0000000
360.0   250.0   0.0000000
660.0   250.0   0.0000298
1140.0   700.0   0.0000000
360.0   100.0   0.0000000
960.0   650.0   0.0000000
840.0   700.0   0.0000225
1440.0   200.0   0.0003964
900.0   550.0   0.0000591
900.0   350.0   0.0000670
300.0   250.0   0.0000000
300.0   150.0   0.0000000
840.0   300.0   0.0000000
1140.0   150.0   0.0002534
1020.0   100.0   0.0002987
1500.0   150.0   0.0006019
360.0   200.0   0.0000000
120.0   50.0   0.0000000
1320.0   50.0   0.0005856
1200.0   250.0   0.0002302
900.0   300.0   0.0000000
1680.0   700.0   0.0000798
1020.0   300.0   0.0000672
1500.0   100.0   0.0002927
1380.0   100.0   0.0006528
660.0   200.0   0.0001130
780.0   400.0   0.0000000
1380.0   650.0   0.0000000
960.0   250.0   0.0001828
960.0   700.0   0.0000000
660.0   350.0   0.0000323
900.0   650.0   0.0000000
1200.0   150.0   0.0002917
720.0   650.0   0.0000246
1260.0   550.0   0.0000578
960.0   1   0.0002369
1680.0   650.0   0.0001639
840.0   100.0   0.0001709
720.0   350.0   0.0000000
1320.0   350.0   0.0002495
1020.0   500.0   0.0000000
780.0   50.0   0.0001700
180.0   100.0   0.0000000
1620.0   100.0   0.0005782
660.0   150.0   0.0000901
960.0   50.0   0.0002693
600.0   500.0   0.0000307
1620.0   700.0   0.0002080
1560.0   650.0   0.0001753
840.0   600.0   0.0000000
900.0   50.0   0.0001942
1200.0   200.0   0.0004436
720.0   200.0   0.0000000
1440.0   700.0   0.0002168
1500.0   550.0   0.0000000
1080.0   350.0   0.0000389
1200.0   600.0   0.0000673
1080.0   50.0   0.0005508
1320.0   250.0   0.0004536
720.0   1   0.0002035
1080.0   200.0   0.0002376
240.0   100.0   0.0000000
420.0   50.0   0.0000251
1680.0   150.0   0.0007256
1380.0   300.0   0.0004403
1020.0   200.0   0.0001192
480.0   150.0   0.0000000
600.0   1   0.0001559
540.0   450.0   0.0000000
1140.0   500.0   0.0000000
540.0   400.0   0.0000000
660.0   50.0   0.0001794
840.0   1   0.0001270
660.0   550.0   0.0000000
1500.0   1   0.0006765
960.0   200.0   0.0001904
1500.0   500.0   0.0001281
1500.0   600.0   0.0000925
1020.0   150.0   0.0003765
1080.0   500.0   0.0000442
1140.0   50.0   0.0003961
480.0   350.0   0.0000000
1620.0   650.0   0.0001234
