100 0 4.67358189303
100 25 1.68130024176
100 50 2.03173348126
100 75 13.661150913
112.5 50 1.43735979353
125 0 2.09936738587
125 25 3.43073164474
125 50 1.4078982158
125 75 1.72659590374
125 100 13.9419745346
137.5 50 1.38901355923
150 0 0.745154022706
150 25 0.939173435029
150 37.5 1.30481393285
150 50 2.02271396123
150 62.5 1.29603720203
150 75 1.15525087222
150 100 1.59000554145
162.5 50 0.946458337655
175 0 0.409887576657
175 25 0.419344940587
175 50 0.679523450262
175 75 1.46220440562
175 100 1.15948292529
187.5 50 0.478422744257
200 0 0.283303919545
200 25 0.283513601139
200 50 0.323687800408
200 75 0.51415415783
200 100 1.19471188547
200 150 1.32790798682
250 0 0.143520277661
250 50 0.161540472077
250 100 0.245916599449
250 150 0.835158576872
250 200 1.22357799317
300 0 0.106802912447
300 50 0.114613865669
300 100 0.140536475298
300 150 0.219935905508
300 200 0.767945670395
300 250 1.28291408883
350 0 0.0915024550088
350 50 0.0952995837218
350 100 0.105917896713
350 150 0.12553437328
350 200 0.196790817917
350 250 0.691546596358
350 300 1.25011325435
400 0 0.0829122319086
400 50 0.0794942642732
400 100 0.0877809059709
400 150 0.100620684799
400 200 0.113391022291
400 250 0.17541104673
400 300 0.818491079817
400 350 1.11726422829
450 0 0.0768717407851
450 50 0.0721897569139
450 100 0.0761226881796
450 150 0.0827447669096
450 200 0.0932248979207
450 250 0.108551456075
450 300 0.175752501907
450 350 0.657845549919
450 400 1.15487179873
