#mstau mreco bg bg_error nobs eff_full exp_ul_full(fb) obs_ul_full(fb) eff_fast exp_ul_fast(fb) obs_ul_fast(fb) 
126 0 44 9 42 0.24 4.38 4.11 0.24 4.53 4.24
156 0 44 9 42 0.28 3.66 3.43 0.29 3.81 3.57
200 100 5.6 1.1 7 0.34 1.06 1.28 0.35 1.08 1.30
247 100 5.6 1.1 7 0.40 0.90 1.09 0.40 0.93 1.13
308 100 5.6 1.1 7 0.46 0.77 0.93 0.47 0.79 0.96
370 200 0.56 0.11 0 0.53 0.41 0.31 0.53 0.42 0.32
494 200 0.56 0.11 0 0.61 0.36 0.27 0.62 0.37 0.28
745 300 0.09 0.02 0 0.66 0.24 0.24 0.67 0.25 0.24
1029 300 0.09 0.02 0 0.58 0.28 0.27 0.59 0.28 0.27
