450 0 302
450 50 512
450 100 734
500 0 201
500 50 228
500 100 313
500 150 570
550 0 142
550 50 173
550 100 171
550 150 271
550 200 397
600 0 101
600 50 135
600 100 120
600 150 153
600 200 244
600 250 769
650 0 87
650 50 96
650 100 92
650 150 103
650 200 132
650 250 239
650 300 393
700 0 75
700 50 77
700 100 85
700 150 106
700 200 105
700 250 142
700 300 200
700 350 416
750 0 69
750 50 72
750 100 71
750 150 86
750 200 85
750 250 96
750 300 128
750 350 233
750 400 384
800 0 63
800 50 64
800 100 67
800 150 74
800 200 76
800 250 89
800 300 96
800 350 124
800 400 210
800 450 284
850 0 63
850 50 64
850 100 63
850 150 62
850 200 71
850 250 85
850 300 85
850 350 108
850 400 137
850 450 217
850 500 392
900 0 61
900 50 53
900 100 63
900 150 58
900 200 63
900 250 66
900 300 76
900 350 76
900 400 98
900 450 134
900 500 207
900 550 335
950 0 57
950 50 63
950 100 60
950 150 60
950 200 64
950 250 66
950 300 71
950 350 78
950 400 87
950 450 109
950 500 127
950 550 219
950 600 354
1000 0 58
1000 50 52
1000 100 58
1000 150 59
1000 200 63
1000 250 60
1000 300 63
1000 350 68
1000 400 75
1000 450 93
1000 500 105
1000 550 138
1000 600 202
1000 650 407
1050 0 60
1050 50 53
1050 100 58
1050 150 54
1050 200 58
1050 250 62
1050 300 63
1050 350 69
1050 400 71
1050 450 80
1050 500 84
1050 550 106
1050 600 139
1050 650 198
1050 700 335
1100 0 58
1100 50 67
1100 100 56
1100 150 57
1100 200 58
1100 250 67
1100 300 59
1100 350 62
1100 400 67
1100 450 67
1100 500 80
1100 550 100
1100 600 109
1100 650 152
1100 700 220
1100 750 354
1150 0 63
1150 50 58
1150 100 63
1150 150 70
1150 200 61
1150 250 59
1150 300 65
1150 350 75
1150 400 65
1150 450 72
1150 500 78
1150 550 82
1150 600 89
1150 650 118
1150 700 137
1150 750 262
1150 800 412
1200 0 58
1200 50 58
1200 100 61
1200 150 61
1200 200 59
1200 250 59
1200 300 64
1200 350 76
1200 400 72
1200 450 66
1200 500 72
1200 550 72
1200 600 81
1200 650 101
1200 700 111
1200 750 166
1200 800 237
