#MA5 EffMap for txName: T1bbbb , Analysis: atlas_susy_2013_04 , SR: >=8j80,>=2bjets
# Mother  Daughter  Eff. 
900.0   640.0   0.0000715
300.0   120.0   0.0000339
420.0   360.0   0.0000000
1200.0   1   0.0048651
1620.0   360.0   0.0060986
1500.0   80.0   0.0071166
1260.0   80.0   0.0052292
1680.0   560.0   0.0041136
1260.0   600.0   0.0014192
1500.0   280.0   0.0052297
120.0   80.0   0.0000000
960.0   680.0   0.0001602
840.0   600.0   0.0001272
1020.0   560.0   0.0008891
1200.0   240.0   0.0038198
540.0   440.0   0.0000000
900.0   240.0   0.0017583
420.0   1   0.0002857
1260.0   120.0   0.0047970
600.0   80.0   0.0007567
1380.0   600.0   0.0022018
360.0   1   0.0000703
780.0   240.0   0.0010965
480.0   280.0   0.0001456
1260.0   160.0   0.0046429
1620.0   600.0   0.0035767
1260.0   680.0   0.0012801
1320.0   600.0   0.0017652
1440.0   320.0   0.0045165
960.0   480.0   0.0008026
1500.0   520.0   0.0035314
1020.0   640.0   0.0005130
1500.0   480.0   0.0036193
420.0   40.0   0.0003401
1620.0   1   0.0082717
480.0   160.0   0.0001458
1440.0   240.0   0.0059565
1680.0   40.0   0.0085609
1680.0   160.0   0.0078867
1680.0   680.0   0.0036167
1260.0   640.0   0.0012467
840.0   200.0   0.0016825
1200.0   160.0   0.0046259
840.0   560.0   0.0002351
1560.0   240.0   0.0059836
1380.0   280.0   0.0045582
960.0   200.0   0.0027680
1080.0   160.0   0.0033707
720.0   1   0.0015730
660.0   120.0   0.0007896
1440.0   280.0   0.0052357
1560.0   440.0   0.0047029
840.0   360.0   0.0010871
720.0   520.0   0.0000550
900.0   680.0   0.0000360
1560.0   600.0   0.0029391
480.0   400.0   0.0000000
1320.0   680.0   0.0014069
1200.0   680.0   0.0007921
1440.0   120.0   0.0066106
1560.0   640.0   0.0028102
780.0   400.0   0.0006201
780.0   440.0   0.0002730
1500.0   360.0   0.0045729
660.0   440.0   0.0000550
1560.0   520.0   0.0040621
600.0   440.0   0.0000369
1080.0   440.0   0.0020103
1260.0   360.0   0.0030513
1620.0   160.0   0.0078508
1500.0   560.0   0.0033713
1620.0   560.0   0.0038644
960.0   560.0   0.0005080
1080.0   480.0   0.0013852
1020.0   1   0.0032617
1320.0   40.0   0.0059122
1500.0   160.0   0.0059261
360.0   240.0   0.0000000
1560.0   200.0   0.0071224
840.0   120.0   0.0022721
900.0   440.0   0.0006294
540.0   480.0   0.0000000
540.0   360.0   0.0000000
1320.0   200.0   0.0048135
1260.0   480.0   0.0021166
900.0   400.0   0.0007555
780.0   280.0   0.0010925
1380.0   1   0.0061713
720.0   600.0   0.0000549
1680.0   640.0   0.0039346
1020.0   440.0   0.0010983
660.0   400.0   0.0001470
1320.0   640.0   0.0015874
180.0   120.0   0.0000000
600.0   320.0   0.0002019
780.0   40.0   0.0017166
1140.0   240.0   0.0031917
540.0   40.0   0.0002751
1680.0   520.0   0.0044467
660.0   320.0   0.0005325
1200.0   320.0   0.0028950
600.0   240.0   0.0002576
240.0   80.0   0.0000000
1260.0   40.0   0.0055487
540.0   320.0   0.0001466
660.0   480.0   0.0000366
780.0   160.0   0.0013760
1200.0   440.0   0.0024586
1020.0   600.0   0.0006912
1320.0   440.0   0.0032492
1140.0   560.0   0.0013594
1680.0   1   0.0093437
900.0   1   0.0024207
1200.0   80.0   0.0053526
660.0   360.0   0.0002961
1140.0   480.0   0.0015455
1200.0   200.0   0.0037462
420.0   160.0   0.0001614
360.0   160.0   0.0000175
1200.0   40.0   0.0050327
1500.0   320.0   0.0048466
360.0   280.0   0.0000000
1560.0   320.0   0.0053950
1080.0   120.0   0.0038598
900.0   600.0   0.0002160
780.0   480.0   0.0002741
540.0   120.0   0.0005707
900.0   520.0   0.0004837
900.0   200.0   0.0018105
1080.0   360.0   0.0027485
780.0   680.0   0.0000000
960.0   40.0   0.0031579
960.0   320.0   0.0018026
480.0   240.0   0.0000727
1080.0   560.0   0.0011020
1140.0   440.0   0.0019603
1440.0   40.0   0.0071675
1560.0   160.0   0.0065888
1020.0   680.0   0.0001756
1380.0   160.0   0.0050852
1440.0   520.0   0.0031897
1260.0   560.0   0.0018309
960.0   640.0   0.0003024
900.0   80.0   0.0025800
840.0   480.0   0.0004530
180.0   80.0   0.0000000
360.0   40.0   0.0000527
1140.0   320.0   0.0027322
1140.0   640.0   0.0011600
1260.0   1   0.0052544
840.0   400.0   0.0004721
900.0   120.0   0.0025779
120.0   40.0   0.0000000
1320.0   280.0   0.0044684
780.0   200.0   0.0012593
300.0   200.0   0.0000000
300.0   40.0   0.0001020
900.0   360.0   0.0013104
1440.0   600.0   0.0025411
1500.0   200.0   0.0064855
1380.0   680.0   0.0016105
720.0   320.0   0.0005470
1680.0   80.0   0.0079131
1020.0   400.0   0.0017594
1140.0   680.0   0.0008515
1620.0   280.0   0.0065942
600.0   560.0   0.0000000
1200.0   480.0   0.0024302
1020.0   320.0   0.0019154
240.0   120.0   0.0000000
1680.0   200.0   0.0081060
1200.0   600.0   0.0014103
1620.0   480.0   0.0048885
1320.0   480.0   0.0025781
1260.0   440.0   0.0026963
360.0   80.0   0.0000700
540.0   240.0   0.0001103
1500.0   600.0   0.0031309
840.0   520.0   0.0002893
1020.0   280.0   0.0022963
480.0   1   0.0003622
780.0   600.0   0.0000365
1620.0   80.0   0.0079522
1080.0   200.0   0.0030704
1080.0   400.0   0.0017093
1320.0   160.0   0.0048298
1560.0   560.0   0.0037904
900.0   280.0   0.0016336
1500.0   440.0   0.0039351
1200.0   400.0   0.0027760
1620.0   520.0   0.0041202
720.0   640.0   0.0000000
1440.0   80.0   0.0065472
720.0   80.0   0.0016060
900.0   40.0   0.0025565
420.0   240.0   0.0000179
360.0   200.0   0.0000000
660.0   600.0   0.0000000
1560.0   120.0   0.0074017
1500.0   40.0   0.0067345
960.0   120.0   0.0026736
540.0   520.0   0.0000000
960.0   520.0   0.0005710
960.0   400.0   0.0012498
1260.0   520.0   0.0020977
780.0   120.0   0.0015676
1680.0   360.0   0.0063190
1560.0   480.0   0.0041953
960.0   360.0   0.0016091
1320.0   520.0   0.0025679
720.0   360.0   0.0004587
780.0   640.0   0.0000549
660.0   40.0   0.0012885
840.0   240.0   0.0018859
420.0   280.0   0.0000000
540.0   80.0   0.0004770
720.0   480.0   0.0001284
1680.0   240.0   0.0070057
1320.0   360.0   0.0037222
1260.0   280.0   0.0039464
1140.0   1   0.0049749
1440.0   200.0   0.0063146
360.0   320.0   0.0000000
1020.0   120.0   0.0030973
300.0   1   0.0000171
1500.0   240.0   0.0060484
420.0   320.0   0.0000000
420.0   120.0   0.0001977
1080.0   80.0   0.0039971
1560.0   80.0   0.0077006
1080.0   680.0   0.0005240
1380.0   400.0   0.0036098
1140.0   120.0   0.0043103
600.0   360.0   0.0000922
720.0   440.0   0.0001655
240.0   1   0.0000162
1020.0   80.0   0.0033562
660.0   280.0   0.0005913
1200.0   120.0   0.0044991
600.0   40.0   0.0007893
1680.0   480.0   0.0049390
600.0   520.0   0.0000183
480.0   40.0   0.0002742
660.0   160.0   0.0006254
960.0   80.0   0.0038156
1020.0   360.0   0.0014847
720.0   120.0   0.0011691
1620.0   440.0   0.0045926
540.0   400.0   0.0000183
1020.0   40.0   0.0037140
600.0   160.0   0.0005692
240.0   160.0   0.0000000
1500.0   680.0   0.0025022
1440.0   480.0   0.0033200
300.0   240.0   0.0000000
1320.0   320.0   0.0045725
600.0   1   0.0009371
660.0   1   0.0011513
1500.0   120.0   0.0070650
600.0   400.0   0.0001104
480.0   360.0   0.0000182
720.0   680.0   0.0000000
780.0   560.0   0.0000730
420.0   80.0   0.0001610
1320.0   400.0   0.0030146
300.0   160.0   0.0000169
1440.0   160.0   0.0061207
1380.0   200.0   0.0050447
600.0   480.0   0.0000000
1440.0   360.0   0.0044708
780.0   1   0.0014381
840.0   640.0   0.0000360
540.0   280.0   0.0002014
660.0   520.0   0.0000000
1560.0   40.0   0.0072029
840.0   80.0   0.0021727
1080.0   240.0   0.0027843
1620.0   640.0   0.0032154
1080.0   640.0   0.0006292
1680.0   600.0   0.0042532
960.0   600.0   0.0003086
720.0   560.0   0.0000000
240.0   40.0   0.0000000
1260.0   320.0   0.0033801
1680.0   400.0   0.0055432
1380.0   80.0   0.0066085
1140.0   400.0   0.0020516
1440.0   400.0   0.0041833
60.0   40.0   0.0000000
660.0   80.0   0.0011718
900.0   480.0   0.0007346
660.0   640.0   0.0000000
1440.0   640.0   0.0020617
1380.0   440.0   0.0032424
840.0   440.0   0.0004176
480.0   440.0   0.0000000
900.0   560.0   0.0003939
420.0   200.0   0.0000180
1440.0   680.0   0.0022766
1200.0   640.0   0.0011845
840.0   320.0   0.0010467
1320.0   560.0   0.0022176
1200.0   560.0   0.0013073
1020.0   240.0   0.0024491
540.0   1   0.0005144
1560.0   400.0   0.0052331
1380.0   40.0   0.0060063
1380.0   240.0   0.0055584
420.0   400.0   0.0000000
840.0   160.0   0.0017623
180.0   1   0.0000000
1140.0   280.0   0.0031694
1380.0   360.0   0.0042474
120.0   1   0.0000000
1080.0   520.0   0.0013321
1440.0   440.0   0.0039528
360.0   120.0   0.0000175
1080.0   280.0   0.0025370
480.0   80.0   0.0004287
780.0   320.0   0.0007110
1080.0   40.0   0.0039919
1620.0   680.0   0.0027944
1680.0   320.0   0.0066098
600.0   120.0   0.0006224
1320.0   80.0   0.0056634
1380.0   480.0   0.0025648
1500.0   400.0   0.0045170
1500.0   1   0.0069551
1140.0   80.0   0.0046976
1140.0   600.0   0.0011471
780.0   80.0   0.0018685
600.0   200.0   0.0004967
780.0   360.0   0.0007843
1320.0   1   0.0060231
1440.0   1   0.0067383
1200.0   520.0   0.0013951
1500.0   640.0   0.0026653
1020.0   200.0   0.0025861
1380.0   320.0   0.0047624
1080.0   1   0.0039978
780.0   520.0   0.0000915
1620.0   400.0   0.0055184
1680.0   440.0   0.0053741
1020.0   520.0   0.0010978
1020.0   160.0   0.0033313
1620.0   320.0   0.0062501
540.0   160.0   0.0003487
1620.0   40.0   0.0081305
480.0   120.0   0.0001824
720.0   160.0   0.0010604
660.0   200.0   0.0006781
1020.0   480.0   0.0010952
960.0   240.0   0.0018921
1620.0   200.0   0.0068058
1080.0   600.0   0.0007528
540.0   200.0   0.0004201
840.0   1   0.0027686
840.0   280.0   0.0012687
1560.0   280.0   0.0060257
720.0   240.0   0.0009364
240.0   200.0   0.0000000
720.0   40.0   0.0015053
1140.0   200.0   0.0034998
720.0   200.0   0.0013371
900.0   160.0   0.0023144
900.0   320.0   0.0011749
1440.0   560.0   0.0026994
300.0   80.0   0.0000000
1560.0   680.0   0.0023851
1080.0   320.0   0.0026658
480.0   200.0   0.0001827
1620.0   240.0   0.0069949
600.0   280.0   0.0002946
1200.0   280.0   0.0037907
960.0   1   0.0031021
1380.0   640.0   0.0018431
1380.0   560.0   0.0028371
300.0   280.0   0.0000000
1140.0   40.0   0.0047245
1680.0   280.0   0.0069745
180.0   160.0   0.0000000
60.0   1   0.0000000
480.0   320.0   0.0000000
1380.0   120.0   0.0060473
1680.0   120.0   0.0079936
1260.0   240.0   0.0040137
960.0   160.0   0.0024569
720.0   400.0   0.0001466
1140.0   520.0   0.0012358
1260.0   200.0   0.0040811
1140.0   160.0   0.0034026
1620.0   120.0   0.0067379
840.0   40.0   0.0022865
180.0   40.0   0.0000000
1140.0   360.0   0.0025512
840.0   680.0   0.0000181
1260.0   400.0   0.0029991
1320.0   240.0   0.0045217
960.0   280.0   0.0018417
1380.0   520.0   0.0026925
660.0   240.0   0.0006450
720.0   280.0   0.0007562
1560.0   1   0.0077903
660.0   560.0   0.0000184
1200.0   360.0   0.0028196
1320.0   120.0   0.0054448
960.0   440.0   0.0013000
1560.0   360.0   0.0049730
