#MA5 EffMap for txName: TChipChimSlepSnu , Analysis: atlas_susy_2013_11 , SR: WWb-DF
# Mother Interm Daughter  Eff. 
480.0   220.0   0.0034050
660.0   280.0   0.0029175
480.0   120.0   0.0060450
690.0   160.0   0.0053551
210.0   100.0   0.0052500
300.0   240.0   0.0002475
450.0   280.0   0.0047775
570.0   340.0   0.0034500
450.0   160.0   0.0042150
540.0   260.0   0.0031050
300.0   20.0   0.0116850
690.0   220.0   0.0040200
420.0   340.0   0.0033900
150.0   120.0   0.0000000
600.0   20.0   0.0098325
540.0   220.0   0.0035250
300.0   40.0   0.0090450
90.0   20.0   0.0000000
480.0   140.0   0.0050251
510.0   200.0   0.0037125
510.0   180.0   0.0040950
30.0   1   0.0000000
450.0   60.0   0.0080400
270.0   100.0   0.0053625
690.0   180.0   0.0048150
630.0   300.0   0.0028800
240.0   180.0   0.0000900
300.0   220.0   0.0029400
480.0   60.0   0.0084450
270.0   120.0   0.0057525
60.0   40.0   0.0000000
540.0   1   0.0091200
270.0   160.0   0.0054600
630.0   240.0   0.0036375
570.0   100.0   0.0065701
120.0   20.0   0.0020100
600.0   160.0   0.0048225
570.0   120.0   0.0060075
330.0   20.0   0.0115200
240.0   140.0   0.0049200
420.0   40.0   0.0098175
300.0   60.0   0.0071400
510.0   340.0   0.0041925
270.0   1   0.0146700
300.0   80.0   0.0061575
480.0   300.0   0.0041775
660.0   60.0   0.0084675
600.0   280.0   0.0027000
330.0   80.0   0.0063300
570.0   240.0   0.0030300
420.0   260.0   0.0048825
450.0   180.0   0.0043725
510.0   20.0   0.0112725
540.0   60.0   0.0085951
480.0   260.0   0.0037950
330.0   60.0   0.0077550
660.0   140.0   0.0059775
420.0   60.0   0.0083550
510.0   280.0   0.0030676
480.0   40.0   0.0100051
360.0   140.0   0.0042375
450.0   80.0   0.0074175
600.0   120.0   0.0064725
690.0   1   0.0075525
60.0   1   0.0000000
420.0   320.0   0.0059325
300.0   160.0   0.0053551
510.0   260.0   0.0032325
450.0   140.0   0.0047175
630.0   140.0   0.0057675
360.0   180.0   0.0043425
330.0   260.0   0.0018750
630.0   260.0   0.0033825
570.0   220.0   0.0034800
660.0   240.0   0.0034125
690.0   200.0   0.0045750
690.0   300.0   0.0026776
390.0   160.0   0.0042525
480.0   180.0   0.0037875
660.0   180.0   0.0050851
390.0   80.0   0.0069900
570.0   40.0   0.0093000
630.0   180.0   0.0050925
480.0   200.0   0.0038025
330.0   220.0   0.0051300
510.0   320.0   0.0044175
240.0   220.0   0.0000000
360.0   80.0   0.0066000
330.0   300.0   0.0000000
600.0   1   0.0088425
420.0   240.0   0.0047625
570.0   60.0   0.0085950
660.0   320.0   0.0026700
180.0   140.0   0.0000000
360.0   260.0   0.0054825
420.0   180.0   0.0038025
390.0   60.0   0.0084825
570.0   80.0   0.0077400
450.0   40.0   0.0096150
570.0   260.0   0.0031200
300.0   140.0   0.0050100
390.0   240.0   0.0050850
420.0   100.0   0.0066900
690.0   100.0   0.0067425
450.0   320.0   0.0055050
360.0   40.0   0.0096825
390.0   280.0   0.0058125
630.0   280.0   0.0030150
540.0   240.0   0.0034500
510.0   40.0   0.0100200
510.0   100.0   0.0068775
240.0   200.0   0.0000000
540.0   200.0   0.0036150
360.0   320.0   0.0000000
660.0   340.0   0.0025500
600.0   80.0   0.0079875
420.0   1   0.0118350
480.0   1   0.0109950
570.0   300.0   0.0031950
570.0   1   0.0090750
450.0   220.0   0.0038775
480.0   320.0   0.0044925
390.0   260.0   0.0054825
570.0   180.0   0.0043200
690.0   260.0   0.0030675
180.0   40.0   0.0054150
660.0   20.0   0.0091651
270.0   40.0   0.0084450
570.0   320.0   0.0031725
660.0   80.0   0.0076725
240.0   100.0   0.0054975
510.0   120.0   0.0059251
570.0   200.0   0.0039300
390.0   140.0   0.0045375
90.0   40.0   0.0000000
360.0   1   0.0135300
330.0   1   0.0141525
360.0   200.0   0.0052875
270.0   200.0   0.0017550
240.0   60.0   0.0063225
180.0   80.0   0.0044025
210.0   180.0   0.0000000
180.0   100.0   0.0022800
540.0   140.0   0.0052350
600.0   140.0   0.0060225
510.0   300.0   0.0034650
660.0   100.0   0.0063825
150.0   20.0   0.0051600
660.0   260.0   0.0030900
390.0   120.0   0.0052500
450.0   1   0.0120000
690.0   240.0   0.0035475
630.0   80.0   0.0074550
270.0   140.0   0.0054225
510.0   140.0   0.0054225
240.0   120.0   0.0054450
510.0   80.0   0.0077251
510.0   240.0   0.0032700
390.0   20.0   0.0116475
330.0   240.0   0.0043950
630.0   200.0   0.0041925
690.0   40.0   0.0095175
540.0   120.0   0.0064576
270.0   240.0   0.0000000
210.0   1   0.0145575
450.0   260.0   0.0038550
630.0   100.0   0.0069825
360.0   60.0   0.0080925
150.0   100.0   0.0000000
360.0   280.0   0.0033075
120.0   100.0   0.0000000
600.0   200.0   0.0038025
420.0   200.0   0.0042375
630.0   60.0   0.0085950
60.0   20.0   0.0000000
690.0   320.0   0.0027225
390.0   220.0   0.0044775
600.0   60.0   0.0082200
510.0   160.0   0.0042300
540.0   40.0   0.0093525
120.0   80.0   0.0000000
180.0   160.0   0.0000000
420.0   20.0   0.0115500
450.0   340.0   0.0059850
600.0   100.0   0.0067950
90.0   60.0   0.0000000
270.0   180.0   0.0042750
300.0   200.0   0.0052200
480.0   100.0   0.0061951
390.0   320.0   0.0020100
450.0   20.0   0.0115500
300.0   260.0   0.0000000
600.0   260.0   0.0031575
180.0   1   0.0126000
600.0   180.0   0.0044400
420.0   280.0   0.0053100
420.0   300.0   0.0056251
210.0   60.0   0.0058500
450.0   120.0   0.0055950
180.0   20.0   0.0072826
360.0   20.0   0.0116926
390.0   40.0   0.0099300
270.0   220.0   0.0000000
120.0   60.0   0.0000000
360.0   340.0   0.0000000
420.0   140.0   0.0049200
360.0   240.0   0.0056325
600.0   320.0   0.0026775
690.0   120.0   0.0063001
690.0   80.0   0.0073425
540.0   80.0   0.0076875
660.0   300.0   0.0026475
690.0   340.0   0.0023550
660.0   1   0.0085350
480.0   160.0   0.0043725
450.0   100.0   0.0065626
660.0   40.0   0.0090450
600.0   40.0   0.0095250
300.0   1   0.0143475
540.0   180.0   0.0045000
660.0   160.0   0.0053925
540.0   300.0   0.0031950
420.0   80.0   0.0072901
570.0   20.0   0.0107625
240.0   160.0   0.0029175
660.0   200.0   0.0046575
240.0   1   0.0149400
360.0   220.0   0.0055801
330.0   280.0   0.0000075
480.0   240.0   0.0033750
180.0   120.0   0.0000150
540.0   320.0   0.0032400
180.0   60.0   0.0050175
630.0   220.0   0.0036675
270.0   20.0   0.0109125
630.0   340.0   0.0023175
360.0   300.0   0.0002925
630.0   120.0   0.0058275
360.0   120.0   0.0048000
480.0   20.0   0.0114900
540.0   160.0   0.0047026
210.0   140.0   0.0011700
360.0   100.0   0.0056775
510.0   220.0   0.0034650
480.0   340.0   0.0054225
630.0   40.0   0.0092625
630.0   160.0   0.0052500
390.0   300.0   0.0050175
600.0   340.0   0.0029325
240.0   20.0   0.0112800
300.0   120.0   0.0051450
570.0   140.0   0.0051001
270.0   60.0   0.0071626
330.0   180.0   0.0050850
660.0   220.0   0.0039525
690.0   140.0   0.0059775
300.0   180.0   0.0054900
690.0   20.0   0.0092550
420.0   120.0   0.0057676
420.0   160.0   0.0042150
120.0   1   0.0039075
390.0   180.0   0.0041700
210.0   160.0   0.0000000
300.0   280.0   0.0000000
330.0   40.0   0.0096600
450.0   240.0   0.0037125
330.0   200.0   0.0052576
630.0   320.0   0.0026100
150.0   40.0   0.0039075
390.0   100.0   0.0059175
570.0   280.0   0.0031125
120.0   40.0   0.0008550
450.0   200.0   0.0037950
390.0   340.0   0.0000000
240.0   80.0   0.0054975
600.0   240.0   0.0033675
540.0   20.0   0.0105150
150.0   1   0.0087675
330.0   120.0   0.0050775
270.0   80.0   0.0055725
210.0   20.0   0.0097725
630.0   1   0.0081750
600.0   220.0   0.0037425
210.0   120.0   0.0035850
90.0   1   0.0000150
390.0   200.0   0.0045300
570.0   160.0   0.0049200
150.0   80.0   0.0004650
660.0   120.0   0.0067500
210.0   40.0   0.0070650
510.0   60.0   0.0088050
330.0   100.0   0.0050100
510.0   1   0.0105450
480.0   80.0   0.0070275
690.0   60.0   0.0081750
690.0   280.0   0.0031500
540.0   100.0   0.0065625
540.0   280.0   0.0031800
150.0   60.0   0.0026775
450.0   300.0   0.0053100
630.0   20.0   0.0096300
330.0   140.0   0.0046575
210.0   80.0   0.0055650
600.0   300.0   0.0030525
330.0   160.0   0.0052801
390.0   1   0.0125325
