# MassX , MassY , Eff*Acc  
200 1 1.6104e-05
200 20 4.3164e-06
225 1 1.05982e-05
225 25 9.7818e-06
250 25 1.69212e-05
250 50 1.45224e-05
250 70 9.8518e-06
275 1 0.0001159488
275 25 9.8352e-05
275 50 6.8266e-05
275 75 2.6052e-05
300 1 0.0003860024
300 50 0.000223561
300 100 4.02712e-05
300 120 1.03776e-05
350 1 0.0026203695
350 50 0.001959912
350 100 0.000748266
350 150 0.000121088
350 170 3.0048e-05
400 1 0.006703784
400 50 0.00664528
400 100 0.003888
400 150 0.001466624
400 200 0.000168368
400 220 5.2352e-05
450 1 0.012081998
450 50 0.010874226
450 100 0.009148168
450 150 0.005838112
450 200 0.00223036
450 250 0.000275044
450 270 0.00010569
500 1 0.019014528
500 50 0.016782594
500 100 0.015613894
500 150 0.011715275
500 200 0.00789432
500 250 0.00298496
500 300 0.000551772
500 320 0.000183918
550 1 0.022299198
550 50 0.02199834
550 100 0.020829367
550 150 0.018989732
550 200 0.014717934
550 250 0.008444706
550 300 0.003802484
550 350 0.000562215
550 370 0.000140224
600 1 0.02703393
600 50 0.026577698
600 100 0.02574036
600 150 0.024136188
600 200 0.020950084
600 250 0.015553702
600 300 0.00971635
600 350 0.003964975
600 400 0.00074443
600 420 0.00019645625
650 1 0.0321262
650 50 0.031055728
650 100 0.03025512
650 150 0.026867328
650 200 0.0247885
650 250 0.023865354
650 300 0.017631666
650 350 0.010845288
650 400 0.004484928
650 450 0.00074472
650 470 0.00022661
700 1 0.03104766
700 50 0.03612275
700 100 0.0329208
700 150 0.032052525
700 200 0.031251075
700 250 0.02653215
700 300 0.02252976
700 350 0.0192468
700 400 0.0128123
700 450 0.00509456
700 500 0.00086157
700 520 0.00056133
750 1 0.03803454
750 50 0.03732817
750 100 0.033875765
750 150 0.03467289
750 200 0.03426846
750 250 0.03006438
750 300 0.0293921
750 350 0.0238387
750 400 0.019685525
750 450 0.01343188
750 500 0.005671875
750 550 0.0009669
750 570 0.00045213
800 1 0.03564509
800 50 0.033639675
800 100 0.03677079
800 150 0.03458402
800 200 0.03670731
800 250 0.033922125
800 300 0.03059354
800 350 0.03090556
800 400 0.02852361
800 450 0.02057799
800 500 0.01478284
800 550 0.00664498
800 600 0.000970205
800 620 0.00026475
