# MassX , MassY , Eff*Acc  
200 1 7.488e-05
200 20 8.0388e-05
225 1 0.000392448
225 25 0.00025104
250 25 0.001357376
250 50 0.00064108
250 70 0.000213136
275 1 0.004676733
275 25 0.0041042508
275 50 0.0027366232
275 75 0.001207312
300 1 0.008604387
300 50 0.0063186376
300 100 0.0017430784
300 120 0.000521792
350 1 0.017851536
350 50 0.01574271
350 100 0.010197915
350 150 0.0027260885
350 170 0.000917447
400 1 0.026951244
400 50 0.025594197
400 100 0.02012117
400 150 0.013206633
400 200 0.004325991
400 220 0.00162081
450 1 0.03339462
450 50 0.032479974
450 100 0.031080582
450 150 0.0246437
450 200 0.01559104
450 250 0.005002437
450 270 0.001876392
500 1 0.040638644
500 50 0.0396264
500 100 0.036784692
500 150 0.033989392
500 200 0.02773875
500 250 0.019104228
500 300 0.006019386
500 320 0.002757349
550 1 0.043240252
550 50 0.044246188
550 100 0.04318576
550 150 0.040035628
550 200 0.036722988
550 250 0.0289584
550 300 0.01928844
550 350 0.006468294
550 370 0.002871486
600 1 0.048294282
600 50 0.047655015
600 100 0.0470549
600 150 0.046402903
600 200 0.043107732
600 250 0.03757758
600 300 0.030675335
600 350 0.020561454
600 400 0.0078152825
600 420 0.0033363765
650 1 0.050788732
650 50 0.05085984
650 100 0.050284912
650 150 0.048237306
650 200 0.046130588
650 250 0.046573688
650 300 0.03926948
650 350 0.031716716
650 400 0.022334784
650 450 0.008153144
650 470 0.003486404
700 1 0.050792775
700 50 0.05579961
700 100 0.051531795
700 150 0.048807
700 200 0.04985433
700 250 0.0473355
700 300 0.04319565
700 350 0.0422864
700 400 0.03472093
700 450 0.021917815
700 500 0.0087035
700 520 0.00370315
750 1 0.05334178
750 50 0.0544893
750 100 0.0516594
750 150 0.05450781
750 200 0.05302581
750 250 0.04643562
750 300 0.04959766
750 350 0.04514277
750 400 0.04604044
750 450 0.034042015
750 500 0.02255268
750 550 0.00824464
750 570 0.00435928
800 1 0.05428608
800 50 0.0522606
800 100 0.05223216
800 150 0.0528148
800 200 0.05423466
800 250 0.053024775
800 300 0.049792925
800 350 0.05168288
800 400 0.04801016
800 450 0.043699545
800 500 0.0366843
800 550 0.02523928
800 600 0.0105592
800 620 0.00498399
