# MassX , MassY , Eff*Acc  
200.0 180.0 0.0
250.0 230.0 0.000181
250.0 245.0 0.00035
300.0 150.0 0.000284
300.0 230.0 0.000212
300.0 280.0 0.000142
300.0 295.0 0.000514
350.0 150.0 0.00525
350.0 250.0 0.000264
350.0 330.0 0.0005
350.0 345.0 0.000476
400.0 1.0 0.043605
400.0 100.0 0.034658
400.0 200.0 0.006798
400.0 300.0 0.000309
400.0 380.0 0.000239
400.0 395.0 0.000552
450.0 300.0 0.000384
450.0 350.0 0.000222
450.0 400.0 0.0
450.0 430.0 0.00043
450.0 445.0 0.0
500.0 1.0 0.07964
500.0 100.0 0.072252
500.0 200.0 0.050502
500.0 300.0 0.010738
500.0 350.0 0.000825
500.0 400.0 0.000222
500.0 450.0 0.000213
500.0 480.0 0.0
500.0 495.0 0.0
550.0 1.0 0.089492
550.0 100.0 0.083564
550.0 200.0 0.070224
550.0 300.0 0.03451
550.0 350.0 0.014112
550.0 400.0 0.001092
550.0 450.0 7.8e-05
550.0 500.0 0.000434
550.0 530.0 0.0
550.0 545.0 0.0
600.0 1.0 0.099528
600.0 100.0 0.09465
600.0 200.0 0.083408
600.0 300.0 0.060984
600.0 350.0 0.039117
600.0 400.0 0.016287
600.0 450.0 0.001035
600.0 500.0 0.000228
600.0 580.0 0.001625
600.0 595.0 0.0
650.0 1.0 0.1066
650.0 100.0 0.10515
650.0 200.0 0.100488
650.0 300.0 0.079434
650.0 350.0 0.062529
650.0 400.0 0.04164
650.0 450.0 0.018104
650.0 500.0 0.001452
650.0 600.0 0.0
700.0 1.0 0.103995
700.0 100.0 0.104736
700.0 200.0 0.109074
700.0 300.0 0.097524
700.0 350.0 0.083384
700.0 400.0 0.063774
700.0 450.0 0.041888
700.0 500.0 0.020856
700.0 600.0 0.000948
750.0 1.0 0.107715
750.0 100.0 0.10413
750.0 200.0 0.110201
750.0 300.0 0.10285
750.0 350.0 0.090993
750.0 400.0 0.08034
750.0 450.0 0.068544
750.0 500.0 0.04602
750.0 600.0 0.0017
800.0 1.0 0.107285
800.0 50.0 0.106302
800.0 100.0 0.101976
800.0 150.0 0.109296
800.0 200.0 0.10728
800.0 250.0 0.10746
800.0 300.0 0.099038
800.0 350.0 0.110322
800.0 400.0 0.101472
800.0 450.0 0.082524
800.0 500.0 0.071744
800.0 550.0 0.04704
800.0 600.0 0.019085
850.0 1.0 0.101946
850.0 50.0 0.10605
850.0 100.0 0.107801
850.0 150.0 0.106554
850.0 200.0 0.109824
850.0 250.0 0.107685
850.0 300.0 0.099204
850.0 350.0 0.107912
850.0 400.0 0.098588
850.0 450.0 0.10036
850.0 500.0 0.086549
850.0 550.0 0.072292
850.0 600.0 0.04984
900.0 1.0 0.10288
900.0 50.0 0.101935
900.0 100.0 0.10272
900.0 150.0 0.095472
900.0 200.0 0.1068
900.0 250.0 0.09904
900.0 300.0 0.107624
900.0 350.0 0.100804
900.0 400.0 0.108523
900.0 450.0 0.1071
900.0 500.0 0.100878
900.0 550.0 0.09515
900.0 600.0 0.068742
950.0 1.0 0.09401
950.0 50.0 0.103116
950.0 100.0 0.097828
950.0 150.0 0.097125
950.0 200.0 0.096938
950.0 250.0 0.099308
950.0 300.0 0.102869
950.0 350.0 0.104017
950.0 400.0 0.106128
950.0 450.0 0.10054
950.0 500.0 0.107232
950.0 550.0 0.10476
950.0 600.0 0.086968
1000.0 1.0 0.105339
1000.0 50.0 0.095184
1000.0 100.0 0.093908
1000.0 150.0 0.088407
1000.0 200.0 0.098945
1000.0 250.0 0.098901
1000.0 300.0 0.109101
1000.0 350.0 0.10089
1000.0 400.0 0.1028
1000.0 450.0 0.108372
1000.0 500.0 0.105018
1000.0 550.0 0.107568
1000.0 600.0 0.10759
