250.0  120.0  1.632
300.0  145.0  0.6795
350.0  170.0  0.3321
400.0  195.0  0.2156
450.0  220.0  0.15
500.0  245.0  0.148
550.0  270.0  0.1014
600.0  295.0  0.104
650.0  320.0  0.08095
700.0  345.0  0.09433
750.0  370.0  0.103
800.0  395.0  0.2389
150.0  1.0  5.381
200.0  1.0  1.113
250.0  1.0  0.4759
300.0  1.0  0.2552
350.0  1.0  0.1859
400.0  1.0  0.1545
500.0  1.0  0.1022
600.0  1.0  0.08876
150.0  115.0  5934.0
200.0  50.0  1.709
200.0  75.0  3.004
200.0  125.0  170.2
200.0  180.0  1172.0
250.0  60.0  0.614
250.0  180.0  122.8
250.0  200.0  438.9
300.0  50.0  0.2962
300.0  100.0  0.3797
300.0  200.0  4.303
350.0  60.0  0.1972
350.0  120.0  0.2551
350.0  240.0  1.996
350.0  300.0  79.56
400.0  50.0  0.1421
400.0  100.0  0.1871
400.0  150.0  0.1439
400.0  250.0  0.448
400.0  300.0  1.776
400.0  350.0  20.07
500.0  100.0  0.1021
500.0  300.0  0.1605
500.0  400.0  1.725
600.0  100.0  0.07748
600.0  200.0  0.09769
600.0  400.0  0.1601
600.0  500.0  1.2
160.0  25.0  4.665
160.0  50.0  8.729
160.0  100.0  307.5
160.0  75.0  81.29
