#MA5 EffMap for txName: TChipChimSlepSnu , Analysis: atlas_susy_2013_11 , SR: mT2-120-DF
# Mother Interm Daughter  Eff. 
570.0   300.0   0.0256425
300.0   1   0.0260925
480.0   160.0   0.0317100
660.0   240.0   0.0388350
330.0   140.0   0.0126825
690.0   220.0   0.0431175
420.0   40.0   0.0358125
600.0   1   0.0445950
450.0   200.0   0.0228525
540.0   340.0   0.0155625
510.0   60.0   0.0416775
690.0   240.0   0.0422550
330.0   280.0   0.0000000
210.0   160.0   0.0000000
450.0   320.0   0.0042750
60.0   40.0   0.0000000
390.0   340.0   0.0000000
210.0   200.0   0.0000000
420.0   180.0   0.0205650
660.0   60.0   0.0476100
450.0   240.0   0.0165150
90.0   20.0   0.0000000
660.0   340.0   0.0317175
480.0   340.0   0.0056325
210.0   20.0   0.0107400
510.0   300.0   0.0170250
540.0   140.0   0.0387150
480.0   1   0.0405000
390.0   280.0   0.0022200
240.0   120.0   0.0023700
660.0   320.0   0.0340125
540.0   20.0   0.0434250
240.0   20.0   0.0164625
180.0   20.0   0.0058050
300.0   180.0   0.0027900
510.0   260.0   0.0225900
390.0   80.0   0.0305700
450.0   100.0   0.0338700
690.0   80.0   0.0491175
480.0   40.0   0.0403575
690.0   160.0   0.0449850
210.0   80.0   0.0027000
510.0   80.0   0.0397125
570.0   120.0   0.0417450
240.0   100.0   0.0047175
510.0   120.0   0.0374850
330.0   40.0   0.0273750
330.0   160.0   0.0092850
90.0   40.0   0.0000000
480.0   60.0   0.0392325
390.0   240.0   0.0061875
510.0   240.0   0.0260925
330.0   180.0   0.0061650
660.0   20.0   0.0484650
420.0   340.0   0.0000150
510.0   1   0.0421725
390.0   1   0.0344250
510.0   40.0   0.0424425
630.0   120.0   0.0445500
540.0   80.0   0.0417525
510.0   140.0   0.0358425
660.0   220.0   0.0418950
450.0   180.0   0.0261300
210.0   100.0   0.0008625
210.0   1   0.0129675
360.0   340.0   0.0000000
660.0   1   0.0472575
390.0   220.0   0.0094650
570.0   240.0   0.0325350
240.0   80.0   0.0069525
690.0   300.0   0.0387375
240.0   60.0   0.0096525
180.0   1   0.0070800
690.0   260.0   0.0407775
90.0   60.0   0.0000000
210.0   40.0   0.0076650
630.0   280.0   0.0349575
390.0   320.0   0.0000000
480.0   300.0   0.0114900
300.0   140.0   0.0075000
330.0   260.0   0.0000000
420.0   260.0   0.0076875
450.0   220.0   0.0190050
270.0   1   0.0216300
450.0   60.0   0.0373950
600.0   60.0   0.0458625
540.0   60.0   0.0428325
480.0   280.0   0.0148950
180.0   120.0   0.0000000
150.0   140.0   0.0000000
420.0   200.0   0.0180675
330.0   1   0.0296700
270.0   220.0   0.0000000
690.0   100.0   0.0474525
390.0   40.0   0.0323325
300.0   120.0   0.0105375
690.0   180.0   0.0452025
450.0   1   0.0386175
390.0   260.0   0.0040275
510.0   100.0   0.0386700
510.0   20.0   0.0416625
390.0   100.0   0.0276375
660.0   140.0   0.0455325
690.0   1   0.0480525
600.0   260.0   0.0343275
540.0   220.0   0.0315225
690.0   140.0   0.0470700
450.0   160.0   0.0269700
480.0   240.0   0.0222825
360.0   180.0   0.0106050
270.0   180.0   0.0000525
570.0   220.0   0.0341625
570.0   80.0   0.0438225
660.0   200.0   0.0425100
180.0   160.0   0.0000000
690.0   200.0   0.0433500
330.0   240.0   0.0001575
570.0   40.0   0.0446700
570.0   260.0   0.0310575
600.0   240.0   0.0356700
420.0   1   0.0372825
660.0   260.0   0.0387750
630.0   340.0   0.0286500
210.0   60.0   0.0050700
390.0   60.0   0.0316200
180.0   140.0   0.0000000
120.0   100.0   0.0000000
420.0   100.0   0.0312975
540.0   300.0   0.0211800
420.0   120.0   0.0292575
690.0   320.0   0.0368025
360.0   240.0   0.0030975
420.0   80.0   0.0332475
480.0   260.0   0.0186150
570.0   140.0   0.0408829
270.0   100.0   0.0085950
480.0   220.0   0.0242625
570.0   100.0   0.0426300
480.0   80.0   0.0381525
270.0   80.0   0.0119475
690.0   20.0   0.0484950
300.0   40.0   0.0221925
660.0   40.0   0.0472350
510.0   340.0   0.0097800
540.0   40.0   0.0419475
630.0   320.0   0.0312900
360.0   140.0   0.0176325
690.0   60.0   0.0486000
420.0   140.0   0.0262725
240.0   200.0   0.0000000
480.0   320.0   0.0085200
360.0   320.0   0.0000000
660.0   280.0   0.0373725
630.0   240.0   0.0385050
120.0   1   0.0000150
630.0   1   0.0461700
600.0   200.0   0.0390750
180.0   80.0   0.0000300
300.0   200.0   0.0007350
180.0   100.0   0.0000000
450.0   340.0   0.0024900
270.0   140.0   0.0034050
630.0   220.0   0.0396375
570.0   280.0   0.0279450
150.0   100.0   0.0000000
630.0   300.0   0.0324300
420.0   280.0   0.0054225
240.0   160.0   0.0000000
390.0   160.0   0.0191400
270.0   120.0   0.0053775
630.0   20.0   0.0468300
690.0   40.0   0.0484950
540.0   1   0.0437925
330.0   200.0   0.0039525
660.0   300.0   0.0354450
90.0   80.0   0.0000000
420.0   320.0   0.0011625
600.0   280.0   0.0317700
660.0   180.0   0.0434625
510.0   200.0   0.0300225
270.0   40.0   0.0189150
600.0   340.0   0.0245025
630.0   180.0   0.0423225
540.0   200.0   0.0335850
630.0   160.0   0.0423075
630.0   260.0   0.0355125
570.0   60.0   0.0448275
510.0   160.0   0.0348675
540.0   180.0   0.0351000
60.0   20.0   0.0000000
570.0   200.0   0.0362025
600.0   180.0   0.0390375
360.0   200.0   0.0080025
300.0   80.0   0.0169500
120.0   80.0   0.0000000
180.0   40.0   0.0029850
150.0   1   0.0025425
240.0   1   0.0181800
450.0   300.0   0.0071850
510.0   180.0   0.0336600
450.0   40.0   0.0383475
390.0   20.0   0.0348075
600.0   140.0   0.0426750
600.0   40.0   0.0459600
150.0   60.0   0.0000000
480.0   180.0   0.0298200
120.0   60.0   0.0000000
600.0   220.0   0.0366900
360.0   1   0.0316350
570.0   180.0   0.0368175
300.0   260.0   0.0000000
360.0   100.0   0.0231600
540.0   240.0   0.0300375
630.0   100.0   0.0454050
300.0   100.0   0.0136125
420.0   240.0   0.0116475
540.0   100.0   0.0413025
690.0   280.0   0.0395775
270.0   260.0   0.0000000
660.0   80.0   0.0457200
390.0   180.0   0.0158400
450.0   80.0   0.0360300
360.0   160.0   0.0145800
240.0   220.0   0.0000000
30.0   1   0.0000000
360.0   60.0   0.0281700
690.0   120.0   0.0476850
690.0   340.0   0.0360825
570.0   320.0   0.0234600
420.0   160.0   0.0234075
150.0   120.0   0.0000000
450.0   140.0   0.0304875
540.0   160.0   0.0375000
630.0   40.0   0.0461625
300.0   220.0   0.0000150
510.0   280.0   0.0196050
150.0   40.0   0.0000450
480.0   20.0   0.0397275
600.0   120.0   0.0438075
300.0   280.0   0.0000000
450.0   260.0   0.0134475
240.0   140.0   0.0003375
30.0   20.0   0.0000000
630.0   140.0   0.0435450
330.0   20.0   0.0293250
300.0   240.0   0.0000000
450.0   280.0   0.0095625
330.0   60.0   0.0240900
540.0   120.0   0.0397500
480.0   140.0   0.0332700
480.0   100.0   0.0368475
630.0   200.0   0.0411900
510.0   220.0   0.0282600
420.0   60.0   0.0351525
360.0   280.0   0.0000075
570.0   340.0   0.0202650
480.0   120.0   0.0351450
150.0   80.0   0.0000000
240.0   40.0   0.0128475
420.0   300.0   0.0034050
420.0   220.0   0.0145350
510.0   320.0   0.0129900
540.0   320.0   0.0184950
660.0   120.0   0.0457650
600.0   20.0   0.0456150
210.0   180.0   0.0000000
660.0   100.0   0.0465000
270.0   160.0   0.0016350
210.0   120.0   0.0000000
120.0   20.0   0.0000000
540.0   280.0   0.0248400
270.0   240.0   0.0000000
450.0   20.0   0.0394350
600.0   100.0   0.0454200
330.0   320.0   0.0000000
630.0   60.0   0.0466275
600.0   80.0   0.0434550
270.0   20.0   0.0208425
570.0   1   0.0443325
570.0   160.0   0.0399600
600.0   160.0   0.0402150
600.0   300.0   0.0293025
360.0   120.0   0.0213675
360.0   220.0   0.0051150
120.0   40.0   0.0000000
300.0   160.0   0.0049500
300.0   60.0   0.0204600
360.0   20.0   0.0313575
480.0   200.0   0.0263475
360.0   40.0   0.0298425
240.0   180.0   0.0000000
390.0   120.0   0.0254700
360.0   80.0   0.0266775
270.0   200.0   0.0000000
330.0   100.0   0.0182700
330.0   220.0   0.0017850
300.0   20.0   0.0252075
660.0   160.0   0.0435075
210.0   140.0   0.0000000
90.0   1   0.0000000
330.0   80.0   0.0215550
570.0   20.0   0.0445875
540.0   260.0   0.0272550
60.0   1   0.0000000
360.0   300.0   0.0000000
450.0   120.0   0.0322350
330.0   120.0   0.0153300
180.0   60.0   0.0012150
390.0   200.0   0.0132600
360.0   260.0   0.0009600
420.0   20.0   0.0362925
330.0   300.0   0.0000000
150.0   20.0   0.0010200
630.0   80.0   0.0461475
270.0   60.0   0.0153600
390.0   140.0   0.0230700
390.0   300.0   0.0001500
600.0   320.0   0.0265650
