#MA5 EffMap for txName: T5 , Analysis: cms_sus_13_012 , SR: 3NJet6_1000HT1250_600MHTinf
# Mother Interm Daughter  Eff. 
60.0   1   0.0000000
480.0   200.0   0.0002336
1260.0   300.0   0.0850822
1440.0   1   0.0056166
600.0   450.0   0.0015103
1500.0   200.0   0.0277544
780.0   1   0.0011979
1020.0   700.0   0.0078889
720.0   250.0   0.0077893
1080.0   400.0   0.0631444
1080.0   1   0.0085185
900.0   700.0   0.0037295
780.0   150.0   0.0109568
1620.0   500.0   0.0679411
1380.0   450.0   0.1028547
1560.0   150.0   0.0170916
420.0   150.0   0.0002621
1260.0   600.0   0.0797332
780.0   300.0   0.0094591
240.0   1   0.0000159
300.0   50.0   0.0000171
1380.0   50.0   0.0105032
900.0   250.0   0.0305047
540.0   350.0   0.0009907
1080.0   650.0   0.0161073
840.0   200.0   0.0207401
120.0   1   0.0000000
1320.0   400.0   0.0971877
1200.0   400.0   0.0990099
1680.0   400.0   0.0396165
1680.0   450.0   0.0473091
1440.0   450.0   0.0884171
1200.0   650.0   0.0465713
1560.0   1   0.0038489
600.0   400.0   0.0014095
960.0   550.0   0.0130286
1260.0   700.0   0.0550266
1620.0   350.0   0.0402843
1140.0   100.0   0.0285097
1560.0   600.0   0.0938367
1620.0   550.0   0.0740412
1320.0   600.0   0.0981474
480.0   100.0   0.0004329
720.0   150.0   0.0071789
1500.0   400.0   0.0681499
1020.0   650.0   0.0095606
1020.0   600.0   0.0142444
540.0   1   0.0002490
960.0   450.0   0.0233148
1440.0   250.0   0.0446333
1140.0   600.0   0.0373194
1680.0   1   0.0033358
1140.0   1   0.0084280
1020.0   550.0   0.0205318
1320.0   450.0   0.1067441
1200.0   50.0   0.0162915
1620.0   200.0   0.0200762
360.0   50.0   0.0000350
300.0   100.0   0.0000518
960.0   600.0   0.0082475
1260.0   200.0   0.0557283
1320.0   650.0   0.0891575
1440.0   100.0   0.0147932
840.0   450.0   0.0060684
1080.0   150.0   0.0526712
600.0   150.0   0.0015920
840.0   550.0   0.0035759
1020.0   400.0   0.0436469
780.0   450.0   0.0048264
1500.0   250.0   0.0360308
900.0   150.0   0.0289723
1560.0   50.0   0.0082311
1560.0   550.0   0.0860091
1380.0   250.0   0.0517075
1140.0   550.0   0.0487333
540.0   500.0   0.0006096
1380.0   550.0   0.1121289
840.0   250.0   0.0206940
360.0   1   0.0000000
480.0   250.0   0.0003413
780.0   600.0   0.0021854
1560.0   450.0   0.0679875
840.0   400.0   0.0095182
1140.0   250.0   0.0775122
540.0   100.0   0.0004624
1500.0   450.0   0.0780586
1440.0   150.0   0.0230856
420.0   300.0   0.0002514
1440.0   50.0   0.0098543
1620.0   250.0   0.0269477
1440.0   400.0   0.0768229
1200.0   550.0   0.0740709
600.0   50.0   0.0006182
1200.0   500.0   0.0860481
1500.0   50.0   0.0082637
1320.0   100.0   0.0218336
480.0   300.0   0.0002977
240.0   150.0   0.0000330
1080.0   700.0   0.0118706
660.0   500.0   0.0012355
1260.0   250.0   0.0705296
1200.0   450.0   0.0946667
1380.0   500.0   0.1098402
1260.0   150.0   0.0365208
1020.0   350.0   0.0530399
840.0   500.0   0.0049646
1680.0   500.0   0.0557663
660.0   1   0.0005431
780.0   100.0   0.0084126
1320.0   200.0   0.0463026
1620.0   150.0   0.0148490
720.0   400.0   0.0034041
1440.0   500.0   0.0990775
900.0   1   0.0057444
420.0   350.0   0.0002135
1500.0   300.0   0.0446681
240.0   200.0   0.0000833
660.0   300.0   0.0027107
600.0   100.0   0.0015527
840.0   650.0   0.0026850
1260.0   350.0   0.0983348
660.0   100.0   0.0024101
1620.0   300.0   0.0335504
1680.0   550.0   0.0649048
1560.0   350.0   0.0478815
1560.0   250.0   0.0298426
720.0   100.0   0.0046359
960.0   400.0   0.0306248
960.0   300.0   0.0416264
1380.0   400.0   0.0894866
600.0   300.0   0.0015079
960.0   350.0   0.0372445
1260.0   1   0.0069895
420.0   1   0.0000262
1620.0   400.0   0.0471928
780.0   500.0   0.0025838
720.0   600.0   0.0018811
720.0   500.0   0.0022690
660.0   600.0   0.0013074
1620.0   600.0   0.0884052
1080.0   600.0   0.0256543
1080.0   450.0   0.0555623
660.0   400.0   0.0018900
300.0   200.0   0.0000884
480.0   400.0   0.0005671
1380.0   150.0   0.0250978
1500.0   700.0   0.1174834
1500.0   650.0   0.1133188
360.0   300.0   0.0001688
900.0   500.0   0.0097806
840.0   350.0   0.0136429
1680.0   50.0   0.0050330
1500.0   350.0   0.0549227
1080.0   250.0   0.0783653
480.0   1   0.0001049
720.0   450.0   0.0027302
840.0   150.0   0.0199462
1200.0   700.0   0.0342442
540.0   50.0   0.0004455
660.0   450.0   0.0015325
1020.0   450.0   0.0356064
1140.0   450.0   0.0751448
1020.0   1   0.0073772
540.0   200.0   0.0012371
600.0   250.0   0.0011180
540.0   250.0   0.0006971
1080.0   550.0   0.0358864
1320.0   700.0   0.0730612
1260.0   50.0   0.0129950
1440.0   550.0   0.1091933
1680.0   250.0   0.0231258
1200.0   100.0   0.0264049
1320.0   1   0.0068567
420.0   250.0   0.0002105
600.0   200.0   0.0020759
1560.0   300.0   0.0372332
1680.0   600.0   0.0747871
1380.0   700.0   0.0927890
780.0   700.0   0.0015741
1320.0   500.0   0.1076130
720.0   300.0   0.0055829
960.0   100.0   0.0320697
900.0   450.0   0.0135970
780.0   250.0   0.0118983
720.0   550.0   0.0015790
1440.0   350.0   0.0663988
780.0   200.0   0.0136253
1680.0   300.0   0.0279890
1320.0   550.0   0.1049358
780.0   650.0   0.0023800
1320.0   300.0   0.0751068
180.0   1   0.0000148
1380.0   1   0.0057437
180.0   50.0   0.0000000
1200.0   350.0   0.0957838
1560.0   100.0   0.0110270
600.0   550.0   0.0009103
1380.0   600.0   0.1098874
720.0   50.0   0.0024867
1260.0   650.0   0.0689247
900.0   200.0   0.0328120
1560.0   400.0   0.0552499
960.0   500.0   0.0189453
1320.0   150.0   0.0320748
900.0   400.0   0.0199326
600.0   350.0   0.0007971
1440.0   600.0   0.1184638
1140.0   400.0   0.0887588
420.0   100.0   0.0000727
780.0   350.0   0.0081615
1620.0   1   0.0041002
1560.0   500.0   0.0765036
1080.0   300.0   0.0791298
1680.0   350.0   0.0339064
1020.0   250.0   0.0656140
240.0   50.0   0.0000000
1680.0   100.0   0.0079842
1560.0   700.0   0.1154106
1260.0   400.0   0.1032787
540.0   300.0   0.0006822
1440.0   300.0   0.0540318
1620.0   50.0   0.0058759
1260.0   100.0   0.0239879
1260.0   500.0   0.1029578
1260.0   450.0   0.1056015
1200.0   300.0   0.0947879
1140.0   350.0   0.0862361
960.0   150.0   0.0419051
1440.0   650.0   0.1149401
1380.0   350.0   0.0743062
300.0   1   0.0000330
1080.0   100.0   0.0356243
900.0   100.0   0.0231578
1380.0   200.0   0.0364730
1680.0   200.0   0.0167313
1620.0   450.0   0.0584183
780.0   550.0   0.0027220
420.0   200.0   0.0001325
1020.0   50.0   0.0179771
1200.0   1   0.0080321
900.0   600.0   0.0044132
540.0   150.0   0.0007333
840.0   50.0   0.0082051
1140.0   300.0   0.0946127
1140.0   650.0   0.0295194
1560.0   200.0   0.0220227
1140.0   200.0   0.0673797
480.0   50.0   0.0004747
360.0   150.0   0.0000909
360.0   250.0   0.0001685
660.0   250.0   0.0039000
1140.0   700.0   0.0198699
360.0   100.0   0.0000533
960.0   650.0   0.0057597
840.0   700.0   0.0022072
1440.0   200.0   0.0342640
900.0   550.0   0.0072087
900.0   350.0   0.0246649
300.0   250.0   0.0000713
300.0   150.0   0.0000527
840.0   300.0   0.0166755
1140.0   150.0   0.0491035
1020.0   100.0   0.0323076
1500.0   150.0   0.0190591
360.0   200.0   0.0002030
120.0   50.0   0.0000000
1320.0   50.0   0.0107946
1200.0   250.0   0.0784386
900.0   300.0   0.0307127
1680.0   700.0   0.0968265
1020.0   300.0   0.0621306
1500.0   100.0   0.0145380
1380.0   100.0   0.0182552
660.0   200.0   0.0041257
780.0   400.0   0.0059470
1380.0   650.0   0.1062670
960.0   250.0   0.0478227
960.0   700.0   0.0048161
660.0   350.0   0.0019364
900.0   650.0   0.0043989
1200.0   150.0   0.0411299
720.0   650.0   0.0010846
1260.0   550.0   0.0918275
960.0   1   0.0060170
1680.0   650.0   0.0846923
840.0   100.0   0.0147994
720.0   350.0   0.0042975
1320.0   350.0   0.0910484
1020.0   500.0   0.0304147
780.0   50.0   0.0048960
180.0   100.0   0.0000151
1620.0   100.0   0.0095403
660.0   150.0   0.0038285
960.0   50.0   0.0165156
600.0   500.0   0.0014129
1620.0   700.0   0.1058152
1560.0   650.0   0.1062114
840.0   600.0   0.0033391
900.0   50.0   0.0127323
1200.0   200.0   0.0609460
720.0   200.0   0.0074736
1440.0   700.0   0.1118881
1500.0   550.0   0.0998144
1080.0   350.0   0.0767853
1200.0   600.0   0.0581747
1080.0   50.0   0.0188194
1320.0   250.0   0.0610628
720.0   1   0.0013227
1080.0   200.0   0.0700452
240.0   100.0   0.0000164
420.0   50.0   0.0001005
1680.0   150.0   0.0120716
1380.0   300.0   0.0631751
1020.0   200.0   0.0626285
480.0   150.0   0.0005036
600.0   1   0.0003118
540.0   450.0   0.0006203
1140.0   500.0   0.0677727
540.0   400.0   0.0006277
660.0   50.0   0.0018168
840.0   1   0.0033349
660.0   550.0   0.0013591
1500.0   1   0.0063891
960.0   200.0   0.0480225
1500.0   500.0   0.0911128
1500.0   600.0   0.1071577
1020.0   150.0   0.0507468
1080.0   500.0   0.0433034
1140.0   50.0   0.0174843
480.0   350.0   0.0006422
1620.0   650.0   0.0921824
