#MA5 EffMap for txName: TChipChimSlepSnu , Analysis: atlas_susy_2013_11 , SR: WWb-SF
# Mother Interm Daughter  Eff. 
360.0   1   0.0015276
420.0   40.0   0.0012851
330.0   140.0   0.0025543
690.0   340.0   0.0009684
540.0   300.0   0.0016466
630.0   340.0   0.0012239
420.0   1   0.0013999
450.0   80.0   0.0013566
540.0   120.0   0.0008483
420.0   260.0   0.0025652
450.0   320.0   0.0029782
240.0   180.0   0.0000420
300.0   60.0   0.0023068
360.0   140.0   0.0022280
90.0   20.0   0.0000000
570.0   200.0   0.0010000
510.0   100.0   0.0010093
480.0   340.0   0.0029647
210.0   160.0   0.0000000
570.0   320.0   0.0015168
570.0   160.0   0.0007613
300.0   220.0   0.0016135
570.0   180.0   0.0010465
390.0   280.0   0.0029863
600.0   60.0   0.0007254
480.0   240.0   0.0017625
240.0   160.0   0.0013882
30.0   1   0.0000000
480.0   140.0   0.0012127
270.0   20.0   0.0025107
540.0   240.0   0.0013408
570.0   240.0   0.0010489
510.0   180.0   0.0011734
450.0   60.0   0.0010982
600.0   40.0   0.0006866
120.0   60.0   0.0000000
540.0   60.0   0.0008657
60.0   40.0   0.0000000
630.0   260.0   0.0008879
240.0   20.0   0.0027186
330.0   20.0   0.0019442
300.0   240.0   0.0000873
360.0   180.0   0.0023433
210.0   20.0   0.0028083
630.0   300.0   0.0009737
150.0   120.0   0.0000000
600.0   260.0   0.0011626
330.0   300.0   0.0000000
570.0   300.0   0.0013312
450.0   300.0   0.0025187
660.0   80.0   0.0007076
360.0   200.0   0.0029356
540.0   140.0   0.0008879
360.0   240.0   0.0028448
660.0   140.0   0.0006417
270.0   80.0   0.0026284
510.0   280.0   0.0016339
630.0   220.0   0.0007836
210.0   140.0   0.0004828
510.0   320.0   0.0021584
630.0   160.0   0.0007230
600.0   320.0   0.0013441
480.0   60.0   0.0011742
570.0   220.0   0.0010808
630.0   40.0   0.0006570
390.0   220.0   0.0023465
360.0   80.0   0.0016987
270.0   100.0   0.0026725
450.0   140.0   0.0013945
420.0   300.0   0.0028238
540.0   180.0   0.0010869
390.0   1   0.0014193
270.0   40.0   0.0023098
570.0   260.0   0.0011827
510.0   240.0   0.0013918
360.0   100.0   0.0017706
180.0   60.0   0.0024308
600.0   220.0   0.0009705
270.0   200.0   0.0008573
510.0   200.0   0.0012875
630.0   280.0   0.0009320
180.0   40.0   0.0025795
450.0   100.0   0.0011658
660.0   1   0.0006627
660.0   220.0   0.0008301
60.0   1   0.0000000
390.0   160.0   0.0017962
210.0   40.0   0.0026728
510.0   40.0   0.0008984
90.0   40.0   0.0000000
510.0   220.0   0.0015486
630.0   320.0   0.0010092
210.0   1   0.0027784
630.0   100.0   0.0007019
360.0   120.0   0.0020549
270.0   240.0   0.0000000
390.0   140.0   0.0016821
240.0   220.0   0.0000000
480.0   320.0   0.0026129
180.0   140.0   0.0000000
360.0   260.0   0.0027521
540.0   80.0   0.0009902
240.0   60.0   0.0028887
360.0   20.0   0.0017392
540.0   320.0   0.0020529
330.0   260.0   0.0009827
660.0   200.0   0.0008681
300.0   200.0   0.0026834
450.0   340.0   0.0028970
540.0   260.0   0.0012878
540.0   1   0.0008831
390.0   80.0   0.0015240
270.0   140.0   0.0027768
420.0   180.0   0.0017578
690.0   280.0   0.0006792
210.0   120.0   0.0019366
660.0   260.0   0.0008819
690.0   20.0   0.0007303
420.0   80.0   0.0012883
510.0   260.0   0.0016130
420.0   140.0   0.0014932
600.0   1   0.0006967
300.0   260.0   0.0000000
510.0   300.0   0.0019938
600.0   300.0   0.0011944
420.0   320.0   0.0030007
450.0   20.0   0.0009874
360.0   220.0   0.0028524
660.0   180.0   0.0007064
150.0   60.0   0.0012362
300.0   140.0   0.0029782
600.0   140.0   0.0008257
420.0   160.0   0.0017444
690.0   80.0   0.0005544
690.0   300.0   0.0007036
510.0   80.0   0.0009713
420.0   100.0   0.0013157
360.0   60.0   0.0018070
540.0   280.0   0.0014014
240.0   140.0   0.0024112
120.0   1   0.0009806
360.0   280.0   0.0018792
450.0   180.0   0.0014573
570.0   80.0   0.0009559
630.0   200.0   0.0007747
690.0   140.0   0.0006130
330.0   160.0   0.0025265
630.0   60.0   0.0006870
480.0   120.0   0.0011306
450.0   280.0   0.0024601
450.0   260.0   0.0022247
300.0   180.0   0.0028059
390.0   260.0   0.0028399
420.0   200.0   0.0018625
540.0   40.0   0.0008188
300.0   20.0   0.0020967
330.0   220.0   0.0026985
150.0   40.0   0.0018881
300.0   40.0   0.0023990
600.0   160.0   0.0008297
270.0   180.0   0.0020183
450.0   120.0   0.0012050
690.0   1   0.0006380
420.0   60.0   0.0014986
510.0   160.0   0.0011456
330.0   80.0   0.0020202
480.0   100.0   0.0012336
570.0   140.0   0.0008628
570.0   1   0.0007642
330.0   40.0   0.0016983
150.0   1   0.0023996
600.0   240.0   0.0010696
120.0   100.0   0.0000000
540.0   200.0   0.0010016
210.0   80.0   0.0027116
600.0   100.0   0.0007395
510.0   1   0.0010986
690.0   200.0   0.0007282
270.0   60.0   0.0023774
420.0   340.0   0.0018242
180.0   160.0   0.0000000
690.0   320.0   0.0007153
600.0   180.0   0.0008564
300.0   160.0   0.0027425
660.0   100.0   0.0007165
300.0   120.0   0.0027428
660.0   280.0   0.0007990
540.0   100.0   0.0008128
210.0   60.0   0.0030036
630.0   140.0   0.0006712
690.0   40.0   0.0006126
480.0   80.0   0.0011468
300.0   80.0   0.0024831
660.0   320.0   0.0009373
630.0   1   0.0006772
570.0   20.0   0.0007917
600.0   20.0   0.0007250
240.0   100.0   0.0029636
510.0   120.0   0.0010590
210.0   180.0   0.0000000
480.0   260.0   0.0018494
360.0   340.0   0.0000000
120.0   20.0   0.0007836
570.0   60.0   0.0008410
420.0   120.0   0.0014436
510.0   140.0   0.0009749
180.0   20.0   0.0028180
270.0   160.0   0.0029426
570.0   280.0   0.0011925
480.0   200.0   0.0015506
600.0   340.0   0.0014480
240.0   120.0   0.0027372
330.0   200.0   0.0028670
390.0   200.0   0.0023651
240.0   200.0   0.0000000
450.0   40.0   0.0012434
390.0   120.0   0.0017901
690.0   120.0   0.0006793
660.0   160.0   0.0007690
660.0   40.0   0.0005778
330.0   100.0   0.0023632
420.0   240.0   0.0025325
450.0   220.0   0.0016974
90.0   1   0.0000000
450.0   240.0   0.0020979
390.0   300.0   0.0024675
540.0   160.0   0.0009935
120.0   80.0   0.0000000
390.0   180.0   0.0021151
690.0   180.0   0.0007088
150.0   20.0   0.0022925
660.0   20.0   0.0007186
330.0   180.0   0.0026723
630.0   20.0   0.0007593
510.0   20.0   0.0009789
660.0   340.0   0.0011144
600.0   80.0   0.0007577
300.0   1   0.0020586
360.0   320.0   0.0000000
510.0   60.0   0.0009651
420.0   280.0   0.0030246
330.0   1   0.0018350
510.0   340.0   0.0025219
450.0   160.0   0.0013271
360.0   40.0   0.0015693
570.0   40.0   0.0008584
360.0   300.0   0.0001015
150.0   80.0   0.0001343
330.0   120.0   0.0023521
660.0   300.0   0.0008378
480.0   1   0.0010541
480.0   220.0   0.0015357
270.0   120.0   0.0027974
330.0   240.0   0.0021193
540.0   220.0   0.0013280
570.0   340.0   0.0017847
690.0   60.0   0.0005131
450.0   200.0   0.0017755
480.0   160.0   0.0013073
390.0   100.0   0.0017307
570.0   120.0   0.0008778
60.0   20.0   0.0000000
600.0   280.0   0.0012135
480.0   40.0   0.0010695
660.0   240.0   0.0007412
540.0   20.0   0.0009150
600.0   120.0   0.0007840
390.0   320.0   0.0011003
630.0   80.0   0.0007642
690.0   100.0   0.0007238
300.0   280.0   0.0000000
690.0   260.0   0.0006886
390.0   20.0   0.0015034
180.0   120.0   0.0000182
150.0   100.0   0.0000000
570.0   100.0   0.0008653
180.0   80.0   0.0019078
420.0   20.0   0.0014188
630.0   240.0   0.0008896
690.0   240.0   0.0006660
240.0   1   0.0025725
450.0   1   0.0011771
600.0   200.0   0.0009806
480.0   20.0   0.0010966
90.0   60.0   0.0000000
330.0   280.0   0.0000044
390.0   60.0   0.0015418
270.0   1   0.0022556
270.0   220.0   0.0000000
390.0   40.0   0.0014475
630.0   120.0   0.0007241
660.0   60.0   0.0006489
480.0   180.0   0.0013372
120.0   40.0   0.0002386
180.0   100.0   0.0011168
390.0   240.0   0.0025948
660.0   120.0   0.0006255
330.0   60.0   0.0019194
240.0   80.0   0.0028622
630.0   180.0   0.0007598
690.0   220.0   0.0006624
390.0   340.0   0.0000049
210.0   100.0   0.0024699
180.0   1   0.0027202
480.0   300.0   0.0024726
690.0   160.0   0.0005814
