99.67816673184461 5.034834928949692
105.54701613065203 4.110546489270973
112.72730065300019 12.337609037929155
145.99947306300442 26.93221304400811
166.55639584546805 44.29222040647795
197.55198776939065 66.67064638007756
209.29748428936165 74.89074443026672
243.87931961328022 96.34836421342209
265.72924653917 99.06103636711859
286.91211376168036 82.55268767457886
320.81767389216225 72.88994351294278
354.0519210161614 38.51417399804495
356.9721680385539 19.74534808812075
354.02640119754113 5.562146955892331
354.67396659503 -0.388519521737976
