9.92940e+01 2.04251e+01 3860.0000
9.92940e+01 3.05066e+01 1142.0000
9.92940e+01 5.06701e+01 9169.0000
1.08238e+02 7.92549e-01 24.5500
1.17741e+02 1.03435e+01 25.0200
1.17741e+02 3.05066e+01 26.5000
1.17741e+02 5.06701e+01 0.0000
1.26685e+02 7.92549e-01 14.5800
1.26685e+02 2.04251e+01 12.4900
1.26685e+02 4.05883e+01 24.4600
1.26685e+02 6.07517e+01 40.5400
1.36188e+02 1.03436e+01 13.0300
1.36188e+02 3.05067e+01 11.5600
1.36188e+02 5.06701e+01 15.5700
1.36188e+02 7.03027e+01 39.1500
1.45691e+02 4.05883e+01 12.2800
1.45691e+02 6.07518e+01 15.0500
1.45691e+02 8.03843e+01 32.0900
1.55194e+02 1.03434e+01 7.4800
1.55194e+02 3.05065e+01 7.8100
1.55194e+02 5.06699e+01 11.0500
1.55194e+02 7.03025e+01 16.4800
1.55194e+02 9.04657e+01 65.0000
1.65256e+02 7.92482e-01 7.5000
1.65256e+02 2.04250e+01 7.3900
1.65256e+02 4.05882e+01 6.9700
1.65256e+02 6.07516e+01 8.1800
1.65256e+02 8.03842e+01 12.8100
1.74759e+02 1.03432e+01 5.4700
1.74759e+02 3.05064e+01 5.6000
1.74759e+02 5.06698e+01 6.8300
1.74759e+02 7.03024e+01 12.3600
1.74759e+02 9.04655e+01 12.8200
1.84262e+02 4.05880e+01 4.9900
1.84262e+02 6.07514e+01 6.8000
1.84262e+02 8.03840e+01 7.6300
1.94324e+02 1.03430e+01 3.8200
1.94324e+02 3.05062e+01 5.0900
1.94324e+02 5.06696e+01 4.6200
1.94324e+02 7.03022e+01 6.1700
2.03827e+02 7.91945e-01 3.4300
2.03827e+02 2.04245e+01 4.2500
2.03827e+02 4.05877e+01 4.5500
2.03827e+02 6.07511e+01 4.4400
2.13331e+02 1.03429e+01 3.8800
2.13331e+02 3.05061e+01 4.0400
2.13331e+02 5.06695e+01 4.2800
2.23393e+02 7.92012e-01 4.4100
2.23393e+02 2.04246e+01 3.4500
2.23393e+02 4.05877e+01 4.5000
2.32896e+02 3.05062e+01 3.4400
9.92936e+01 7.92079e-01 51.9100
1.37306e+02 9.04653e+01 33661.0000
1.47927e+02 1.00547e+02 7727.0000
1.59107e+02 1.10629e+02 6591.0000
1.63020e+02 1.00547e+02 96.2600
1.69728e+02 1.20710e+02 4345.0000
1.73641e+02 1.10629e+02 37.7700
1.80349e+02 1.30791e+02 2445.0000
1.84262e+02 1.20710e+02 26.9900
1.88175e+02 1.10629e+02 11.6000
1.92088e+02 1.00547e+02 11.2200
1.92088e+02 1.40342e+02 1031.0000
1.94883e+02 9.04653e+01 9.3100
1.94883e+02 1.30791e+02 21.5100
1.98796e+02 8.03838e+01 7.0900
1.98796e+02 1.20710e+02 16.8500
2.02709e+02 1.10629e+02 11.7200
2.02709e+02 1.50425e+02 435.2000
2.05504e+02 1.00547e+02 54.6700
2.05504e+02 1.40342e+02 23.3900
2.09417e+02 9.04655e+01 7.3000
2.09417e+02 1.30792e+02 13.2100
2.13331e+02 8.03839e+01 6.6100
2.13331e+02 1.20711e+02 9.7500
2.13331e+02 1.60507e+02 4670.0000
2.17244e+02 7.03024e+01 5.3300
2.17244e+02 1.10629e+02 6.2700
2.17244e+02 1.50425e+02 29.8900
2.21157e+02 6.07515e+01 3.4300
2.21157e+02 1.00547e+02 7.1900
2.21157e+02 1.40343e+02 13.4000
2.21157e+02 1.80670e+02 6576.0000
2.24510e+02 5.06699e+01 4.3100
2.24510e+02 9.04657e+01 4.4500
2.24510e+02 1.30792e+02 8.5200
2.24510e+02 1.70587e+02 92.5900
2.28424e+02 8.03842e+01 4.5100
2.28424e+02 1.20711e+02 6.6200
2.28424e+02 1.60507e+02 19.0400
2.32337e+02 7.03026e+01 3.8700
2.32337e+02 1.10629e+02 6.3000
2.32337e+02 1.50425e+02 11.8600
2.35132e+02 2.04252e+01 3.6800
2.35132e+02 6.07518e+01 3.8700
2.35132e+02 1.00548e+02 4.8900
2.35132e+02 1.40343e+02 9.4300
2.39045e+02 1.03438e+01 3.2000
2.39045e+02 5.06704e+01 4.0100
2.39045e+02 9.04661e+01 4.1000
2.39045e+02 1.30792e+02 8.9300
2.39045e+02 1.70588e+02 14.0100
2.42958e+02 7.92951e-01 3.1600
2.42958e+02 4.05887e+01 3.4600
2.42958e+02 8.03846e+01 3.8900
2.42958e+02 1.20711e+02 299.6000
2.42958e+02 1.60508e+02 9.9100
2.42958e+02 2.00833e+02 3185.0000
2.46871e+02 3.05073e+01 3.8400
2.46871e+02 7.03032e+01 3.9500
2.46871e+02 1.10630e+02 4.7700
2.46871e+02 1.50426e+02 8.6800
2.46871e+02 1.90753e+02 44.4100
2.50784e+02 2.04256e+01 2.7200
2.50784e+02 6.07522e+01 3.6500
2.50784e+02 1.00548e+02 4.5400
2.50784e+02 1.40343e+02 8.1600
2.50784e+02 1.80670e+02 14.4900
2.53578e+02 1.03440e+01 3.1900
2.53578e+02 5.06706e+01 3.9500
2.53578e+02 9.04663e+01 3.5100
2.53578e+02 1.30792e+02 5.8300
2.53578e+02 1.70588e+02 11.6400
2.57491e+02 7.93152e-01 3.5400
2.57491e+02 4.05889e+01 3.8000
2.57491e+02 8.03848e+01 3.2400
2.57491e+02 1.20711e+02 4.6700
2.57491e+02 1.60508e+02 5.6000
2.57491e+02 2.00833e+02 51.7900
2.61406e+02 3.05075e+01 3.6200
2.61406e+02 7.03034e+01 3.6500
2.61406e+02 1.10630e+02 3.6300
2.61406e+02 1.50426e+02 4.9500
2.61406e+02 1.90753e+02 16.2900
2.64759e+02 2.04258e+01 3.1500
2.64759e+02 6.07524e+01 3.3000
2.64759e+02 1.00548e+02 3.9100
2.64759e+02 1.40344e+02 4.9500
2.64759e+02 1.80671e+02 10.6400
2.68672e+02 1.03442e+01 2.8600
2.68672e+02 5.06708e+01 2.7400
2.68672e+02 9.04665e+01 3.5300
2.68672e+02 1.30793e+02 4.5300
2.68672e+02 1.70588e+02 6.1500
2.72585e+02 7.93353e-01 3.6200
2.72585e+02 4.05891e+01 3.0400
2.72585e+02 8.03850e+01 3.3600
2.72585e+02 1.20712e+02 3.6400
2.72585e+02 1.60508e+02 5.4500
2.72585e+02 2.00833e+02 19.3800
2.76498e+02 3.05077e+01 3.1500
2.76498e+02 7.03036e+01 3.3400
2.76498e+02 1.10630e+02 3.3500
2.76498e+02 1.50426e+02 4.4100
2.76498e+02 1.90753e+02 10.7900
2.80411e+02 2.04260e+01 2.5900
2.80411e+02 6.07526e+01 3.2700
2.80411e+02 1.00549e+02 3.5500
2.80411e+02 1.40344e+02 4.0400
2.80411e+02 1.80671e+02 5.7600
2.83207e+02 1.03444e+01 2.9100
2.83207e+02 5.06710e+01 3.3900
2.83207e+02 9.04667e+01 3.2000
2.83207e+02 1.30793e+02 3.5100
2.83207e+02 1.70589e+02 4.5800
2.87120e+02 7.93554e-01 3.1000
2.87120e+02 4.05893e+01 3.0700
2.87120e+02 8.03853e+01 3.0200
2.87120e+02 1.20712e+02 3.7000
2.87120e+02 1.60508e+02 6.0400
2.87120e+02 2.00834e+02 10.3000
2.91033e+02 3.05079e+01 2.8000
2.91033e+02 7.03038e+01 3.4200
2.91033e+02 1.10630e+02 3.2200
2.91033e+02 1.50426e+02 3.6000
2.91033e+02 1.90753e+02 6.8600
2.93826e+02 2.04262e+01 3.2200
2.93826e+02 6.07528e+01 3.0100
2.93826e+02 1.00549e+02 3.4600
2.93826e+02 1.40344e+02 3.3700
2.93826e+02 1.80671e+02 4.5900
2.98299e+02 1.03446e+01 2.9600
2.98299e+02 5.06712e+01 2.7900
2.98299e+02 9.04669e+01 3.0400
2.98299e+02 1.30793e+02 3.0900
2.98299e+02 1.70589e+02 3.9900
3.02212e+02 7.93755e-01 3.3100
3.02212e+02 4.05895e+01 2.8100
3.02212e+02 1.20712e+02 3.3700
3.02212e+02 1.60508e+02 3.9200
3.03889e+02 7.56101e+01 3.2600
3.03889e+02 1.95528e+02 5.0000
3.06125e+02 3.05075e+01 2.9900
3.06125e+02 1.50426e+02 3.5700
3.07802e+02 1.05324e+02 3.3500
3.10038e+02 6.07526e+01 2.8100
3.10038e+02 1.80671e+02 4.7900
3.10597e+02 1.56506e+01 2.8600
3.10597e+02 1.35569e+02 3.2800
3.12834e+02 9.04666e+01 3.8200
3.15070e+02 4.53648e+01 2.7100
3.15070e+02 1.65814e+02 4.4400
3.16747e+02 7.93621e-01 3.4600
3.16747e+02 1.20712e+02 3.5300
3.18983e+02 7.56099e+01 2.6300
3.18983e+02 1.95528e+02 4.3800
3.20660e+02 3.05073e+01 2.5900
3.20660e+02 1.50426e+02 3.7300
3.22896e+02 1.05324e+02 3.1900
3.23454e+02 6.07524e+01 2.8900
3.23454e+02 1.80671e+02 3.1700
3.25690e+02 1.56504e+01 2.6600
3.25690e+02 1.35569e+02 3.6400
3.27926e+02 9.04664e+01 3.0400
3.27926e+02 2.10384e+02 4.0800
3.29603e+02 4.53644e+01 2.7100
3.29603e+02 1.65813e+02 3.1800
3.31839e+02 7.93219e-01 2.7500
3.31839e+02 1.20712e+02 3.3800
3.33516e+02 7.56095e+01 2.8100
3.33516e+02 1.95527e+02 3.5200
3.35752e+02 3.05068e+01 2.3900
3.35752e+02 1.50425e+02 3.2600
3.37429e+02 1.05323e+02 2.5800
3.39665e+02 6.07520e+01 2.5500
3.39665e+02 1.80670e+02 3.3600
3.40784e+02 1.56500e+01 2.9500
3.40784e+02 1.35568e+02 3.5900
3.42460e+02 9.04660e+01 3.0600
3.44697e+02 4.53642e+01 2.5900
3.44697e+02 1.65813e+02 2.8100
3.46373e+02 7.93018e-01 2.8300
3.46373e+02 1.20711e+02 2.5700
3.48610e+02 7.56093e+01 2.8500
3.48610e+02 1.95527e+02 4.6300
3.50286e+02 3.05066e+01 2.9200
3.50286e+02 1.50425e+02 3.3600
3.52523e+02 1.05323e+02 3.1100
3.53640e+02 6.07518e+01 2.8000
3.53640e+02 1.80670e+02 3.5400
3.55319e+02 1.56498e+01 3.0900
3.55319e+02 1.35568e+02 2.6500
3.57553e+02 9.04658e+01 2.9100
3.57553e+02 2.10383e+02 3.6500
3.59231e+02 4.53638e+01 2.1300
3.59231e+02 1.65813e+02 2.9000
3.61466e+02 7.92616e-01 2.7400
3.61466e+02 1.20711e+02 2.8200
3.63144e+02 7.56089e+01 2.8000
3.63144e+02 1.95526e+02 2.9500
3.65379e+02 3.05062e+01 2.7200
3.65379e+02 1.50425e+02 3.0600
3.67057e+02 1.05323e+02 2.4000
3.69294e+02 6.07514e+01 2.6100
3.69294e+02 1.80670e+02 3.8200
3.70411e+02 1.56494e+01 1.9500
3.70411e+02 1.35568e+02 2.8000
