#MA5 EffMap for txName: T5ZZ , Analysis: cms_sus_13_012 , SR: 3NJet6_1000HT1250_200MHT300
# Mother Interm Daughter  Eff. 
1350   680   0.0252314
600   320   0.0029169
1500   40   0.0010381
700   240   0.0124729
650   0   0.0145403
1700   520   0.0038896
1050   600   0.0105134
300   160   0.0002715
1350   40   0.0021848
1000   600   0.0077686
1150   480   0.0271140
1200   200   0.0115488
1150   520   0.0247547
1400   80   0.0021415
600   440   0.0007353
1000   480   0.0171965
1150   320   0.0214897
1000   440   0.0205336
1150   40   0.0065965
600   0   0.0108400
1250   480   0.0239797
150   80   0.0000285
100   0   0.0000000
1100   680   0.0088505
1700   200   0.0008334
1400   720   0.0256346
1450   200   0.0033501
1000   200   0.0260879
850   160   0.0303217
1600   280   0.0022610
450.0   400.0   0.0002618
1100   360   0.0264581
1050   40   0.0102419
1400   480   0.0150561
950   280   0.0286384
800   160   0.0264184
1600   640   0.0113865
350   40   0.0011187
1600   600   0.0096769
1200   560   0.0239712
1350   600   0.0240426
1650.0   120.0   0.0008056
1000   520   0.0119801
900   0   0.0135242
350   80   0.0011165
850   360   0.0142648
1100   320   0.0247288
1500.0   560.0   0.0138660
1400   120   0.0027651
1100   280   0.0235263
1050   400   0.0265018
600   80   0.0133358
1400   0   0.0011212
600   480   0.0004235
1250   680   0.0196978
1350   240   0.0073357
700   480   0.0014495
800   280   0.0167061
1050   680   0.0055504
1500   360   0.0050100
1450   360   0.0063142
750   280   0.0131855
1050   640   0.0085374
1700   360   0.0017902
1100   160   0.0154480
950   400   0.0191501
600   40   0.0130035
1200   640   0.0178759
1500   200   0.0026090
300   0   0.0004242
1650   240   0.0014774
750   640   0.0002912
750   600   0.0003467
250   40   0.0002606
1550   400   0.0049387
200   120   0.0000613
1250   600   0.0250499
750   240   0.0164004
1650   480   0.0044777
1100   40   0.0080477
1550   240   0.0021959
1300   320   0.0120982
1500.0   600.0   0.0155659
1050   320   0.0273531
1200   160   0.0095027
1500   0   0.0008902
1600   360   0.0028913
700   120   0.0209176
950   0   0.0115701
1450   720   0.0254022
1400   440   0.0124074
550   400   0.0005847
650   160   0.0138561
1550   720   0.0187347
1700   320   0.0015686
850   400   0.0119123
1550   0   0.0005231
1550   560   0.0108895
850   320   0.0175886
400.0   240.0   0.0005158
950   200   0.0288273
650   360   0.0031358
1300   400   0.0168718
850   200   0.0284344
450.0   320.0   0.0002505
1450   480   0.0113544
1400   200   0.0044768
1200   520   0.0254090
1300   80   0.0038954
1700   40   0.0003204
1700   640   0.0072053
1050   280   0.0262484
600   160   0.0097491
1000   120   0.0215663
100   40   0.0000000
800   80   0.0311753
800   120   0.0295977
700   0   0.0189798
1300   440   0.0192848
1300   160   0.0063736
1650.0   80.0   0.0007097
1150   440   0.0266950
1650   360   0.0023393
900   360   0.0187581
650   280   0.0067721
750   200   0.0188128
1350   520   0.0201569
750   0   0.0212362
1300   200   0.0072909
1200   440   0.0238769
600   520   0.0002214
350   160   0.0007345
1050   200   0.0231082
1250   440   0.0215820
1500   400   0.0070191
500   120   0.0060592
1450   0   0.0007948
1250   320   0.0156725
1150   720   0.0085625
1550   200   0.0019118
850   440   0.0083408
1450   280   0.0045436
1500   120   0.0018655
750   160   0.0232664
1300   480   0.0212137
1350   480   0.0172715
850   240   0.0250982
1400   520   0.0163030
1200   680   0.0162775
1650   640   0.0090579
1200   480   0.0255880
1250   240   0.0118157
800   200   0.0229852
1500   720   0.0224637
1100   720   0.0062020
1350   80   0.0029742
1000   400   0.0228264
1700   560   0.0046263
1550   360   0.0042528
1450   600   0.0190683
900   40   0.0213549
1550   440   0.0061792
450   120   0.0029821
1200   0   0.0031002
800   480   0.0037904
400.0   320.0   0.0000494
1600   0   0.0004054
1450   240   0.0042455
600   200   0.0071068
550.0   280.0   0.0024823
1550   520   0.0085378
1050   360   0.0257577
1000   320   0.0267100
1300   240   0.0090461
500   80   0.0066144
1100   440   0.0259711
1650   160   0.0011141
1050   120   0.0173234
1450   680   0.0229466
900   80   0.0269726
1000   720   0.0024877
550.0   200.0   0.0051195
850   640   0.0008833
250   0   0.0001630
1600   560   0.0080388
550   80   0.0096235
1500   480   0.0091023
900   160   0.0306128
750   360   0.0076028
650   520   0.0004589
1550   80   0.0010778
1100   560   0.0183027
700   440   0.0023048
200   80   0.0001540
900   600   0.0031826
1250   200   0.0098925
1550   40   0.0007014
1400   320   0.0070040
1400   640   0.0230964
950   360   0.0216158
450   40   0.0037976
1000   240   0.0279188
1550   320   0.0036176
1250   360   0.0181316
400   40   0.0021632
1500   680   0.0199070
1600   440   0.0047502
650   320   0.0048583
450.0   360.0   0.0001756
650   560   0.0002018
650   400   0.0020988
600   120   0.0115560
850   560   0.0028750
1500   160   0.0019380
1100   80   0.0106575
900   480   0.0095478
1350   280   0.0076318
550   40   0.0091068
550   440   0.0002757
250   200   0.0000327
800   680   0.0001997
1500   80   0.0013483
1050   560   0.0139743
1300   720   0.0200572
750   320   0.0102179
650   40   0.0189073
1250   720   0.0163476
1600   480   0.0054568
1250   40   0.0038408
1400   280   0.0061516
1150   80   0.0085598
550.0   240.0   0.0037169
500   160   0.0047126
600   360   0.0019504
1700   120   0.0007351
1000   560   0.0100285
1150   120   0.0113534
800   400   0.0081593
1500   280   0.0035419
1100   240   0.0213572
1150   200   0.0160971
900   560   0.0046620
550   320   0.0016623
750   560   0.0007497
550   160   0.0076021
950   520   0.0103038
1200   400   0.0232574
1350   640   0.0257595
1000   680   0.0037930
1300   280   0.0098546
1150   240   0.0176788
300   40   0.0007145
1550   280   0.0032386
1450   40   0.0011077
900   680   0.0011863
1350   720   0.0245800
200   0   0.0000462
1450   400   0.0086164
1400   40   0.0017717
1150   280   0.0210455
1350   120   0.0039539
1050   520   0.0164982
1600   320   0.0024166
1600   680   0.0139126
900   120   0.0288947
1500.0   640.0   0.0186042
1650   720   0.0131024
1250   160   0.0075252
650   80   0.0182644
700   360   0.0048926
1150   160   0.0140274
1150   600   0.0179486
800   40   0.0275596
850   680   0.0004911
1350   160   0.0044566
1250   120   0.0063181
650   200   0.0113713
1450   520   0.0140759
950   640   0.0035737
350   120   0.0010454
1200   80   0.0071096
700   200   0.0156548
300   80   0.0004577
1150   680   0.0123497
1150   360   0.0233206
500.0   360.0   0.0004005
1600   40   0.0005343
1700   720   0.0101940
1400   560   0.0189009
700   320   0.0076975
1200   40   0.0046320
1600   400   0.0039536
500.0   240.0   0.0023321
700   80   0.0241011
850   280   0.0217615
1300   600   0.0258906
950   160   0.0278139
1700   680   0.0078358
450.0   200.0   0.0017383
700   40   0.0230579
950   600   0.0053305
1050   80   0.0146841
750   40   0.0270458
900   320   0.0229984
800   560   0.0018330
650   600   0.0001103
400.0   160.0   0.0012108
1550   480   0.0075329
700   400   0.0037512
950   40   0.0170675
800   520   0.0031982
1650   200   0.0012469
1100   640   0.0118641
1250   520   0.0244756
1650   440   0.0039938
350   240   0.0003141
850   520   0.0043833
1250   640   0.0225395
950   440   0.0155629
800   600   0.0010637
450.0   160.0   0.0023540
850   0   0.0162199
950   320   0.0254281
1050   480   0.0212138
450.0   280.0   0.0007002
350   200   0.0004568
1650   320   0.0020050
800   440   0.0062905
900   720   0.0005589
1000   0   0.0082390
700   280   0.0097442
250   160   0.0000655
1600   200   0.0018151
1600   160   0.0012019
850   80   0.0299458
900   200   0.0305009
1250   80   0.0047653
1350   320   0.0102975
900   400   0.0155100
1700   280   0.0014520
1700   600   0.0060269
600   240   0.0061123
1100   0   0.0049941
800   360   0.0113519
700   160   0.0181502
1400   600   0.0214505
800   640   0.0004007
850   120   0.0297203
900   280   0.0247809
1100   600   0.0150110
500   40   0.0061619
1550   640   0.0158367
300   240   0.0000341
1100   520   0.0214454
800   0   0.0184719
1100   400   0.0262522
1000   40   0.0142930
750   120   0.0275363
950   720   0.0010003
900   440   0.0120439
500.0   320.0   0.0007071
250   120   0.0002932
1400   400   0.0098864
1450   160   0.0031317
1200   720   0.0123800
450   0   0.0025652
900   520   0.0069668
950   560   0.0077987
950   120   0.0260594
1300   520   0.0222350
300   120   0.0002726
450.0   240.0   0.0009400
1400   160   0.0032553
1450   440   0.0098418
300   200   0.0001363
650   240   0.0097382
1600   80   0.0008594
1550   120   0.0014235
800   240   0.0204059
750   400   0.0056178
1200   120   0.0080255
1300   640   0.0243353
1650   680   0.0105209
150   40   0.0000569
1650   280   0.0018473
700   560   0.0004414
700   520   0.0007730
1500   240   0.0033523
1700   240   0.0012617
550   0   0.0070957
1700   400   0.0022618
950   240   0.0277381
500.0   440.0   0.0001133
350.0   280.0   0.0001317
400.0   120.0   0.0018897
1000   160   0.0238425
550   360   0.0011363
1650   520   0.0051797
650   440   0.0014126
1700   0   0.0003526
1000   280   0.0277857
1650   400   0.0029447
1400   680   0.0250874
500   0   0.0040136
1250   280   0.0130414
1100   200   0.0187394
1150   0   0.0037744
1600   520   0.0070626
1300   560   0.0235478
600   400   0.0014522
1650   560   0.0069132
1050   440   0.0234385
1000   360   0.0255740
900   240   0.0280841
350   0   0.0008560
1550   600   0.0114758
950   480   0.0129107
650   120   0.0169118
850   720   0.0004145
1700   440   0.0028266
1250   0   0.0023337
1350   400   0.0132020
550   120   0.0084114
500.0   200.0   0.0033522
1150   560   0.0214076
1200   600   0.0225420
1050   160   0.0206175
1300   680   0.0226857
850   480   0.0061520
750   440   0.0033483
1000   80   0.0181708
1450   80   0.0016212
250   80   0.0002608
1350   0   0.0014176
550   480   0.0002390
950   680   0.0018379
1300   360   0.0149940
1550   680   0.0166588
1200   360   0.0206157
1700   480   0.0032739
750   80   0.0287814
1100   120   0.0131439
1050   0   0.0064861
800   320   0.0140458
1200   240   0.0142222
1400   240   0.0051432
1150   400   0.0244972
1200   280   0.0159202
950   80   0.0228887
1500   320   0.0048133
1300   120   0.0048237
1050   240   0.0251664
1600   240   0.0021574
1450   320   0.0060483
1100   480   0.0235153
1650.0   40.0   0.0005646
450   80   0.0039940
1300   0   0.0017823
400   80   0.0023323
1050   720   0.0040246
1350   440   0.0151265
1650   600   0.0077155
1200   320   0.0184758
750   480   0.0027695
1450   560   0.0160683
1450   640   0.0198649
900   640   0.0019170
400   0   0.0016028
500.0   400.0   0.0002264
850   40   0.0256248
1500   520   0.0104302
1350   200   0.0061977
1250   400   0.0208000
1150   640   0.0157396
750   520   0.0014333
850   600   0.0015726
1600   120   0.0008756
150   0   0.0000000
1000   640   0.0057154
1300   40   0.0026291
400.0   280.0   0.0002231
1700   160   0.0009742
500.0   280.0   0.0014100
1250   560   0.0258035
1400   360   0.0091564
400.0   200.0   0.0009370
1700   80   0.0004331
1350   560   0.0216228
1350   360   0.0114805
600   280   0.0044085
1500   440   0.0078036
200   40   0.0000768
650   480   0.0006569
1550   160   0.0018043
1450   120   0.0023916
