79.5 19.7
80.6 23.6
84.4 28.9
86.5 30.8
92.0 34.1
93.5 35.2
97.5 39.4
100.5 44.2
100.7 44.6
103.4 49.9
107.4 54.1
108.3 55.1
113.2 60.4
114.4 61.6
118.3 65.6
121.4 68.5
123.8 70.9
128.4 75.1
129.4 76.1
135.3 81.2
135.6 81.4
141.8 86.6
142.3 87.1
148.4 91.9
149.3 92.5
155.6 97.1
156.3 97.7
161.5 102.4
163.2 104.1
166.7 107.6
170.2  110.6
172.9 112.9
177.2 116.2
179.9 118.1
184.2 121.6
186.8 123.4
191.1 127.0
193.5 128.6
198.1 131.7
201.9 133.9
205.1 135.8
210.5 139.1
212.1 140.2
218.2 144.4
219.0 145.1
225.3 149.6
226.0 150.2
233.0 154.5
234.0 154.9
240.0 157.6
246.8 160.1
246.9 160.2
253.9 163.1
258.6 165.4
260.9 166.3
267.9 169.8
269.0 170.6
274.8 175.5
275.3 175.9
281.8 180.3
283.8 181.1
288.8 183.1
295.8  184.9
302.7 184.8
309.7 183.8
316.7 183.5
323.3 181.1
323.7 180.9
326.3 175.9
328.4 170.6
328.6 165.4
327.5 160.1
326.2 154.9
325.1 149.6
324.2 144.4
323.7 143.0
321.9 139.1
318.7 133.9
316.7 130.0
315.7 128.6
316.1 123.4
316.7 121.0
317.4 118.1
318.2 112.9
319.9 107.6
320.8 102.4
321.9 97.1
323.1 91.9
323.7 90.7
325.0 86.6
326.5 81.4
327.8 76.1
329.4 70.9
330.6 68.2
331.9 65.6
334.3 60.4
334.7 55.1
333.9 49.9
332.8 44.6
331.7 39.4
330.7 34.1
330.6 32.0
330.5 28.9
330.6 28.3
331.5 23.6
332.9 18.4
333.7 13.1
333.7 7.9
333.7 2.6
