675.0 250.0 569.000927 181.183446562 None 577.242027
1200.0 50.0 -1.0 1.0 -1.0 6.475557
1225.0 425.0 3.877126 7.405339 None 4.136758
900.0 425.0 62.661876 68.7755352188 None 63.66329
1050.0 175.0 16.544266 7.587466 None 18.345763
825.0 350.0 126.501991 92.9854572031 None 128.668734
1525.0 525.0 -1.0 1.0 -1.0 0.413541
1075.0 625.0 13.440084 78.165595625 None 13.638505
1475.0 1075.0 -1.0 1.0 -1.0 0.534499
725.0 350.0 336.938564 221.544233156 None 340.553124
325.0 100.0 61232.972325 63619.7635701 None 61480.547325
700.0 275.0 438.500781 172.124685969 None 444.571741
1025.0 475.0 20.657734 33.370255125 None 21.137106
975.0 375.0 32.278731 24.433279125 None 33.199507
325.0 25.0 -1.0 1.0 -1.0 61993.727136
675.0 150.0 566.176502 142.511756875 None 581.317922
825.0 275.0 126.644447 57.8834779063 None 129.76925
1075.0 50.0 -1.0 1.0 -1.0 16.53163
1275.0 350.0 2.593632 5.5840659375 None 2.906242
1300.0 1100.0 -1.0 1.0 -1.0 2.146629
375.0 25.0 -1.0 1.0 -1.0 26760.193856
375.0 75.0 26405.808314 4455.37769317 None 26633.519314
950.0 150.0 40.34616 15.09551975 None 43.553705
700.0 200.0 437.35829 148.37312025 None 446.14781
1400.0 650.0 0.955146 86.6123530536 None 1.006361
950.0 550.0 39.898693 121.172467813 None 40.353698
1400.0 850.0 -1.0 1.0 -1.0 0.983767
1150.0 175.0 7.269248 5.992078875 None 8.407479
1275.0 525.0 2.576754 8.95728325 None 2.716638
1350.0 50.0 -1.0 1.0 -1.0 2.309207
1425.0 300.0 0.786359 2.0967529375 None 0.997943
1025.0 75.0 20.939662 8.71488025 None 24.326062
625.0 75.0 998.815555 217.121581583 None 1028.301385
650.0 375.0 749.674112 898.271430063 None 754.527572
1375.0 400.0 1.173162 4.89422521875 None 1.337841
1025.0 350.0 20.755552 15.8415120625 None 21.590686
1200.0 200.0 4.750369 5.632910875 None 5.587179
1300.0 600.0 2.113909 11.7602893125 None 2.205743
1350.0 150.0 1.455343 2.2399414375 None 2.023509
1400.0 975.0 -1.0 1.0 -1.0 0.971381
525.0 50.0 -1.0 1.0 -1.0 3266.184082
1525.0 725.0 -1.0 1.0 -1.0 0.375162
1175.0 975.0 5.808812 435.7955845 None 5.842524
550.0 175.0 2363.306158 628.440713125 None 2388.419758
875.0 625.0 78.708416 540.664239833 None 79.207216
600.0 200.0 1319.159002 417.855138 None 1336.329562
750.0 0.0 -1.0 1.0 -1.0 283.627131
1075.0 750.0 13.473128 246.610786094 None 13.588138
800.0 125.0 163.280042 48.8286417212 None 170.977564
1325.0 700.0 1.734147 142.166291179 None 1.787498
1325.0 775.0 1.727797 161.524319125 None 1.76777
525.0 300.0 3215.646146 2794.18299039 None 3231.920146
575.0 125.0 1765.543106 724.326784687 None 1795.589426
1150.0 50.0 -1.0 1.0 -1.0 9.21728
1475.0 975.0 -1.0 1.0 -1.0 0.538721
975.0 50.0 -1.0 1.0 -1.0 37.493013
1300.0 300.0 2.116473 4.947164625 None 2.469063
1475.0 375.0 0.530286 3.46650301429 None 0.653861
1400.0 600.0 0.953554 12.2698684107 None 1.01773
1100.0 700.0 10.785555 125.892476875 None 10.927755
650.0 50.0 -1.0 1.0 -1.0 780.678849
400.0 175.0 18017.350514 6054.93643656 None 18090.512414
1475.0 425.0 0.536538 4.62877426429 None 0.635191
1200.0 825.0 4.756397 296.708258589 None 4.817887
1350.0 975.0 -1.0 1.0 -1.0 1.444349
1275.0 800.0 2.615595 232.247713277 None 2.660038
975.0 500.0 32.133323 60.5044495 None 32.654459
1175.0 650.0 5.783201 39.9782358594 None 5.905944
1300.0 450.0 2.114171 6.41856075 None 2.291009
1525.0 125.0 -1.0 1.0 -1.0 0.677965
575.0 175.0 1757.857843 520.0465325 None 1780.531683
775.0 550.0 203.454754 590.603007313 None 204.545508
1300.0 0.0 -1.0 1.0 -1.0 3.497427
1375.0 200.0 1.163232 2.22181528125 None 1.574367
1200.0 0.0 -1.0 1.0 -1.0 6.901645
1525.0 475.0 -1.0 1.0 -1.0 0.421866
450.0 225.0 8686.094901 3312.66970355 None 8718.418101
875.0 125.0 79.169993 25.3027253125 None 84.619983
1275.0 775.0 2.618743 241.154320464 None 2.666015
1300.0 925.0 -1.0 1.0 -1.0 2.152309
850.0 400.0 99.663418 86.214754125 None 101.034018
1150.0 0.0 -1.0 1.0 -1.0 9.839431
725.0 150.0 339.085259 89.3314186875 None 350.330219
1225.0 825.0 3.88204 302.971107429 None 3.931797
625.0 350.0 998.060574 995.734454594 None 1004.697444
1450.0 250.0 0.646743 1.7587148125 None 0.889389
1175.0 225.0 5.81156 5.8545975 None 6.617195
1450.0 150.0 0.636931 1.5787685625 None 1.021265
1125.0 375.0 8.75001 9.6414695625 None 9.248371
1075.0 525.0 13.444276 32.5179691875 None 13.745996
1325.0 950.0 -1.0 1.0 -1.0 1.759484
775.0 475.0 204.350066 362.36388575 None 205.782266
1125.0 350.0 8.821951 8.576684 None 9.37776
700.0 100.0 441.157576 97.5389405625 None 457.322656
750.0 550.0 262.933387 765.55343075 None 264.121387
1250.0 375.0 3.135166 5.97668040625 None 3.435041
1425.0 200.0 0.792008 1.78662215625 None 1.130718
625.0 425.0 995.349724 2676.490361 None 999.647044
825.0 425.0 126.55378 106.374636 None 127.878005
1400.0 775.0 -1.0 1.0 -1.0 0.990676
1025.0 750.0 20.563431 488.563640969 None 20.703594
1025.0 175.0 20.661263 8.8250085 None 22.712183
850.0 175.0 99.806622 40.8936066563 None 104.33525
850.0 350.0 98.986933 70.9557347813 None 100.860282
1175.0 475.0 5.793096 12.27144025 None 6.051964
925.0 225.0 50.18143 20.332831875 None 52.557537
1125.0 875.0 8.831095 750.140313687 None 8.886275
1300.0 775.0 2.126138 201.339319795 None 2.170364
750.0 500.0 263.193611 579.713852625 None 264.865211
1300.0 475.0 2.128082 6.930237 None 2.283591
1000.0 650.0 25.713403 238.792442625 None 25.97803
1475.0 900.0 -1.0 1.0 -1.0 0.546312
1250.0 325.0 3.157386 5.6625953125 None 3.545855
1000.0 200.0 25.716004 11.10475725 None 27.729556
925.0 100.0 50.580296 22.0491906685 None 55.35699
1375.0 600.0 1.160024 10.0973222813 None 1.228809
975.0 425.0 31.996822 33.1919388125 None 32.744621
1350.0 475.0 1.414421 5.85547621875 None 1.54833
1400.0 300.0 0.958768 2.4424275 None 1.196507
1025.0 800.0 20.580881 1296.01601419 None 20.695867
1000.0 25.0 -1.0 1.0 -1.0 30.701481
1300.0 625.0 2.105374 24.389715375 None 2.188956
800.0 425.0 161.569694 167.759687094 None 163.194419
850.0 425.0 100.200253 93.8416024063 None 101.458537
1175.0 25.0 -1.0 1.0 -1.0 7.965216
375.0 0.0 -1.0 1.0 -1.0 26711.892158
450.0 275.0 8649.796899 5770.67826222 None 8673.238299
1450.0 575.0 0.637494 6.26968846875 None 0.694335
700.0 325.0 438.290111 230.024176594 None 443.056691
1275.0 150.0 2.619524 5.10104603125 None 3.394506
1175.0 175.0 5.776875 5.83436275 None 6.827096
1475.0 100.0 0.526395 1.44569792054 None 0.959092
650.0 125.0 746.560874 156.779871875 None 766.354714
1350.0 875.0 -1.0 1.0 -1.0 1.442895
800.0 100.0 162.187827 46.1207084519 None 171.232507
1325.0 500.0 1.741567 6.87379075 None 1.868604
1525.0 1100.0 -1.0 1.0 -1.0 0.361683
800.0 350.0 161.705581 115.015179625 None 164.040941
1025.0 125.0 20.728955 8.946056 None 23.31203
725.0 125.0 338.889364 87.6629965 None 351.622804
650.0 300.0 749.544579 396.078702875 None 756.657969
1275.0 400.0 2.583381 5.94075634375 None 2.828802
1225.0 125.0 3.880213 5.618154125 None 4.977668
1425.0 825.0 -1.0 1.0 -1.0 0.811035
1425.0 525.0 0.783431 5.878221375 None 0.861738
1400.0 1075.0 -1.0 1.0 -1.0 0.972977
1200.0 300.0 4.767315 6.120281625 None 5.271603
1325.0 75.0 1.762675 2.35725594 None 2.644092
925.0 125.0 50.438198 17.23644675 None 54.555246
950.0 650.0 40.149213 567.135935063 None 40.459266
575.0 275.0 1757.725494 811.58843925 None 1769.761804
1375.0 575.0 1.161739 7.853348625 None 1.239609
825.0 200.0 127.112598 52.224033875 None 131.593848
1250.0 200.0 3.155968 5.442175125 None 3.831973
1000.0 325.0 25.858789 16.2654258125 None 26.923339
1175.0 675.0 5.792961 46.7541 None 5.899881
1450.0 225.0 0.639269 1.70250746875 None 0.915396
975.0 475.0 32.117759 51.29562825 None 32.715356
925.0 200.0 50.155275 19.6834262813 None 52.972491
850.0 675.0 99.178616 1022.92469442 None 99.599014
1325.0 425.0 1.732269 5.645389125 None 1.916706
1250.0 700.0 3.162399 123.377744661 None 3.232971
1150.0 850.0 7.159611 440.350220437 None 7.217974
350.0 175.0 39953.655 14987.4752898 None 40064.155
1450.0 725.0 -1.0 1.0 -1.0 0.673123
1050.0 525.0 16.774244 40.0644827812 None 17.109987
1150.0 775.0 7.15011 184.964874094 None 7.23621
800.0 325.0 161.590417 103.314519859 None 164.356089
650.0 100.0 747.998248 155.596999221 None 770.127068
1175.0 625.0 5.788284 33.2023717188 None 5.923036
1075.0 0.0 -1.0 1.0 -1.0 17.074375
1250.0 25.0 -1.0 1.0 -1.0 4.708929
1525.0 575.0 -1.0 1.0 -1.0 0.397676
1525.0 600.0 -1.0 1.0 -1.0 0.390234
1475.0 950.0 -1.0 1.0 -1.0 0.538663
425.0 225.0 12409.378359 6880.52054425 None 12450.971559
975.0 25.0 -1.0 1.0 -1.0 37.845594
850.0 525.0 99.542322 251.245647406 None 100.345326
1500.0 425.0 -1.0 1.0 -1.0 0.525169
1525.0 925.0 -1.0 1.0 -1.0 0.366139
1325.0 150.0 1.753815 2.58651534375 None 2.384473
525.0 200.0 3208.873393 701.592173906 None 3233.440893
1450.0 25.0 -1.0 1.0 -1.0 1.279366
550.0 50.0 -1.0 1.0 -1.0 2440.126028
675.0 25.0 -1.0 1.0 -1.0 599.376131
800.0 225.0 162.171937 62.1768897813 None 166.943559
1450.0 1050.0 -1.0 1.0 -1.0 0.646592
1200.0 425.0 4.757346 8.125743375 None 5.049471
1225.0 475.0 3.87433 8.9906465 None 4.08803
1250.0 50.0 -1.0 1.0 -1.0 4.583525
1450.0 850.0 -1.0 1.0 -1.0 0.666284
1025.0 375.0 20.562302 18.048034875 None 21.33393
775.0 400.0 204.813447 184.873999906 None 206.96937
925.0 25.0 -1.0 1.0 -1.0 57.74908
1475.0 875.0 -1.0 1.0 -1.0 0.546602
1275.0 325.0 2.587797 5.491236875 None 2.937576
800.0 25.0 -1.0 1.0 -1.0 176.534012
1050.0 0.0 -1.0 1.0 -1.0 20.78929
475.0 175.0 6104.851301 1343.500298 None 6146.644101
1500.0 75.0 -1.0 1.0 -1.0 0.861138
425.0 200.0 12392.233717 4400.49501534 None 12439.476217
725.0 50.0 -1.0 1.0 -1.0 359.85444
900.0 250.0 63.041015 31.47778725 None 65.370646
725.0 100.0 341.042789 81.9463635313 None 355.003589
1400.0 625.0 0.954317 49.4411107321 None 1.011424
975.0 150.0 32.462716 12.5079435 None 35.327118
1325.0 625.0 1.720649 30.6525642143 None 1.798735
600.0 100.0 1325.561882 429.039877738 None 1357.340442
775.0 200.0 204.715025 70.6360950938 None 210.624761
1250.0 75.0 3.125392 4.45061729248 None 4.366965
1475.0 25.0 -1.0 1.0 -1.0 1.109598
1150.0 425.0 7.12041 10.4886950312 None 7.481194
1250.0 1025.0 -1.0 1.0 -1.0 3.199269
1350.0 700.0 1.419037 148.429140018 None 1.467771
1450.0 675.0 -1.0 1.0 -1.0 0.678557
1200.0 450.0 4.755462 9.04558925 None 5.025312
725.0 75.0 339.371839 77.8063301159 None 355.687359
400.0 150.0 17928.996679 3941.96745037 None 18023.214079
1325.0 1025.0 -1.0 1.0 -1.0 1.754509
1325.0 250.0 1.730359 4.116862875 None 2.135594
1475.0 350.0 0.534972 2.88536738929 None 0.672056
1100.0 225.0 10.860849 6.91447334375 None 11.989627
1175.0 300.0 5.849002 6.42578025 None 6.419971
775.0 0.0 -1.0 1.0 -1.0 223.228405
1325.0 925.0 -1.0 1.0 -1.0 1.758563
1225.0 200.0 3.836522 5.50680828125 None 4.591647
1450.0 775.0 -1.0 1.0 -1.0 0.668767
1300.0 750.0 2.118361 210.245926982 None 2.166454
1350.0 550.0 1.416322 7.4258164375 None 1.509041
950.0 125.0 40.463713 15.7842058273 None 44.132011
1250.0 975.0 -1.0 1.0 -1.0 3.207106
1275.0 0.0 -1.0 1.0 -1.0 4.103147
1325.0 900.0 -1.0 1.0 -1.0 1.761254
950.0 500.0 39.918875 82.299707625 None 40.525425
1425.0 900.0 -1.0 1.0 -1.0 0.796066
950.0 225.0 40.264864 17.8769972188 None 42.506467
1300.0 700.0 2.113817 135.903442339 None 2.173386
1325.0 750.0 1.726017 170.430926313 None 1.77004
1475.0 225.0 0.526664 1.71226858571 None 0.77667
1350.0 225.0 1.424416 2.72744278125 None 1.8246
1525.0 50.0 -1.0 1.0 -1.0 0.797576
550.0 125.0 2374.009428 798.005776875 None 2409.019428
1175.0 825.0 5.800201 276.201463937 None 5.862285
1375.0 225.0 1.164677 2.4325716875 None 1.529994
1375.0 375.0 1.167889 4.133614125 None 1.353255
1450.0 975.0 -1.0 1.0 -1.0 0.649803
450.0 175.0 8742.655691 2012.83995816 None 8790.746491
1200.0 600.0 4.771367 22.031032125 None 4.908096
1500.0 225.0 -1.0 1.0 -1.0 0.661239
500.0 75.0 4390.99488 991.082406921 None 4463.46988
1500.0 525.0 -1.0 1.0 -1.0 0.492744
1450.0 500.0 0.642447 5.05596675 None 0.721377
600.0 175.0 1317.545463 379.453847063 None 1337.570013
1500.0 675.0 -1.0 1.0 -1.0 0.460216
1350.0 825.0 -1.0 1.0 -1.0 1.452654
675.0 350.0 567.378585 411.382726469 None 572.166585
1200.0 800.0 4.755615 251.8374095 None 4.821407
1125.0 200.0 8.860193 6.436010625 None 10.006825
875.0 600.0 78.629645 349.781376125 None 79.152373
1150.0 275.0 7.225072 6.652737125 None 7.943682
825.0 650.0 126.158462 901.68341025 None 126.684572
1475.0 500.0 -1.0 1.0 -1.0 0.605783
1200.0 1000.0 4.769313 280.439857786 None 4.797832
1500.0 475.0 -1.0 1.0 -1.0 0.506451
1125.0 150.0 8.89198 6.18482325 None 10.331997
850.0 500.0 99.465206 201.14028725 None 100.361582
1525.0 200.0 -1.0 1.0 -1.0 0.588255
1150.0 825.0 7.151277 297.655013156 None 7.216918
925.0 650.0 49.711965 644.76650901 None 50.057471
1100.0 600.0 10.83949 45.8101835625 None 11.044898
1400.0 1025.0 -1.0 1.0 -1.0 0.970865
950.0 350.0 40.210118 24.75170425 None 41.344656
1150.0 600.0 7.149525 31.31002 None 7.313855
1325.0 1075.0 -1.0 1.0 -1.0 1.754828
900.0 575.0 62.847528 273.639233187 None 63.369722
1100.0 25.0 -1.0 1.0 -1.0 13.746453
1400.0 825.0 -1.0 1.0 -1.0 0.988355
1125.0 0.0 -1.0 1.0 -1.0 11.718098
1150.0 650.0 7.160366 46.1994496875 None 7.297431
925.0 250.0 50.168808 21.426716625 None 52.240276
1025.0 625.0 20.77757 123.18017 None 21.034647
850.0 375.0 99.397662 82.6563945469 None 101.013268
1250.0 875.0 3.178315 245.342892384 None 3.214865
575.0 350.0 1764.332835 1842.23539484 None 1772.150415
1125.0 750.0 8.785206 163.795790938 None 8.888598
1175.0 275.0 5.825416 6.3472385 None 6.468625
1425.0 100.0 0.790738 1.62239404197 None 1.316792
1500.0 275.0 -1.0 1.0 -1.0 0.612141
625.0 150.0 991.349357 214.351695187 None 1011.306707
1425.0 750.0 -1.0 1.0 -1.0 0.817569
1225.0 775.0 3.883352 228.628622786 None 3.944609
600.0 125.0 1316.30972 492.277831406 None 1343.61172
325.0 150.0 61399.345098 28487.4736562 None 61537.903098
350.0 50.0 -1.0 1.0 -1.0 39810.89664
650.0 475.0 746.845293 4335.03661528 None 749.807543
1100.0 0.0 -1.0 1.0 -1.0 14.082818
825.0 325.0 126.452108 81.2847974375 None 128.91054
1050.0 725.0 16.619404 247.874761406 None 16.768269
1525.0 275.0 -1.0 1.0 -1.0 0.517967
1300.0 150.0 2.132738 3.74259275 None 2.83433
1450.0 50.0 -1.0 1.0 -1.0 1.22327
1250.0 1000.0 -1.0 1.0 -1.0 3.208528
625.0 450.0 992.501595 4351.71666162 None 996.223195
800.0 600.0 161.269124 9015.31597994 None 161.99516
1000.0 600.0 25.84802 119.78989375 None 26.16702
1175.0 450.0 5.797398 10.2429640937 None 6.08958
950.0 250.0 40.271363 18.5264028125 None 42.200243
875.0 75.0 79.151454 21.591073625 None 86.109429
650.0 175.0 744.489907 192.680434687 None 758.841907
1325.0 575.0 1.734055 8.9619933125 None 1.828138
1275.0 1075.0 -1.0 1.0 -1.0 2.620168
1025.0 450.0 20.769622 27.556221875 None 21.287969
900.0 325.0 62.496505 31.6879555 None 64.138485
1300.0 250.0 2.112455 5.31388325 None 2.556526
1150.0 575.0 7.151746 26.2218499375 None 7.334202
1350.0 500.0 1.419917 6.349068875 None 1.535732
825.0 400.0 126.777178 104.851851469 None 128.324269
525.0 75.0 3196.530675 1038.32877327 None 3258.100275
1275.0 225.0 2.60797 5.3780291875 None 3.148248
1500.0 50.0 -1.0 1.0 -1.0 0.912655
875.0 250.0 78.80661 39.405618 None 81.523116
1425.0 650.0 -1.0 1.0 -1.0 0.822822
1375.0 1075.0 -1.0 1.0 -1.0 1.18093
950.0 700.0 40.245283 1597.3398985 None 40.495089
1325.0 1100.0 -1.0 1.0 -1.0 1.74853
1050.0 875.0 16.64959 889.267048453 None 16.71815
1475.0 1050.0 -1.0 1.0 -1.0 0.537077
525.0 25.0 -1.0 1.0 -1.0 3301.116214
1175.0 100.0 5.749951 5.8762156875 None 7.288718
1350.0 1075.0 -1.0 1.0 -1.0 1.438587
775.0 450.0 204.2855 274.925052 None 205.886442
600.0 275.0 1318.293029 560.283327062 None 1329.968249
775.0 225.0 205.670862 78.5223833125 None 210.805101
1275.0 125.0 2.63134 4.57965910699 None 3.504929
1150.0 675.0 7.157429 56.5527937188 None 7.27965
1125.0 100.0 8.801902 6.26771008377 None 10.688668
1125.0 575.0 8.855879 31.4528360625 None 9.061223
1525.0 325.0 -1.0 1.0 -1.0 0.483164
1425.0 1050.0 -1.0 1.0 -1.0 0.790554
950.0 275.0 40.25833 19.1095192188 None 41.94267
900.0 550.0 62.602033 223.054797875 None 63.188983
1100.0 325.0 10.787696 8.651840875 None 11.472031
625.0 125.0 989.256425 209.446725471 None 1011.586915
800.0 0.0 -1.0 1.0 -1.0 179.111616
525.0 125.0 3195.335084 766.104795 None 3236.486084
575.0 300.0 1762.36188 1076.483363 None 1772.20977
750.0 375.0 263.35833 203.49788825 None 266.15625
1325.0 875.0 -1.0 1.0 -1.0 1.765213
1400.0 0.0 -1.0 1.0 -1.0 1.824389
850.0 625.0 98.895402 620.590201917 None 99.428361
1400.0 900.0 -1.0 1.0 -1.0 0.974454
950.0 675.0 40.098227 1082.23791678 None 40.36964
625.0 225.0 991.820877 329.555568 None 1004.958987
1350.0 175.0 1.419592 2.39899503125 None 1.928725
1175.0 350.0 5.807726 7.06227525 None 6.259862
1050.0 100.0 16.724436 7.98888525 None 19.340484
550.0 375.0 2365.504024 2992.00618547 None 2373.569624
1150.0 725.0 7.146643 100.528515281 None 7.247107
1125.0 550.0 8.834607 26.6598732188 None 9.060393
1000.0 275.0 25.609345 14.4515319375 None 27.016971
1525.0 75.0 -1.0 1.0 -1.0 0.7536
650.0 25.0 -1.0 1.0 -1.0 779.831291
875.0 425.0 78.73311 81.3085688125 None 79.901274
575.0 375.0 1764.239066 2309.38409675 None 1770.700906
1275.0 50.0 -1.0 1.0 -1.0 3.876586
1475.0 725.0 -1.0 1.0 -1.0 0.553019
625.0 175.0 990.18314 252.752986125 None 1006.78274
1375.0 450.0 1.163165 5.49889803125 None 1.299424
1175.0 725.0 5.77211 89.0184608125 None 5.860198
1375.0 800.0 -1.0 1.0 -1.0 1.196732
1525.0 550.0 -1.0 1.0 -1.0 0.405847
1175.0 775.0 5.777475 182.609962375 None 5.854461
700.0 425.0 438.035641 717.96240425 None 440.817721
600.0 400.0 1319.316163 2182.60973988 None 1324.413283
700.0 0.0 -1.0 1.0 -1.0 467.301502
500.0 150.0 4351.534387 824.536420625 None 4397.398387
425.0 75.0 12425.262719 1915.02576763 None 12553.842419
975.0 675.0 32.097651 390.3607325 None 32.333595
1200.0 175.0 4.760138 5.667068375 None 5.702188
700.0 500.0 437.591741 2184.50035419 None 439.375301
1500.0 1100.0 -1.0 1.0 -1.0 0.438676
750.0 75.0 264.85493 66.155251968 None 278.78341
1475.0 300.0 0.534951 2.09805733571 None 0.708141
1150.0 525.0 7.103368 19.7863230625 None 7.334857
675.0 425.0 567.08218 944.1315905 None 570.30664
1125.0 50.0 -1.0 1.0 -1.0 11.187489
925.0 400.0 49.764666 42.4533455313 None 50.797788
925.0 625.0 49.610914 380.812315667 None 49.99934
1275.0 250.0 2.588667 5.37851640625 None 3.073123
1275.0 275.0 2.596193 5.409882125 None 3.037851
1000.0 75.0 26.05341 9.61979087166 None 29.867538
900.0 100.0 63.181866 19.4137601875 None 68.641394
1475.0 250.0 0.525114 1.84086483571 None 0.748747
1300.0 1050.0 -1.0 1.0 -1.0 2.147378
875.0 300.0 78.543859 38.8872515625 None 80.653537
925.0 150.0 50.036674 17.9655669063 None 53.734264
625.0 325.0 994.131438 756.091565375 None 1001.695218
1075.0 725.0 13.47725 207.106864687 None 13.606587
525.0 0.0 -1.0 1.0 -1.0 3323.34638
675.0 75.0 571.428813 122.670439674 None 593.252153
1525.0 250.0 -1.0 1.0 -1.0 0.539416
1525.0 400.0 -1.0 1.0 -1.0 0.442508
1200.0 1025.0 -1.0 1.0 -1.0 4.776331
1275.0 475.0 2.591546 7.4983595 None 2.762931
1300.0 850.0 -1.0 1.0 -1.0 2.15256
725.0 475.0 338.318794 708.281171063 None 340.409944
500.0 250.0 4381.652091 2588.77462113 None 4404.717691
1400.0 200.0 0.972019 1.9269441875 None 1.34239
1425.0 275.0 0.794687 2.081692625 None 1.029561
650.0 250.0 750.294563 241.255998 None 759.560963
1400.0 400.0 0.960965 4.2305881875 None 1.111431
675.0 225.0 565.058348 179.797883125 None 574.214548
1050.0 675.0 16.703725 170.610271844 None 16.886217
1175.0 325.0 5.791181 6.74402775 None 6.307799
1525.0 425.0 -1.0 1.0 -1.0 0.434535
550.0 325.0 2378.961966 2349.64109555 None 2389.610466
900.0 225.0 63.174109 28.340829125 None 65.836947
1175.0 600.0 5.794885 26.4265075781 None 5.949052
1275.0 375.0 2.586578 5.71097925 None 2.86181
675.0 100.0 570.9599 113.131517594 None 590.19912
1100.0 750.0 10.751366 205.57358375 None 10.86138
575.0 225.0 1761.898945 511.614368 None 1778.265345
1500.0 850.0 -1.0 1.0 -1.0 0.449521
1150.0 700.0 7.132134 85.816756875 None 7.246306
725.0 550.0 337.485865 940.503854187 None 338.653225
1300.0 650.0 2.119086 61.5609576964 None 2.194012
1400.0 875.0 -1.0 1.0 -1.0 0.979251
1125.0 475.0 8.771922 17.33872075 None 9.091586
1375.0 1025.0 -1.0 1.0 -1.0 1.185032
1250.0 950.0 -1.0 1.0 -1.0 3.202465
625.0 400.0 996.508091 1544.33716613 None 1001.566811
1225.0 950.0 3.89666 258.438071491 None 3.924838
800.0 300.0 160.714229 91.6138600937 None 163.922683
625.0 100.0 995.886022 212.915836059 None 1021.233982
900.0 125.0 62.813773 20.1428803438 None 67.700371
1300.0 675.0 2.113368 98.7322000179 None 2.180303
1300.0 425.0 2.111456 5.90483228125 None 2.310496
1250.0 650.0 3.137158 41.33565325 None 3.228279
1000.0 425.0 25.866707 27.5172342812 None 26.507985
850.0 275.0 99.272104 46.1182346875 None 101.922045
375.0 100.0 26478.285372 16964.4637534 None 26668.277372
600.0 375.0 1323.553834 1671.111523 None 1329.170734
1200.0 400.0 4.766091 7.333089625 None 5.093851
975.0 325.0 32.062706 18.895862375 None 33.253156
1425.0 800.0 -1.0 1.0 -1.0 0.812041
1225.0 300.0 3.875401 5.8747094375 None 4.353691
1425.0 975.0 -1.0 1.0 -1.0 0.790181
900.0 625.0 62.6987 460.73827775 None 63.114401
1275.0 1100.0 -1.0 1.0 -1.0 2.621693
325.0 0.0 -1.0 1.0 -1.0 61891.236372
1375.0 175.0 1.189429 2.052421125 None 1.648878
1325.0 300.0 1.718435 4.51985775 None 2.04043
675.0 125.0 569.422444 123.059624 None 586.869484
1425.0 250.0 0.788559 2.05358590625 None 1.052174
1100.0 125.0 10.966997 6.46817927686 None 12.776887
850.0 475.0 99.659887 156.756021469 None 100.612015
1200.0 225.0 4.745659 5.63994515625 None 5.491282
1375.0 0.0 -1.0 1.0 -1.0 2.136644
425.0 150.0 12385.780664 2308.06871556 None 12455.278664
475.0 50.0 -1.0 1.0 -1.0 6228.912426
375.0 50.0 -1.0 1.0 -1.0 26774.007377
1450.0 325.0 0.652969 2.086538875 None 0.821565
800.0 150.0 162.232468 51.449264375 None 168.977646
975.0 125.0 32.150283 11.9157485 None 35.524379
1000.0 825.0 25.725694 1892.66080889 None 25.835242
1175.0 150.0 5.794685 5.86852025 None 6.97493
775.0 25.0 -1.0 1.0 -1.0 222.194309
1500.0 775.0 -1.0 1.0 -1.0 0.450524
1225.0 75.0 3.859701 5.04121232999 None 5.239983
1225.0 625.0 3.868122 23.435346875 None 3.97819
1200.0 950.0 4.762309 298.253072161 None 4.795524
825.0 250.0 126.308254 53.7176844688 None 129.739234
1025.0 425.0 20.847215 24.12686975 None 21.430643
1075.0 250.0 13.42942 8.089231 None 14.500169
1350.0 75.0 1.427754 2.0370750625 None 2.231927
1100.0 250.0 10.784572 7.562565375 None 11.786169
900.0 650.0 62.884251 661.905524 None 63.270775
1175.0 425.0 5.799684 9.2913201875 None 6.128971
1075.0 100.0 13.47936 7.19417427686 None 15.793841
725.0 275.0 338.167268 157.695979281 None 343.526858
1150.0 900.0 7.150927 768.915703875 None 7.198706
1525.0 775.0 -1.0 1.0 -1.0 0.372207
800.0 175.0 162.406715 56.09959325 None 168.425769
1375.0 775.0 -1.0 1.0 -1.0 1.20228
1450.0 650.0 -1.0 1.0 -1.0 0.678887
850.0 0.0 -1.0 1.0 -1.0 112.330838
950.0 100.0 40.126353 17.3268126229 None 44.415983
500.0 325.0 4406.812047 4132.54519859 None 4422.515247
1450.0 1075.0 -1.0 1.0 -1.0 0.648083
800.0 625.0 161.484427 12776.542629 None 162.096403
975.0 700.0 32.20715 510.268477344 None 32.41764
775.0 100.0 205.6282 56.2793079055 None 215.99143
1150.0 950.0 7.16555 795.693220312 None 7.205575
1050.0 375.0 16.693705 15.5019554063 None 17.355281
1175.0 0.0 -1.0 1.0 -1.0 8.157805
1300.0 950.0 -1.0 1.0 -1.0 2.145683
1375.0 850.0 -1.0 1.0 -1.0 1.187623
1450.0 200.0 0.650141 1.659123875 None 0.956913
1100.0 50.0 -1.0 1.0 -1.0 13.355118
1475.0 475.0 -1.0 1.0 -1.0 0.612981
1000.0 550.0 25.860536 78.398455625 None 26.234364
675.0 175.0 564.787531 162.3025625 None 577.668411
1275.0 1050.0 -1.0 1.0 -1.0 2.6235
1300.0 225.0 2.126208 4.96542809375 None 2.622208
1375.0 150.0 1.180169 1.9891519375 None 1.693636
1500.0 175.0 -1.0 1.0 -1.0 0.720942
1125.0 850.0 8.849388 575.610569781 None 8.912309
1200.0 475.0 4.750018 9.99723315625 None 4.988963
1475.0 400.0 0.529408 4.04763863929 None 0.641981
1500.0 725.0 -1.0 1.0 -1.0 0.456599
1525.0 900.0 -1.0 1.0 -1.0 0.3665
875.0 100.0 78.909561 22.6957623438 None 85.091724
1325.0 600.0 1.721678 11.2059669687 None 1.807288
1050.0 25.0 -1.0 1.0 -1.0 20.516534
1400.0 925.0 -1.0 1.0 -1.0 0.970745
1450.0 700.0 -1.0 1.0 -1.0 0.673526
800.0 575.0 161.645609 514.185733563 None 162.467169
1000.0 625.0 25.878406 183.708725 None 26.15485
1175.0 750.0 5.773655 135.814211594 None 5.857136
1100.0 150.0 10.938261 6.38914975 None 12.563761
1300.0 875.0 -1.0 1.0 -1.0 2.158947
1325.0 525.0 1.740955 7.385467 None 1.853215
1050.0 125.0 16.801255 8.178345875 None 19.109987
450.0 100.0 8665.068216 1357.38270787 None 8752.886916
1300.0 375.0 2.115508 5.51831815625 None 2.366453
875.0 225.0 78.849074 38.39189975 None 81.94729
1375.0 950.0 -1.0 1.0 -1.0 1.182069
1125.0 450.0 8.758034 15.0605863437 None 9.11021
875.0 700.0 78.921934 1206.95292568 None 79.268768
1000.0 775.0 25.594772 1257.29563856 None 25.73842
1175.0 1000.0 5.797327 434.320765781 None 5.826537
725.0 375.0 337.288177 272.430817 None 340.444827
1275.0 25.0 -1.0 1.0 -1.0 3.968811
1450.0 925.0 -1.0 1.0 -1.0 0.654372
700.0 50.0 -1.0 1.0 -1.0 464.120857
825.0 75.0 126.831914 36.1587980948 None 136.305206
625.0 25.0 -1.0 1.0 -1.0 1032.771915
1500.0 375.0 -1.0 1.0 -1.0 0.545517
650.0 275.0 750.109547 307.572580187 None 758.061547
1525.0 950.0 -1.0 1.0 -1.0 0.36644
1275.0 900.0 -1.0 1.0 -1.0 2.63627
1125.0 900.0 8.843446 956.964385781 None 8.894724
1050.0 200.0 16.635579 7.72964975 None 18.240851
550.0 225.0 2369.786506 602.643768 None 2387.810106
1425.0 1075.0 -1.0 1.0 -1.0 0.791288
1050.0 825.0 16.589046 1047.97212436 None 16.682288
1375.0 650.0 1.156741 80.3495042143 None 1.213201
775.0 50.0 -1.0 1.0 -1.0 220.259394
1100.0 900.0 10.778836 1174.74022156 None 10.835751
925.0 375.0 49.664053 33.5123231875 None 50.839909
450.0 25.0 -1.0 1.0 -1.0 8880.147423
950.0 625.0 40.012486 304.765835 None 40.359819
1275.0 200.0 2.584668 5.42855434375 None 3.21161
1025.0 550.0 20.68591 57.1909616563 None 21.037692
1425.0 775.0 -1.0 1.0 -1.0 0.81409
800.0 525.0 161.409348 455.774045125 None 162.454124
1350.0 575.0 1.417064 8.40767096875 None 1.500314
1075.0 300.0 13.36578 9.0198235 None 14.228357
1125.0 300.0 8.853345 7.227769 None 9.551695
1025.0 500.0 20.699346 41.579361375 None 21.129601
1375.0 350.0 1.158752 3.390553375 None 1.369493
1275.0 550.0 2.560653 9.70292825 None 2.688525
900.0 175.0 63.008953 21.9766892187 None 66.682265
825.0 0.0 -1.0 1.0 -1.0 141.452787
1500.0 800.0 -1.0 1.0 -1.0 0.450366
950.0 0.0 -1.0 1.0 -1.0 47.564413
1150.0 550.0 7.115541 23.0040865 None 7.326241
525.0 225.0 3221.081212 1187.54860706 None 3241.712212
1375.0 725.0 1.168516 99.7075321607 None 1.207859
1200.0 675.0 4.753292 41.8705875781 None 4.849977
750.0 100.0 265.980532 67.9303860534 None 277.905522
800.0 200.0 162.153994 62.117611375 None 167.543455
1250.0 750.0 3.181275 197.720229304 None 3.239706
1275.0 750.0 2.604889 203.983078143 None 2.659313
1450.0 1000.0 -1.0 1.0 -1.0 0.65051
1100.0 200.0 10.917443 6.6717963125 None 12.154355
1250.0 475.0 3.155833 8.270242125 None 3.344889
700.0 450.0 438.049059 836.8484895 None 440.525049
1375.0 1100.0 -1.0 1.0 -1.0 1.183064
975.0 275.0 31.98469 16.71997375 None 33.517525
1150.0 625.0 7.138195 38.7547348438 None 7.290982
1325.0 25.0 -1.0 1.0 -1.0 2.83285
1475.0 450.0 -1.0 1.0 -1.0 0.620319
1325.0 375.0 1.7329 5.334178125 None 1.960906
1425.0 400.0 0.792748 3.26856825 None 0.925899
800.0 500.0 161.981234 356.918816688 None 163.066169
1250.0 725.0 3.177803 160.548986982 None 3.240547
750.0 200.0 265.065479 86.981588625 None 271.899779
1400.0 350.0 0.944785 2.795447875 None 1.13095
625.0 0.0 -1.0 1.0 -1.0 1039.592687
1250.0 850.0 3.168817 254.249499571 None 3.208961
850.0 650.0 98.739948 821.757448167 None 99.25018
1225.0 400.0 3.873189 6.937488375 None 4.170324
1175.0 900.0 5.790833 462.515406062 None 5.833587
1225.0 550.0 3.86669 13.6298223125 None 4.020305
775.0 150.0 205.109392 60.8450718125 None 212.973573
825.0 625.0 125.823596 700.516164 None 126.415306
1025.0 400.0 20.712349 20.8792286562 None 21.388255
1125.0 325.0 8.836165 7.4701165 None 9.445333
1425.0 925.0 -1.0 1.0 -1.0 0.796062
475.0 0.0 -1.0 1.0 -1.0 6306.412159
1150.0 125.0 7.159782 6.069101375 None 8.642077
1000.0 675.0 25.763509 269.579597781 None 25.987431
1025.0 525.0 20.751289 48.0475795 None 21.130177
700.0 225.0 437.369394 164.144204687 None 445.253874
950.0 50.0 -1.0 1.0 -1.0 45.971717
1150.0 150.0 7.165645 6.030590125 None 8.474633
1025.0 700.0 20.59297 250.882089969 None 20.779983
1000.0 750.0 25.691068 618.452127375 None 25.854924
900.0 0.0 -1.0 1.0 -1.0 72.651415
1075.0 700.0 13.461704 167.602943281 None 13.61735
875.0 475.0 78.86254 118.368875375 None 79.754956
750.0 450.0 264.000909 469.64698675 None 265.811399
1300.0 900.0 -1.0 1.0 -1.0 2.1568
475.0 125.0 6095.469283 975.737109125 None 6156.920483
825.0 125.0 126.057096 42.376115 None 133.20728
750.0 250.0 264.969907 123.965597094 None 269.946957
900.0 500.0 62.738907 124.365995063 None 63.487451
800.0 550.0 161.49069 455.268187 None 162.41993
900.0 300.0 62.724176 32.0897305 None 64.539006
775.0 75.0 206.314408 54.5041738202 None 218.272168
525.0 325.0 3214.729198 3272.52505 None 3228.449098
600.0 50.0 -1.0 1.0 -1.0 1374.250275
775.0 300.0 204.632322 115.592517797 None 208.348874
1225.0 500.0 3.870683 9.78330025 None 4.059774
1525.0 175.0 -1.0 1.0 -1.0 0.618609
1475.0 1025.0 -1.0 1.0 -1.0 0.537867
875.0 400.0 78.576177 73.6817205312 None 79.861935
1350.0 650.0 1.409776 74.086655375 None 1.472068
1250.0 625.0 3.143428 18.5518344531 None 3.244177
1125.0 725.0 8.794418 123.9552375 None 8.913155
675.0 0.0 -1.0 1.0 -1.0 604.123723
1425.0 350.0 0.780227 2.4617781875 None 0.952154
1225.0 150.0 3.867481 5.56313615625 None 4.835793
725.0 325.0 337.058829 167.92439175 None 341.219069
550.0 100.0 2385.399531 952.93589 None 2428.978431
675.0 500.0 564.968423 2992.50696559 None 567.066023
575.0 75.0 1773.44684 728.035632426 None 1816.76252
1125.0 275.0 8.814471 7.069086 None 9.630249
1100.0 400.0 10.724489 12.8673205625 None 11.226363
700.0 150.0 439.161785 110.48487275 None 451.232725
1475.0 150.0 0.531799 1.52605323304 None 0.879962
1450.0 300.0 0.650753 1.957942625 None 0.840815
1075.0 800.0 13.422288 546.01221675 None 13.515931
475.0 275.0 6068.480072 3990.00063519 None 6090.332072
850.0 50.0 -1.0 1.0 -1.0 108.83341
1025.0 25.0 -1.0 1.0 -1.0 25.244135
1200.0 250.0 4.779329 5.762645375 None 5.432993
1375.0 825.0 -1.0 1.0 -1.0 1.190726
1350.0 1100.0 -1.0 1.0 -1.0 1.439826
1300.0 200.0 2.118431 4.6169729375 None 2.678298
1475.0 0.0 -1.0 1.0 -1.0 1.159679
1175.0 575.0 5.788403 22.57886525 None 5.960109
1400.0 950.0 -1.0 1.0 -1.0 0.973041
1300.0 25.0 -1.0 1.0 -1.0 3.367428
1425.0 325.0 0.78764 2.26065975 None 0.979875
1425.0 175.0 0.787921 1.7304148125 None 1.167559
1200.0 850.0 4.764759 333.879500911 None 4.816031
1050.0 75.0 16.708963 7.92016927686 None 19.667319
1450.0 0.0 -1.0 1.0 -1.0 1.346265
950.0 75.0 40.064205 16.3464982895 None 44.939871
1400.0 1050.0 -1.0 1.0 -1.0 0.972148
700.0 475.0 439.679052 1626.45729434 None 441.715212
1475.0 675.0 -1.0 1.0 -1.0 0.558005
675.0 400.0 565.677853 771.497073187 None 569.348843
1000.0 400.0 25.771558 24.2730869375 None 26.502154
575.0 150.0 1761.921254 657.379983281 None 1787.377124
1375.0 925.0 -1.0 1.0 -1.0 1.181835
1425.0 375.0 0.780614 2.662896625 None 0.933005
525.0 100.0 3198.216923 921.034908125 None 3248.966523
575.0 100.0 1766.155657 791.273586094 None 1802.612847
1100.0 825.0 10.778097 565.032781344 None 10.85431
1300.0 575.0 2.10396 9.658041375 None 2.205464
1450.0 1025.0 -1.0 1.0 -1.0 0.649548
975.0 525.0 32.090593 80.67568325 None 32.579467
1225.0 750.0 3.886679 191.457380464 None 3.952666
1500.0 550.0 -1.0 1.0 -1.0 0.4838
1400.0 675.0 0.95433 77.7057458661 None 1.001133
1225.0 675.0 3.893288 52.9950298125 None 3.977754
400.0 75.0 18099.75546 2522.20799291 None 18269.89546
475.0 300.0 6074.148274 4639.9508993 None 6094.185874
375.0 150.0 26460.457695 7348.28315281 None 26589.727695
1175.0 550.0 5.768369 19.4428430625 None 5.957922
1450.0 450.0 0.652947 3.8936955 None 0.74835
1525.0 875.0 -1.0 1.0 -1.0 0.367772
1325.0 400.0 1.718768 5.48239409375 None 1.923941
800.0 250.0 161.636252 70.063178 None 165.7619
1450.0 350.0 0.647638 2.215135125 None 0.800576
1275.0 625.0 2.588768 18.1268665357 None 2.681185
1300.0 125.0 2.140399 3.24624603125 None 2.926167
675.0 50.0 -1.0 1.0 -1.0 595.555289
525.0 275.0 3219.06594 2315.84093078 None 3235.67694
500.0 200.0 4389.118019 1249.91083706 None 4421.515219
1450.0 600.0 0.635844 24.7955660893 None 0.687655
1425.0 0.0 -1.0 1.0 -1.0 1.557654
1400.0 150.0 0.976422 1.829774125 None 1.445441
750.0 525.0 263.559936 667.020281063 None 264.967676
1100.0 550.0 10.867441 31.985402625 None 11.119555
975.0 350.0 32.255539 21.484466125 None 33.295942
1500.0 150.0 -1.0 1.0 -1.0 0.75366
700.0 125.0 440.237872 101.906169938 None 454.220392
1175.0 525.0 5.771087 16.65176075 None 5.977575
1400.0 725.0 -1.0 1.0 -1.0 0.992061
475.0 25.0 -1.0 1.0 -1.0 6255.93376
1025.0 50.0 -1.0 1.0 -1.0 24.601049
1375.0 475.0 1.167501 5.604831 None 1.288107
1000.0 725.0 25.638567 491.570969531 None 25.814118
900.0 475.0 62.626759 100.384189281 None 63.473158
900.0 700.0 62.957453 1440.96169906 None 63.272741
1250.0 1050.0 -1.0 1.0 -1.0 3.190797
1525.0 750.0 -1.0 1.0 -1.0 0.375153
825.0 550.0 126.570254 379.356771375 None 127.357316
1225.0 25.0 -1.0 1.0 -1.0 5.594946
875.0 675.0 78.57991 942.998732333 None 78.98406
1375.0 250.0 1.177347 2.5259104375 None 1.500925
1375.0 425.0 1.159701 5.3929650625 None 1.311902
1025.0 225.0 20.732256 9.109376 None 22.273973
650.0 75.0 749.608362 165.327506757 None 775.192242
1025.0 275.0 20.510005 11.766771625 None 21.775146
1500.0 875.0 -1.0 1.0 -1.0 0.449697
1400.0 450.0 0.95592 5.489939125 None 1.078962
1125.0 600.0 8.842383 38.3200902813 None 9.027084
1225.0 650.0 3.872681 30.2112110156 None 3.96901
1275.0 675.0 2.595358 92.4693511786 None 2.667326
850.0 325.0 99.276017 60.184498875 None 101.404265
875.0 450.0 78.866756 94.3870695938 None 79.917356
1375.0 525.0 1.161904 6.3654808125 None 1.257215
400.0 0.0 -1.0 1.0 -1.0 18333.305783
925.0 525.0 49.655101 123.61299625 None 50.224759
800.0 275.0 160.960317 81.8621356094 None 164.591262
1250.0 550.0 3.134939 11.334872875 None 3.2729
1425.0 575.0 0.776656 6.7447039375 None 0.840531
850.0 250.0 99.60611 46.361574375 None 102.70151
1500.0 0.0 -1.0 1.0 -1.0 1.004999
975.0 625.0 32.126544 244.23728 None 32.440494
1200.0 350.0 4.749896 6.517070875 None 5.153887
1325.0 475.0 1.733703 6.3693479375 None 1.875615
1225.0 925.0 3.898765 267.344678679 None 3.931141
300.0 25.0 -1.0 1.0 -1.0 97976.048256
350.0 150.0 39862.5948 11723.4799062 None 40011.2748
1325.0 850.0 -1.0 1.0 -1.0 1.762049
1300.0 1000.0 -1.0 1.0 -1.0 2.148432
825.0 475.0 126.572793 206.585356312 None 127.678751
500.0 125.0 4358.90751 845.059305312 None 4413.14871
1325.0 650.0 1.722782 67.8238065357 None 1.790688
925.0 350.0 49.653354 28.018942375 None 50.963754
600.0 225.0 1325.19851 420.584968 None 1339.64687
1100.0 875.0 10.777423 946.386597344 None 10.837909
825.0 25.0 -1.0 1.0 -1.0 140.100711
1175.0 375.0 5.823013 7.31980275 None 6.232162
825.0 50.0 -1.0 1.0 -1.0 137.341796
1450.0 750.0 -1.0 1.0 -1.0 0.669513
700.0 300.0 439.348396 176.404335188 None 444.734636
900.0 725.0 62.947483 1956.06368078 None 63.227025
875.0 575.0 78.564656 302.879868 None 79.125376
475.0 75.0 6146.256724 1615.80165419 None 6234.490724
1250.0 600.0 3.136518 15.13087325 None 3.248882
1275.0 1000.0 -1.0 1.0 -1.0 2.643468
1075.0 825.0 13.43729 728.984736812 None 13.515845
1000.0 100.0 25.770023 9.8197965 None 29.151253
1250.0 125.0 3.148161 5.4855442425 None 4.136119
1125.0 250.0 8.904091 6.83093115625 None 9.790301
1075.0 375.0 13.427328 13.012114 None 14.042925
550.0 25.0 -1.0 1.0 -1.0 2463.000206
1125.0 950.0 8.853315 1213.57034516 None 8.891676
900.0 50.0 -1.0 1.0 -1.0 70.620466
975.0 650.0 32.083544 288.277105594 None 32.355344
1075.0 600.0 13.435915 55.9001472813 None 13.656027
1075.0 175.0 13.451727 6.7553385 None 15.029422
500.0 275.0 4389.262925 3238.72488523 None 4412.588925
1350.0 625.0 1.410186 36.9154130536 None 1.47993
775.0 350.0 204.643805 137.044902047 None 207.345245
1525.0 0.0 -1.0 1.0 -1.0 0.868866
1275.0 500.0 2.592118 8.2266654375 None 2.746291
1425.0 25.0 -1.0 1.0 -1.0 1.499664
1300.0 1025.0 -1.0 1.0 -1.0 2.144062
1525.0 1075.0 -1.0 1.0 -1.0 0.360761
1075.0 650.0 13.455629 104.063159063 None 13.643741
1275.0 425.0 2.574123 6.4626936875 None 2.793986
625.0 250.0 992.987115 332.285398 None 1004.582965
1025.0 100.0 20.79684 8.904340875 None 23.74199
1100.0 275.0 10.776655 7.595751625 None 11.646451
725.0 400.0 339.419063 319.2175145 None 342.213253
1500.0 450.0 -1.0 1.0 -1.0 0.51719
1075.0 275.0 13.388471 8.12241725 None 14.342838
1425.0 700.0 -1.0 1.0 -1.0 0.820208
1175.0 875.0 5.790945 471.42201325 None 5.838655
1225.0 225.0 3.862948 5.54130375 None 4.536991
1350.0 300.0 1.396288 3.806331625 None 1.685372
1325.0 200.0 1.741836 3.37683290625 None 2.239873
1425.0 725.0 -1.0 1.0 -1.0 0.815336
1475.0 525.0 -1.0 1.0 -1.0 0.592802
1100.0 850.0 10.784411 739.56252525 None 10.848074
300.0 125.0 97219.794672 108441.651385 None 97441.680672
1000.0 450.0 25.801133 33.253391375 None 26.389508
650.0 225.0 750.789243 202.854707063 None 761.126773
1525.0 225.0 -1.0 1.0 -1.0 0.558066
1100.0 175.0 10.917587 6.53047303125 None 12.35444
1100.0 500.0 10.840487 23.8801330625 None 11.149493
750.0 350.0 263.501453 157.717574438 None 266.635353
525.0 175.0 3207.168637 730.946959687 None 3236.565137
925.0 725.0 49.866418 2190.07245417 None 50.106322
1450.0 875.0 -1.0 1.0 -1.0 0.663644
900.0 525.0 62.659924 172.470362562 None 63.292171
950.0 200.0 40.236847 16.962434875 None 42.780187
1275.0 300.0 2.596176 5.3744715 None 2.98684
825.0 450.0 126.439983 156.479996156 None 127.653687
1000.0 375.0 25.731318 21.060552375 None 26.578542
375.0 175.0 26420.70186 10430.13319 None 26510.66186
1050.0 400.0 16.611927 18.473929 None 17.216841
975.0 450.0 32.136836 42.2160779375 None 32.806514
1150.0 450.0 7.104743 12.5171711875 None 7.425691
1375.0 300.0 1.158038 2.8171109375 None 1.419534
1000.0 175.0 25.875419 10.51256225 None 28.123097
850.0 575.0 99.138505 331.383917375 None 99.796261
1400.0 225.0 0.969207 2.13770059375 None 1.296469
1050.0 50.0 -1.0 1.0 -1.0 20.12091
1125.0 650.0 8.866808 128.604612 None 9.013815
925.0 750.0 49.85701 2705.17443589 None 50.07091
825.0 150.0 126.666583 44.97491 None 132.501761
1425.0 950.0 -1.0 1.0 -1.0 0.790144
1200.0 750.0 4.772879 158.245907937 None 4.847026
1075.0 400.0 13.421923 15.3592319688 None 13.956713
975.0 800.0 32.285158 2809.82131811 None 32.423266
750.0 225.0 264.472598 107.983485344 None 270.372098
1375.0 675.0 1.160171 117.520746536 None 1.210603
1325.0 0.0 -1.0 1.0 -1.0 2.953899
725.0 300.0 339.057429 163.644742531 None 343.614959
500.0 0.0 -1.0 1.0 -1.0 4530.698682
1450.0 375.0 0.637819 2.343731375 None 0.776647
300.0 0.0 -1.0 1.0 -1.0 97679.801088
875.0 25.0 -1.0 1.0 -1.0 89.20848
1350.0 600.0 1.422869 10.651644625 None 1.498214
1250.0 400.0 3.128057 6.49861775 None 3.395621
1300.0 325.0 2.111552 4.97186025 None 2.424956
1075.0 900.0 13.429454 1159.14547923 None 13.491189
1400.0 50.0 -1.0 1.0 -1.0 1.687161
1275.0 1025.0 -1.0 1.0 -1.0 2.637857
850.0 225.0 99.735644 46.9733807188 None 103.214988
825.0 575.0 126.678906 378.85091325 None 127.398726
1025.0 200.0 20.772253 8.96719225 None 22.507517
1250.0 925.0 -1.0 1.0 -1.0 3.209832
725.0 250.0 338.400845 149.243544984 None 344.454935
1350.0 775.0 -1.0 1.0 -1.0 1.45919
725.0 25.0 -1.0 1.0 -1.0 361.668523
675.0 375.0 566.84086 619.788181 None 570.97642
1075.0 875.0 13.422099 1060.44217619 None 13.488819
1475.0 600.0 -1.0 1.0 -1.0 0.569447
1025.0 600.0 20.759583 97.2826065625 None 21.040059
1325.0 100.0 1.76435 2.35766315625 None 2.555155
1125.0 175.0 8.871082 6.24008625 None 10.161393
1175.0 400.0 5.833464 8.33967628125 None 6.192519
1275.0 975.0 -1.0 1.0 -1.0 2.640988
425.0 250.0 12348.501429 9360.54607316 None 12379.806429
1400.0 1100.0 -1.0 1.0 -1.0 0.971718
1325.0 125.0 1.78961 2.42746175 None 2.495178
950.0 400.0 40.032969 33.352131 None 40.941721
1425.0 625.0 0.777482 55.7039595714 None 0.829469
1300.0 550.0 2.109948 8.912396375 None 2.223844
1200.0 900.0 4.772611 316.066286536 None 4.810861
1100.0 650.0 10.816407 15.530909 None 10.979142
1225.0 725.0 3.887822 146.586531375 None 3.958374
1350.0 900.0 -1.0 1.0 -1.0 1.442753
1275.0 650.0 2.592615 55.2981088571 None 2.673603
1150.0 875.0 7.145322 604.632962156 None 7.198306
1450.0 825.0 -1.0 1.0 -1.0 0.667924
600.0 150.0 1316.647883 425.33103 None 1339.491863
1200.0 25.0 -1.0 1.0 -1.0 6.675841
1000.0 350.0 25.820408 18.471948625 None 26.760818
625.0 50.0 -1.0 1.0 -1.0 1031.371479
1200.0 375.0 4.750521 6.865239 None 5.121273
725.0 0.0 -1.0 1.0 -1.0 360.259185
1250.0 300.0 3.166421 5.62913725 None 3.593471
1325.0 1000.0 -1.0 1.0 -1.0 1.754409
1175.0 850.0 5.80051 328.726805969 None 5.854473
525.0 250.0 3223.866605 1837.49887117 None 3241.143105
875.0 500.0 78.429817 162.753141156 None 79.228615
775.0 500.0 204.582521 468.316334656 None 205.941242
1350.0 400.0 1.415666 5.295991 None 1.602023
1250.0 675.0 3.156972 86.2065023393 None 3.236597
1350.0 25.0 -1.0 1.0 -1.0 2.411264
550.0 150.0 2368.284072 643.07566375 None 2399.024072
1150.0 800.0 7.156014 241.309943625 None 7.228792
525.0 350.0 3214.538775 3562.27569203 None 3226.351275
1225.0 375.0 3.838268 6.46963775 None 4.168727
1025.0 825.0 20.62627 1470.31646662 None 20.727585
700.0 400.0 438.320559 513.93944925 None 441.473319
1050.0 325.0 16.572773 11.7394069375 None 17.463648
1050.0 850.0 16.611303 790.563745406 None 16.691471
750.0 475.0 263.420569 535.322528406 None 265.190649
500.0 175.0 4360.648827 795.181634844 None 4399.034427
525.0 150.0 3193.015053 751.469844375 None 3227.294253
350.0 125.0 39751.4628 21030.4268656 None 39918.9428
850.0 100.0 99.743156 31.235724375 None 106.869249
1425.0 125.0 0.779809 1.64493401865 None 1.251281
1300.0 400.0 2.111563 5.6750551875 None 2.332963
1300.0 975.0 -1.0 1.0 -1.0 2.150352
650.0 200.0 750.39027 194.065998125 None 762.31239
925.0 75.0 50.017721 23.591797464 None 55.573361
1050.0 250.0 16.69051 8.615896625 None 17.905388
1200.0 125.0 4.744769 5.6747638125 None 5.968734
550.0 300.0 2364.987274 1871.29903594 None 2377.299274
1350.0 425.0 1.41687 5.46055053125 None 1.58129
875.0 650.0 78.692703 741.831486083 None 79.118271
975.0 0.0 -1.0 1.0 -1.0 38.446522
850.0 25.0 -1.0 1.0 -1.0 111.410137
1475.0 550.0 -1.0 1.0 -1.0 0.583928
1375.0 25.0 -1.0 1.0 -1.0 2.052831
625.0 300.0 991.614388 542.635703937 None 1000.448508
1050.0 275.0 16.601879 9.513302875 None 17.71189
550.0 0.0 -1.0 1.0 -1.0 2476.859325
875.0 525.0 78.539573 207.137406938 None 79.251097
900.0 25.0 -1.0 1.0 -1.0 71.887486
450.0 50.0 -1.0 1.0 -1.0 8837.29845
1125.0 425.0 8.773308 12.722527125 None 9.174423
1450.0 100.0 0.642628 1.51252339365 None 1.119695
1475.0 325.0 0.534967 2.30423176429 None 0.688953
925.0 50.0 -1.0 1.0 -1.0 56.470874
775.0 175.0 205.132667 65.99317075 None 212.016487
1275.0 950.0 -1.0 1.0 -1.0 2.637221
600.0 0.0 -1.0 1.0 -1.0 1373.59728
1150.0 475.0 7.124739 14.8148554062 None 7.412821
1200.0 575.0 4.738403 18.91544525 None 4.891819
550.0 200.0 2365.95618 613.8057625 None 2387.80618
1325.0 350.0 1.741995 4.893330875 None 1.993676
1525.0 850.0 -1.0 1.0 -1.0 0.365561
1225.0 175.0 3.855708 5.5081181875 None 4.710513
1275.0 450.0 2.589131 6.98463103125 None 2.782414
1200.0 100.0 4.69023 5.6912856875 None 6.073185
975.0 250.0 32.145383 16.0705681562 None 33.901513
600.0 25.0 -1.0 1.0 -1.0 1373.56248
1300.0 1075.0 -1.0 1.0 -1.0 2.144728
1075.0 200.0 13.31608 6.99801553125 None 14.738826
300.0 75.0 96622.4952 121594.623049 None 97017.5952
1500.0 975.0 -1.0 1.0 -1.0 0.443768
650.0 150.0 746.192377 176.5706775 None 763.256707
675.0 450.0 568.115535 1755.02461278 None 570.864255
1050.0 625.0 16.726439 100.672882813 None 16.94967
1000.0 700.0 25.678852 371.663224687 None 25.877756
1125.0 125.0 8.850924 6.2233345 None 10.506234
975.0 725.0 32.287345 788.253916937 None 32.484545
350.0 100.0 39720.7125 39565.4528735 None 39954.4625
875.0 175.0 78.683469 31.33309275 None 82.723014
1400.0 375.0 0.959905 3.4011195 None 1.127443
1050.0 775.0 16.631193 507.291841125 None 16.751253
1050.0 550.0 16.727331 47.0784298125 None 17.038199
900.0 375.0 62.216389 46.8849315312 None 63.557898
1100.0 475.0 10.755519 20.5678263437 None 11.106855
1225.0 600.0 3.845708 18.367612125 None 3.969329
1025.0 250.0 20.612488 10.4380738125 None 22.013472
1525.0 625.0 -1.0 1.0 -1.0 0.385033
1100.0 775.0 10.752287 245.346810781 None 10.845929
1250.0 0.0 -1.0 1.0 -1.0 4.841801
1425.0 450.0 0.792901 5.01931575 None 0.901199
1200.0 700.0 4.762952 64.654406375 None 4.847919
1325.0 225.0 1.738188 3.754866375 None 2.18356
1375.0 750.0 -1.0 1.0 -1.0 1.205076
1500.0 925.0 -1.0 1.0 -1.0 0.446546
1325.0 975.0 -1.0 1.0 -1.0 1.750387
875.0 375.0 78.502138 63.10513575 None 79.969786
1350.0 675.0 1.408037 111.257897696 None 1.46396
1100.0 525.0 10.890256 20.512449 None 11.164153
1075.0 775.0 13.417788 357.41117925 None 13.523257
475.0 150.0 6121.590058 888.771095781 None 6170.071658
500.0 225.0 4397.125513 1895.92230589 None 4423.588213
1200.0 75.0 4.733794 5.6318073675 None 6.276982
1525.0 825.0 -1.0 1.0 -1.0 0.36814
1100.0 725.0 10.794885 165.733030313 None 10.929315
400.0 225.0 17941.089773 12950.4138841 None 17986.140373
1175.0 700.0 5.798847 67.120397 None 5.895461
325.0 50.0 -1.0 1.0 -1.0 61825.575464
1450.0 125.0 0.64531 1.53859090625 None 1.071052
750.0 425.0 264.751914 297.07128325 None 266.726474
1025.0 850.0 20.640737 975.500299672 None 20.7291
1050.0 575.0 16.732123 56.5455544687 None 17.003037
1175.0 800.0 5.77586 229.405713156 None 5.848478
1100.0 425.0 10.730973 15.2154735312 None 11.169226
1125.0 225.0 8.889861 6.588254125 None 9.886719
700.0 350.0 437.492729 283.644018 None 441.421229
900.0 450.0 62.323074 76.4023835 None 63.279059
1275.0 575.0 2.569558 11.289986 None 2.685118
1150.0 75.0 7.099974 6.07917814627 None 9.025798
1500.0 250.0 -1.0 1.0 -1.0 0.633642
1400.0 325.0 0.950671 2.6025321875 None 1.162463
850.0 450.0 99.852238 112.371755687 None 100.951126
600.0 425.0 1318.362408 3702.672296 None 1322.705208
1225.0 450.0 3.883397 8.19799275 None 4.116638
600.0 250.0 1321.265446 451.57557675 None 1334.251686
1075.0 75.0 13.38307 7.20595473828 None 16.054628
1400.0 25.0 -1.0 1.0 -1.0 1.743967
1275.0 875.0 2.616254 205.527891714 None 2.649451
925.0 450.0 49.830989 63.8693499062 None 50.625941
400.0 25.0 -1.0 1.0 -1.0 18345.774129
1100.0 575.0 10.841331 38.9654974687 None 11.067995
600.0 325.0 1318.275674 1058.83573987 None 1326.959004
775.0 375.0 204.638638 140.603261625 None 207.022378
1250.0 775.0 3.180093 234.891471625 None 3.23297
1525.0 1050.0 -1.0 1.0 -1.0 0.362229
1450.0 950.0 -1.0 1.0 -1.0 0.650765
650.0 400.0 748.19057 1049.98032225 None 752.43041
1500.0 400.0 -1.0 1.0 -1.0 0.533341
1525.0 100.0 -1.0 1.0 -1.0 0.712948
1275.0 75.0 2.639635 3.46176464194 None 3.737138
1300.0 100.0 2.16562 2.72485910699 None 3.046087
375.0 125.0 26366.037107 5235.31416663 None 26514.446107
1200.0 725.0 4.778898 111.450157156 None 4.858728
1425.0 75.0 0.78657 1.60066644528 None 1.37098
1500.0 325.0 -1.0 1.0 -1.0 0.577203
1525.0 375.0 -1.0 1.0 -1.0 0.461739
575.0 0.0 -1.0 1.0 -1.0 1830.044057
950.0 300.0 39.986458 19.692635625 None 41.504695
1475.0 1100.0 -1.0 1.0 -1.0 0.533527
1475.0 175.0 0.526024 1.56623088929 None 0.837948
1400.0 75.0 0.986139 1.71844860819 None 1.629336
825.0 600.0 125.837285 5897.59414406 None 126.513043
1450.0 900.0 -1.0 1.0 -1.0 0.660904
875.0 325.0 78.847119 42.80189575 None 80.706177
550.0 350.0 2368.645629 2702.25554344 None 2378.213229
1375.0 75.0 1.172362 1.8777546592 None 1.890327
1075.0 325.0 13.361839 9.91722975 None 14.150015
1400.0 700.0 -1.0 1.0 -1.0 0.996015
975.0 200.0 32.166676 14.1091769375 None 34.443967
675.0 475.0 566.265601 3041.44507137 None 568.766001
1375.0 550.0 1.164447 6.95080096875 None 1.250747
1400.0 575.0 0.951246 7.29902628125 None 1.022034
1100.0 625.0 10.846205 55.6583084375 None 11.026899
650.0 450.0 747.237911 3170.01238981 None 750.518511
1500.0 1050.0 -1.0 1.0 -1.0 0.439003
1150.0 975.0 7.165016 823.945555469 None 7.199252
950.0 425.0 40.222036 42.2931533437 None 41.021581
1350.0 350.0 1.425938 4.141942125 None 1.653969
1225.0 250.0 3.847275 5.57397353125 None 4.453298
1125.0 675.0 8.838058 90.32445175 None 8.975474
575.0 200.0 1759.796234 508.884538 None 1778.655134
725.0 525.0 338.121372 841.9707045 None 339.601692
900.0 600.0 62.672314 321.27732675 None 63.129274
675.0 325.0 566.724892 327.927010687 None 571.913842
950.0 750.0 40.32149 2627.54386194 None 40.50937
900.0 75.0 63.68996 25.5549973122 None 69.842678
1525.0 800.0 -1.0 1.0 -1.0 0.368504
1500.0 300.0 -1.0 1.0 -1.0 0.590144
1175.0 500.0 5.754965 14.500700125 None 5.990768
1175.0 50.0 -1.0 1.0 -1.0 7.743804
425.0 125.0 12362.995672 1876.34658525 None 12448.988472
1100.0 450.0 10.74232 17.5636265 None 11.128989
1175.0 125.0 5.779869 5.885357875 None 7.112917
875.0 550.0 78.592795 255.241774437 None 79.241395
1275.0 100.0 2.606387 4.02071187447 None 3.600254
1425.0 1025.0 -1.0 1.0 -1.0 0.79059
1000.0 475.0 25.855887 42.3329416875 None 26.381636
1175.0 950.0 5.810456 444.702191688 None 5.846523
750.0 175.0 264.749052 76.7566674375 None 272.724892
1300.0 725.0 2.103747 173.074684661 None 2.158829
1050.0 800.0 16.589664 695.892878625 None 16.692654
1375.0 50.0 -1.0 1.0 -1.0 1.981834
1375.0 625.0 1.157903 43.1782618929 None 1.219948
1325.0 325.0 1.732337 4.2204715 None 2.016549
975.0 575.0 32.323167 118.731939375 None 32.695497
1100.0 100.0 10.885313 6.47995973828 None 12.995207
1000.0 150.0 25.783232 9.92036725 None 28.369004
500.0 50.0 -1.0 1.0 -1.0 4486.988932
600.0 75.0 1325.38531 333.255735302 None 1360.94638
475.0 250.0 6058.862014 3297.14831995 None 6086.489614
1425.0 150.0 0.783878 1.67420746875 None 1.210029
1225.0 100.0 3.842337 5.558675805 None 5.074243
950.0 25.0 -1.0 1.0 -1.0 46.807506
725.0 225.0 337.948281 137.444587375 None 344.806781
1050.0 150.0 16.785437 7.85069725 None 18.792617
1500.0 575.0 -1.0 1.0 -1.0 0.47671
1050.0 700.0 16.65903 208.37084 None 16.826742
750.0 25.0 -1.0 1.0 -1.0 282.030645
1425.0 225.0 0.792826 1.8428295 None 1.095649
1200.0 275.0 4.752015 6.02156490625 None 5.344192
825.0 225.0 127.121618 54.57513525 None 131.128946
800.0 375.0 161.521996 121.966164281 None 163.487559
350.0 75.0 39605.67576 59553.800458 None 39890.29176
325.0 75.0 60757.84449 82154.7895781 None 61069.63449
1275.0 850.0 2.606667 214.434498902 None 2.64443
850.0 150.0 99.390706 37.2660918125 None 104.739322
875.0 150.0 79.250649 27.9096882813 None 84.015899
1475.0 925.0 -1.0 1.0 -1.0 0.543161
975.0 175.0 32.072925 13.1001385 None 34.639133
950.0 450.0 40.159766 51.2341756875 None 40.875398
1225.0 850.0 3.897558 294.064500241 None 3.943395
1250.0 250.0 3.150165 5.4766361875 None 3.687365
1250.0 800.0 3.166535 272.062713946 None 3.215542
1100.0 925.0 10.797352 1403.09384578 None 10.850785
1425.0 50.0 -1.0 1.0 -1.0 1.424569
1100.0 675.0 10.77711 102.65867125 None 10.939722
900.0 675.0 62.841112 925.859717344 None 63.186044
1000.0 250.0 25.685476 13.122834125 None 27.261643
900.0 400.0 62.442679 58.1989504375 None 63.587627
1175.0 200.0 5.781734 5.7993345 None 6.704052
1200.0 650.0 4.736473 35.0947234375 None 4.845631
975.0 300.0 32.150827 17.5282734375 None 33.504697
1100.0 75.0 10.736871 6.49174019971 None 13.129741
1500.0 650.0 -1.0 1.0 -1.0 0.460427
1375.0 325.0 1.148922 3.0796385 None 1.382485
1500.0 1000.0 -1.0 1.0 -1.0 0.442074
1500.0 900.0 -1.0 1.0 -1.0 0.447977
750.0 50.0 -1.0 1.0 -1.0 280.046051
1350.0 725.0 1.422726 139.52253283 None 1.466622
475.0 200.0 6110.774072 1919.25049722 None 6147.626072
1200.0 325.0 4.787929 6.198823375 None 5.234285
1375.0 500.0 1.1645 5.83519715625 None 1.272482
1000.0 500.0 25.863206 49.671603875 None 26.325931
700.0 250.0 437.911645 167.84503675 None 444.950005
850.0 200.0 99.544485 43.698145625 None 103.556553
1250.0 900.0 3.174621 236.436285196 None 3.207569
1350.0 750.0 1.421139 130.615925643 None 1.46071
1300.0 275.0 2.10997 5.246550875 None 2.502958
825.0 525.0 126.80472 351.473747625 None 127.689836
1275.0 725.0 2.599507 166.811835821 None 2.657931
1150.0 100.0 7.095011 6.08680975 None 8.797788
1450.0 1100.0 -1.0 1.0 -1.0 0.649363
1525.0 450.0 -1.0 1.0 -1.0 0.429807
1100.0 800.0 10.77934 390.503037437 None 10.865051
325.0 125.0 61313.1057 46053.6186132 None 61507.8057
1350.0 1025.0 -1.0 1.0 -1.0 1.445292
1325.0 275.0 1.71963 4.53302475 None 2.079688
1300.0 175.0 2.119687 4.23893946875 None 2.744092
750.0 325.0 263.313797 149.322899984 None 266.731637
1375.0 1000.0 -1.0 1.0 -1.0 1.184185
1450.0 550.0 0.639401 6.0413973125 None 0.702083
700.0 25.0 -1.0 1.0 -1.0 464.631179
1450.0 400.0 0.649666 2.530345375 None 0.771702
1350.0 100.0 1.430977 2.10034425 None 2.147981
1200.0 625.0 4.746751 28.3188592969 None 4.868953
1500.0 25.0 -1.0 1.0 -1.0 0.9633
500.0 100.0 4390.664567 989.740359032 None 4450.301867
1425.0 500.0 0.785222 5.73918746875 None 0.873503
925.0 300.0 49.804601 25.577393 None 51.450761
700.0 375.0 438.735422 343.231034281 None 442.199882
900.0 275.0 62.445229 32.4915055 None 64.559089
1325.0 1050.0 -1.0 1.0 -1.0 1.75233
1400.0 125.0 0.967133 1.7926225625 None 1.492925
575.0 250.0 1754.874133 577.930950188 None 1768.856313
375.0 200.0 26327.343861 14422.709959 None 26405.889861
575.0 400.0 1769.351714 3053.62793037 None 1774.900334
800.0 450.0 161.80084 212.030425375 None 163.184584
550.0 250.0 2367.287483 914.614916719 None 2382.502683
950.0 175.0 40.122338 16.0478725313 None 43.02365
1125.0 25.0 -1.0 1.0 -1.0 11.427226
1475.0 50.0 -1.0 1.0 -1.0 1.052511
625.0 375.0 994.650574 1176.75467912 None 1000.172974
750.0 150.0 264.858239 75.08824525 None 273.885239
1450.0 625.0 -1.0 1.0 -1.0 0.682758
1525.0 700.0 -1.0 1.0 -1.0 0.376141
1475.0 850.0 -1.0 1.0 -1.0 0.548456
975.0 225.0 32.22394 15.118215375 None 34.18746
1150.0 200.0 7.237308 6.047341875 None 8.248104
1225.0 1025.0 -1.0 1.0 -1.0 3.896434
1250.0 225.0 3.144165 5.44266234375 None 3.746636
1075.0 575.0 13.461674 46.45559075 None 13.711332
1050.0 425.0 16.666051 20.7365052188 None 17.220901
1200.0 775.0 4.742313 205.041658719 None 4.813223
725.0 175.0 338.687757 97.9101215 None 348.712257
1375.0 275.0 1.169225 2.65700625 None 1.460213
775.0 525.0 204.208253 531.68546075 None 205.433582
1225.0 50.0 -1.0 1.0 -1.0 5.424298
1500.0 1075.0 -1.0 1.0 -1.0 0.440743
925.0 675.0 49.892771 1159.86849073 None 50.191482
650.0 425.0 749.058545 1650.308426 None 753.196805
450.0 150.0 8744.753251 1494.7009865 None 8801.797051
1000.0 300.0 25.755194 15.36391125 None 26.982552
1225.0 525.0 3.871622 11.58093825 None 4.042355
1000.0 0.0 -1.0 1.0 -1.0 31.327059
1375.0 700.0 1.163757 108.614139348 None 1.208904
1350.0 525.0 1.421443 6.84266153125 None 1.524205
1425.0 550.0 0.779711 6.10651253125 None 0.849719
1150.0 350.0 7.17719 7.394959625 None 7.676637
975.0 600.0 32.241719 180.31844875 None 32.577859
1425.0 1100.0 -1.0 1.0 -1.0 0.79539
1325.0 725.0 1.731532 179.3375335 None 1.779338
925.0 175.0 50.19165 18.7688639375 None 53.453416
650.0 350.0 747.682165 687.939873187 None 753.557225
1475.0 1000.0 -1.0 1.0 -1.0 0.539607
1075.0 475.0 13.441332 24.1529275 None 13.806246
850.0 125.0 99.452136 33.8426873438 None 105.634168
825.0 500.0 126.843689 256.690716469 None 127.751861
550.0 75.0 2380.30732 1090.26934078 None 2430.31432
1250.0 450.0 3.141622 7.477588375 None 3.350054
1200.0 150.0 4.75851 5.683906 None 5.821187
575.0 25.0 -1.0 1.0 -1.0 1841.81496
1225.0 800.0 3.877409 265.799865107 None 3.933934
1000.0 525.0 25.869902 58.880425125 None 26.28986
1025.0 725.0 20.632933 359.939129875 None 20.788507
1150.0 925.0 7.174034 767.440885156 None 7.216723
725.0 450.0 339.870564 663.889846844 None 342.160824
1475.0 275.0 0.528042 1.96946108571 None 0.72478
1475.0 800.0 -1.0 1.0 -1.0 0.548045
1125.0 500.0 8.774996 20.1298030625 None 9.06144
925.0 475.0 49.588877 82.3995031875 None 50.316663
1050.0 600.0 16.722146 76.38959275 None 16.970128
875.0 350.0 78.842239 52.95351575 None 80.483399
1450.0 175.0 0.644467 1.61894621875 None 0.990399
1225.0 575.0 3.858095 15.678706375 None 3.990989
575.0 325.0 1762.405396 1426.75714109 None 1771.232746
1150.0 300.0 7.154518 11.191509 None 7.810885
800.0 475.0 161.972678 262.135785531 None 163.101351
800.0 75.0 162.480325 43.4127751827 None 172.937221
750.0 575.0 263.278653 6265.75614259 None 264.312213
625.0 200.0 991.174957 291.154277063 None 1006.213397
500.0 300.0 4398.378382 3717.06694484 None 4418.225482
1150.0 375.0 7.15423 8.813028875 None 7.606709
500.0 25.0 -1.0 1.0 -1.0 4516.933885
1125.0 400.0 8.764131 10.6435822187 None 9.213887
750.0 275.0 264.076427 132.418031391 None 268.653137
1350.0 450.0 1.424169 5.6251100625 None 1.572242
1275.0 700.0 2.591689 129.6405935 None 2.658021
1325.0 450.0 1.726539 5.87575528125 None 1.894371
1025.0 0.0 -1.0 1.0 -1.0 25.620403
1075.0 450.0 13.401047 20.5937817812 None 13.83631
850.0 300.0 99.616111 50.032878875 None 101.947183
425.0 25.0 -1.0 1.0 -1.0 12701.524164
1200.0 975.0 4.767511 289.346464973 None 4.797724
1000.0 575.0 25.817678 97.5244454063 None 26.169216
900.0 350.0 62.568518 35.570912625 None 64.059769
925.0 0.0 -1.0 1.0 -1.0 58.078308
950.0 775.0 40.343503 3142.64584366 None 40.502161
1075.0 675.0 13.460545 127.82971625 None 13.630662
1200.0 925.0 4.758555 307.159679348 None 4.794215
1425.0 1000.0 -1.0 1.0 -1.0 0.791357
850.0 550.0 99.298034 303.44535575 None 99.996754
875.0 50.0 -1.0 1.0 -1.0 87.656525
1400.0 1000.0 -1.0 1.0 -1.0 0.972081
1225.0 275.0 3.871144 5.6958913125 None 4.402059
925.0 550.0 49.499329 184.616425156 None 50.025149
1200.0 525.0 4.767649 14.157220125 None 4.959809
1025.0 325.0 20.712806 14.00784875 None 21.697525
975.0 75.0 32.327383 11.2820078727 None 36.707963
1400.0 800.0 -1.0 1.0 -1.0 0.991563
1025.0 300.0 20.590298 13.0954694375 None 21.71041
1325.0 800.0 1.73735 152.617711938 None 1.773829
800.0 50.0 -1.0 1.0 -1.0 174.635751
950.0 475.0 39.898681 62.128473875 None 40.533691
1125.0 75.0 8.72738 6.29128279254 None 10.864722
1425.0 425.0 0.79174 4.143942 None 0.911343
1375.0 875.0 -1.0 1.0 -1.0 1.186336
1300.0 800.0 2.124311 192.432712607 None 2.164411
750.0 125.0 263.479723 72.0704194688 None 273.923343
475.0 225.0 6073.752523 2604.29600472 None 6106.986623
625.0 275.0 996.012763 433.927953625 None 1005.801793
1425.0 600.0 0.777788 18.53271725 None 0.835367
450.0 75.0 8698.689876 1762.96047415 None 8802.726276
775.0 275.0 205.176851 107.1400835 None 209.211002
775.0 575.0 203.421732 3089.87818463 None 204.327186
1350.0 1050.0 -1.0 1.0 -1.0 1.441448
1350.0 850.0 -1.0 1.0 -1.0 1.451838
1250.0 275.0 3.143761 5.50721946875 None 3.628384
1525.0 25.0 -1.0 1.0 -1.0 0.829971
1125.0 775.0 8.789035 210.238150812 None 8.875907
1050.0 350.0 16.575877 13.2110755 None 17.369487
1450.0 425.0 0.652986 3.136017 None 0.760676
1350.0 275.0 1.412155 3.39016975 None 1.737686
1125.0 525.0 8.833255 20.512449 None 9.080578
1525.0 975.0 -1.0 1.0 -1.0 0.364245
1225.0 900.0 3.898078 276.251285866 None 3.933716
1075.0 150.0 13.489197 7.1199235 None 15.327685
1025.0 575.0 20.697807 77.0349999375 None 21.005695
1125.0 825.0 8.845762 409.278427625 None 8.914121
1300.0 500.0 2.12013 7.44191325 None 2.257871
1350.0 950.0 -1.0 1.0 -1.0 1.448277
1300.0 350.0 2.120832 5.4127075 None 2.404815
400.0 100.0 18054.623437 2622.672631 None 18195.778237
1050.0 650.0 16.764442 126.57044625 None 16.972182
1525.0 675.0 -1.0 1.0 -1.0 0.378309
1100.0 300.0 10.789375 7.628937875 None 11.546031
1500.0 100.0 -1.0 1.0 -1.0 0.830478
1350.0 325.0 1.40976 3.793164625 None 1.668259
1375.0 100.0 1.159078 1.9148488125 None 1.810802
1175.0 250.0 5.79183 6.08831896875 None 6.533193
475.0 100.0 6093.178157 1149.11996381 None 6163.766957
1075.0 350.0 13.451808 10.9331690937 None 14.15147
700.0 75.0 442.246265 91.8223075938 None 460.917205
975.0 775.0 32.30998 2157.58042325 None 32.457784
1050.0 300.0 16.451656 10.410709125 None 17.468907
1500.0 350.0 -1.0 1.0 -1.0 0.561146
1400.0 550.0 0.955968 6.52865675 None 1.034094
775.0 325.0 205.325239 125.344242281 None 208.493334
1250.0 525.0 3.131593 9.747815125 None 3.287819
1075.0 550.0 13.429751 39.5319162187 None 13.706365
1300.0 525.0 2.10968 8.1702191875 None 2.237475
1450.0 75.0 0.632605 1.51357191288 None 1.160534
1300.0 50.0 -1.0 1.0 -1.0 3.22728
1250.0 175.0 3.167286 5.25331209375 None 3.935009
1250.0 150.0 3.164783 5.5450225625 None 4.036452
1275.0 825.0 2.607642 223.341106089 None 2.648042
350.0 25.0 -1.0 1.0 -1.0 39982.58784
1425.0 475.0 0.782064 5.6001535625 None 0.879849
1125.0 925.0 8.825967 1185.31801 None 8.873182
1400.0 750.0 -1.0 1.0 -1.0 0.991824
1075.0 425.0 13.399528 17.7063499375 None 13.872409
775.0 125.0 205.785493 58.0544419909 None 214.878703
1175.0 75.0 5.741407 5.8670735 None 7.46652
1450.0 525.0 0.641339 5.637102375 None 0.712051
1050.0 750.0 16.61035 358.675154562 None 16.742906
1375.0 900.0 -1.0 1.0 -1.0 1.178915
1475.0 625.0 -1.0 1.0 -1.0 0.563212
1500.0 200.0 -1.0 1.0 -1.0 0.685258
1200.0 550.0 4.751786 16.2265395 None 4.919051
1225.0 875.0 3.895358 285.157893054 None 3.935035
1250.0 425.0 3.14836 7.00973775 None 3.384243
800.0 400.0 161.546688 123.488948812 None 163.341464
1000.0 800.0 25.694505 2196.30079888 None 25.816941
1200.0 875.0 4.765704 324.972893723 None 4.810612
400.0 125.0 18109.303569 3282.32004069 None 18219.574569
1400.0 250.0 0.968349 2.296271375 None 1.261413
825.0 175.0 126.14095 47.573705 None 131.314674
600.0 350.0 1323.500248 1303.529036 None 1330.442188
950.0 325.0 40.222535 21.908379875 None 41.531871
1225.0 975.0 -1.0 1.0 -1.0 3.927157
925.0 575.0 49.486154 241.452256625 None 49.98757
650.0 0.0 -1.0 1.0 -1.0 785.472622
675.0 300.0 568.195838 244.471294906 None 574.107588
725.0 200.0 338.512342 116.85424525 None 346.916072
1525.0 500.0 -1.0 1.0 -1.0 0.414295
1425.0 875.0 -1.0 1.0 -1.0 0.804142
1350.0 200.0 1.428471 2.558048625 None 1.883684
1150.0 225.0 7.176754 6.24326625 None 8.106372
775.0 425.0 205.260936 229.144738187 None 207.087656
975.0 750.0 32.268427 1303.35589866 None 32.44348
950.0 375.0 40.151302 27.8323780313 None 41.16048
1150.0 25.0 -1.0 1.0 -1.0 9.52999
1450.0 800.0 -1.0 1.0 -1.0 0.666674
1450.0 475.0 0.649017 4.474831125 None 0.735578
1075.0 125.0 13.570449 7.26289025 None 15.621962
1525.0 350.0 -1.0 1.0 -1.0 0.473158
1225.0 700.0 3.89682 99.7907805937 None 3.972938
1525.0 1025.0 -1.0 1.0 -1.0 0.363274
425.0 100.0 12367.267511 1565.64545194 None 12477.105211
1150.0 750.0 7.132658 132.439532062 None 7.223623
700.0 175.0 437.95615 129.4289965 None 448.37431
950.0 600.0 39.918551 243.179325625 None 40.305237
600.0 300.0 1314.471931 793.940816125 None 1324.332711
1400.0 425.0 0.966562 4.99119928125 None 1.102156
1325.0 50.0 -1.0 1.0 -1.0 2.75438
1525.0 1000.0 -1.0 1.0 -1.0 0.363592
1425.0 850.0 -1.0 1.0 -1.0 0.807149
1175.0 925.0 5.804702 453.608798875 None 5.844023
1325.0 550.0 1.733541 8.1218645 None 1.838113
450.0 250.0 8674.93997 4005.52201878 None 8702.83117
300.0 100.0 96569.612832 115018.137217 None 96853.328832
650.0 325.0 747.026008 479.534418656 None 753.504648
300.0 50.0 -1.0 1.0 -1.0 97697.654208
450.0 125.0 8670.186703 1183.99985319 None 8741.450503
900.0 150.0 62.832844 20.8720005 None 67.161304
1475.0 825.0 -1.0 1.0 -1.0 0.54694
1500.0 750.0 -1.0 1.0 -1.0 0.454154
825.0 300.0 126.516499 69.5841376719 None 129.356934
1200.0 500.0 4.759707 12.0061595 None 4.973923
1150.0 250.0 7.20956 6.439190625 None 8.013272
1025.0 775.0 20.548972 657.172503 None 20.675084
450.0 200.0 8693.995509 2619.81738831 None 8741.375109
1350.0 1000.0 -1.0 1.0 -1.0 1.443166
1000.0 225.0 25.847669 12.1137956875 None 27.616814
1250.0 350.0 3.156123 5.755424375 None 3.495069
350.0 0.0 -1.0 1.0 -1.0 40105.88796
1475.0 650.0 -1.0 1.0 -1.0 0.560324
825.0 375.0 126.246589 103.329066938 None 128.014381
850.0 75.0 100.067223 28.4604405158 None 108.053076
1150.0 400.0 7.123697 9.496676125 None 7.529188
1500.0 700.0 -1.0 1.0 -1.0 0.458067
1050.0 450.0 16.788121 24.03606375 None 17.259208
1225.0 1050.0 -1.0 1.0 -1.0 3.895123
1350.0 0.0 -1.0 1.0 -1.0 2.504598
1225.0 0.0 -1.0 1.0 -1.0 5.81714
1450.0 275.0 0.651218 1.8520535625 None 0.864718
425.0 50.0 -1.0 1.0 -1.0 12561.903889
975.0 400.0 32.176151 27.6721858438 None 32.989509
1050.0 500.0 16.79491 33.487118875 None 17.171229
1150.0 325.0 7.225097 7.152612125 None 7.782697
750.0 300.0 263.146932 140.870465687 None 267.239412
925.0 600.0 49.617332 292.036691938 None 50.043032
1475.0 775.0 -1.0 1.0 -1.0 0.551011
550.0 275.0 2366.583243 1392.95697633 None 2379.134243
950.0 575.0 39.846239 182.175896719 None 40.253219
1300.0 75.0 2.143591 2.80323516019 None 3.130181
775.0 250.0 204.769635 98.6876492031 None 209.225061
1400.0 525.0 0.955135 5.94333659375 None 1.041954
1250.0 825.0 3.165577 263.156106759 None 3.210947
925.0 700.0 49.880707 1674.97047245 None 50.144542
925.0 275.0 49.819019 24.56367475 None 51.689055
1000.0 50.0 -1.0 1.0 -1.0 30.34955
1475.0 700.0 -1.0 1.0 -1.0 0.554615
1475.0 575.0 -1.0 1.0 -1.0 0.575445
1500.0 500.0 -1.0 1.0 -1.0 0.505278
1325.0 825.0 -1.0 1.0 -1.0 1.766362
1075.0 225.0 13.396323 7.6461075625 None 14.648504
900.0 200.0 62.796951 25.203871 None 65.960727
1400.0 175.0 0.960951 1.87073684375 None 1.382821
425.0 175.0 12421.90289 2739.79084588 None 12478.17759
1350.0 925.0 -1.0 1.0 -1.0 1.444936
1475.0 125.0 0.53296 1.48587557679 None 0.919427
1400.0 100.0 0.956691 1.7555284092 None 1.541262
1075.0 500.0 13.44385 27.7250063437 None 13.768742
1250.0 500.0 3.141538 9.011417625 None 3.316002
975.0 100.0 31.997176 12.6044345773 None 35.804828
1500.0 1025.0 -1.0 1.0 -1.0 0.441269
1050.0 475.0 16.797762 27.673085625 None 17.200917
1400.0 275.0 0.966113 2.3113316875 None 1.228364
1000.0 125.0 25.343721 9.7781835 None 28.351109
850.0 600.0 99.246572 2818.64305625 None 99.847562
1250.0 575.0 3.115447 13.1322838125 None 3.242782
950.0 525.0 39.934792 102.225990156 None 40.464674
1225.0 1000.0 -1.0 1.0 -1.0 3.912175
1275.0 600.0 2.567539 13.0873969375 None 2.67185
1500.0 825.0 -1.0 1.0 -1.0 0.44671
1075.0 850.0 13.406581 935.808808906 None 13.481599
1475.0 75.0 0.532225 1.45032925589 None 1.007642
1250.0 100.0 3.167022 4.96808076749 None 4.266844
1400.0 475.0 0.960018 5.59587209375 None 1.070717
975.0 550.0 32.196931 99.7854617188 None 32.621663
1375.0 1050.0 -1.0 1.0 -1.0 1.184334
1350.0 125.0 1.439818 2.17014284375 None 2.079615
1150.0 500.0 7.100771 16.99524075 None 7.354281
1500.0 600.0 -1.0 1.0 -1.0 0.471421
775.0 600.0 203.741914 12191.1939379 None 204.574837
1425.0 675.0 -1.0 1.0 -1.0 0.820686
1125.0 800.0 8.832899 266.583220344 None 8.907363
1275.0 175.0 2.602842 5.4790795 None 3.310026
675.0 200.0 564.394902 178.412319687 None 575.956542
725.0 500.0 339.39513 1376.49374278 None 341.10013
1475.0 750.0 -1.0 1.0 -1.0 0.554635
1350.0 800.0 -1.0 1.0 -1.0 1.453819
400.0 50.0 -1.0 1.0 -1.0 18281.350165
1300.0 825.0 2.12288 183.52610542 None 2.159507
425.0 0.0 -1.0 1.0 -1.0 12685.765062
1350.0 375.0 1.426552 4.8148015 None 1.62756
1500.0 950.0 -1.0 1.0 -1.0 0.445239
1475.0 200.0 0.53425 1.60640854554 None 0.815479
725.0 425.0 338.710827 491.793218 None 341.324907
1375.0 125.0 1.183453 1.952000375 None 1.764444
1325.0 675.0 1.739599 104.995048857 None 1.799455
1350.0 250.0 1.41864 2.974007875 None 1.777817
925.0 500.0 49.555046 104.09496575 None 50.217201
1325.0 175.0 1.747552 2.8804861875 None 2.3095
575.0 50.0 -1.0 1.0 -1.0 1821.335976
1125.0 700.0 8.801762 100.721431875 None 8.929582
925.0 325.0 49.718176 25.175618 None 51.191044
1100.0 375.0 10.751413 10.7883756563 None 11.300408
1025.0 650.0 20.730718 187.09900125 None 20.952069
1500.0 125.0 -1.0 1.0 -1.0 0.783602
1025.0 675.0 20.705161 220.094934812 None 20.911023
1100.0 350.0 10.787943 9.758408375 None 11.419178
1075.0 25.0 -1.0 1.0 -1.0 16.618102
750.0 400.0 263.425353 250.28458575 None 265.793293
1025.0 150.0 20.439916 8.68282475 None 22.761888
1375.0 975.0 -1.0 1.0 -1.0 1.185881
875.0 275.0 78.915391 39.13059125 None 81.255043
1125.0 625.0 8.853018 45.644799375 None 9.015497
875.0 0.0 -1.0 1.0 -1.0 90.370125
1500.0 625.0 -1.0 1.0 -1.0 0.465951
450.0 0.0 -1.0 1.0 -1.0 8878.586093
1525.0 650.0 -1.0 1.0 -1.0 0.380052
1225.0 325.0 3.883177 5.89332475 None 4.295502
1250.0 1075.0 -1.0 1.0 -1.0 3.191377
675.0 275.0 568.023612 184.884278625 None 575.114652
950.0 725.0 40.26759 2112.44188022 None 40.488051
925.0 425.0 49.753068 53.292765125 None 50.661116
1400.0 500.0 0.962011 5.7150454375 None 1.060008
700.0 525.0 437.379264 1649.97731591 None 438.859264
400.0 200.0 17944.504071 9865.36785917 None 17998.813571
1050.0 225.0 16.659756 8.37774178125 None 18.029172
1525.0 150.0 -1.0 1.0 -1.0 0.64078
825.0 100.0 126.088149 39.6073655158 None 134.034831
875.0 200.0 79.053168 34.9606075937 None 82.573477
1275.0 925.0 -1.0 1.0 -1.0 2.633884
1525.0 300.0 -1.0 1.0 -1.0 0.499809
1225.0 350.0 3.85976 6.001787125 None 4.230019
#END
title: #splitline{#tilde{g}#tilde{g}, #tilde{g} #rightarrow qq (#tilde{#chi}_{1}^{#pm} #rightarrow W#tilde{#chi}_{1}^{0}), x=0.5}{ATLAS-CONF-2013-047, 8 TeV, NLL}
Out file: T5WW050.png
Root file: /home/lessa/SMS_database/ATLAS8TeV/ATLAS_CONF_2013_047/sms.root
Root tag: exclusion_T5WW050: Official Exclusion
