510.0 300.0 -1.0 1.0 -1.0 14.61
490.0 130.0 -1.0 1.0 -1.0 18.01
280.0 10.0 160.70145 105.298385024 None 237.9
120.0 0.0 4284.4316 1104.65800762 None 6388.0
410.0 20.0 -1.0 1.0 -1.0 43.5
400.0 125.0 33.04272 78.3237479627 None 49.2
350.0 120.0 61.238965 101.124562323 None 90.55
320.0 100.0 90.90855 101.913578808 None 134.5
350.0 80.0 61.238965 83.0127671361 None 90.55
280.0 100.0 160.70145 174.229934812 None 237.9
390.0 290.0 36.885123 550.07815361 None 55.11
380.0 0.0 41.694443 69.98950243 None 62.11
430.0 310.0 -1.0 1.0 -1.0 34.58
460.0 40.0 -1.0 1.0 -1.0 24.81
390.0 130.0 36.885123 84.1176733375 None 55.11
500.0 230.0 -1.0 1.0 -1.0 16.24
360.0 150.0 53.74398 84.5485404134 None 79.55
320.0 200.0 90.90855 324.630498886 None 134.5
500.0 250.0 -1.0 1.0 -1.0 16.24
270.0 40.0 187.69212 123.838298023 None 277.2
240.0 30.0 302.87652 146.586313844 None 445.8
500.0 125.0 -1.0 1.0 -1.0 16.24
440.0 160.0 -1.0 1.0 -1.0 30.96
240.0 70.0 302.87652 197.082221508 None 445.8
340.0 170.0 69.8467 137.75883615 None 103.4
250.0 100.0 255.76272 257.592558861 None 377.9
370.0 100.0 47.211234 85.1872265339 None 70.14
480.0 80.0 -1.0 1.0 -1.0 20.04
440.0 240.0 -1.0 1.0 -1.0 30.96
350.0 60.0 61.238965 75.3322914243 None 90.55
210.0 60.0 514.8596 304.430156946 None 764.0
310.0 50.0 104.45508 115.489520133 None 154.2
370.0 90.0 47.211234 82.9720795155 None 70.14
270.0 50.0 187.69212 106.119126081 None 277.2
320.0 130.0 90.90855 142.282530665 None 134.5
400.0 50.0 33.04272 73.6936852336 None 49.2
280.0 60.0 160.70145 128.668650985 None 237.9
310.0 150.0 104.45508 168.141126633 None 154.2
230.0 40.0 360.58085 202.811747789 None 530.5
120.0 10.0 4284.4316 1193.32420826 None 6388.0
190.0 10.0 759.375 352.774679661 None 1125.0
270.0 110.0 187.69212 173.255056143 None 277.2
450.0 30.0 -1.0 1.0 -1.0 27.72
400.0 250.0 33.04272 179.844617844 None 49.2
325.0 75.0 84.7125 101.285718381 None 125.5
460.0 140.0 -1.0 1.0 -1.0 24.81
260.0 40.0 218.60927 148.304954171 None 322.1
280.0 180.0 160.70145 568.761646748 None 237.9
450.0 140.0 -1.0 1.0 -1.0 27.72
200.0 50.0 625.03101 361.4538908 None 923.1
410.0 110.0 -1.0 1.0 -1.0 43.5
510.0 280.0 -1.0 1.0 -1.0 14.61
340.0 140.0 69.8467 135.255485773 None 103.4
330.0 60.0 79.242 85.0307419896 None 117.5
220.0 40.0 430.09668 245.837882161 None 633.8
460.0 50.0 -1.0 1.0 -1.0 24.81
470.0 340.0 -1.0 1.0 -1.0 22.29
490.0 280.0 -1.0 1.0 -1.0 18.01
450.0 150.0 -1.0 1.0 -1.0 27.72
210.0 0.0 514.8596 228.602707386 None 764.0
460.0 130.0 -1.0 1.0 -1.0 24.81
510.0 340.0 -1.0 1.0 -1.0 14.61
470.0 300.0 -1.0 1.0 -1.0 22.29
280.0 110.0 160.70145 186.919778585 None 237.9
430.0 160.0 -1.0 1.0 -1.0 34.58
420.0 70.0 -1.0 1.0 -1.0 38.81
490.0 360.0 -1.0 1.0 -1.0 18.01
440.0 300.0 -1.0 1.0 -1.0 30.96
370.0 0.0 47.211234 77.5747001171 None 70.14
500.0 360.0 -1.0 1.0 -1.0 16.24
440.0 130.0 -1.0 1.0 -1.0 30.96
310.0 90.0 104.45508 123.991400003 None 154.2
350.0 70.0 61.238965 94.566039741 None 90.55
410.0 40.0 -1.0 1.0 -1.0 43.5
440.0 170.0 -1.0 1.0 -1.0 30.96
430.0 170.0 -1.0 1.0 -1.0 34.58
190.0 30.0 759.375 296.913713217 None 1125.0
410.0 310.0 -1.0 1.0 -1.0 43.5
190.0 90.0 759.375 707.258701324 None 1125.0
510.0 140.0 -1.0 1.0 -1.0 14.61
175.0 50.0 1046.2932 526.912927628 None 1548.0
480.0 110.0 -1.0 1.0 -1.0 20.04
430.0 190.0 -1.0 1.0 -1.0 34.58
430.0 250.0 -1.0 1.0 -1.0 34.58
410.0 150.0 -1.0 1.0 -1.0 43.5
320.0 220.0 90.90855 604.758620262 None 134.5
270.0 70.0 187.69212 129.365950823 None 277.2
360.0 140.0 53.74398 90.373262763 None 79.55
320.0 180.0 90.90855 197.054505348 None 134.5
340.0 150.0 69.8467 133.916512132 None 103.4
510.0 290.0 -1.0 1.0 -1.0 14.61
320.0 120.0 90.90855 116.357401013 None 134.5
500.0 275.0 -1.0 1.0 -1.0 16.24
440.0 150.0 -1.0 1.0 -1.0 30.96
390.0 120.0 36.885123 95.282100141 None 55.11
390.0 140.0 36.885123 93.9386934042 None 55.11
320.0 60.0 90.90855 96.6785028577 None 134.5
140.0 0.0 2410.4511 731.103897095 None 3609.0
370.0 130.0 47.211234 84.4845473766 None 70.14
500.0 160.0 -1.0 1.0 -1.0 16.24
510.0 390.0 -1.0 1.0 -1.0 14.61
390.0 90.0 36.885123 79.9338817596 None 55.11
500.0 80.0 -1.0 1.0 -1.0 16.24
525.0 225.0 -1.0 1.0 -1.0 12.52
420.0 50.0 -1.0 1.0 -1.0 38.81
380.0 150.0 41.694443 104.290820658 None 62.11
510.0 120.0 -1.0 1.0 -1.0 14.61
360.0 200.0 53.74398 166.084751487 None 79.55
510.0 320.0 -1.0 1.0 -1.0 14.61
525.0 425.0 -1.0 1.0 -1.0 12.52
390.0 200.0 36.885123 118.027955294 None 55.11
330.0 170.0 79.242 178.429082036 None 117.5
375.0 100.0 44.38435 77.2645175457 None 65.95
470.0 200.0 -1.0 1.0 -1.0 22.29
290.0 190.0 138.375 586.218655109 None 205.0
250.0 60.0 255.76272 167.065665126 None 377.9
310.0 210.0 104.45508 546.07874155 None 154.2
170.0 40.0 1161.2864 458.114326 None 1724.0
260.0 130.0 218.60927 339.149534702 None 322.1
475.0 300.0 -1.0 1.0 -1.0 21.1
470.0 110.0 -1.0 1.0 -1.0 22.29
325.0 150.0 84.7125 163.9450863 None 125.5
290.0 100.0 138.375 143.607333302 None 205.0
420.0 110.0 -1.0 1.0 -1.0 38.81
150.0 0.0 1866.8448 580.071866512 None 2788.0
390.0 260.0 36.885123 270.079821348 None 55.11
370.0 210.0 47.211234 151.597425342 None 70.14
390.0 20.0 36.885123 72.797767818 None 55.11
380.0 90.0 41.694443 80.1144391298 None 62.11
320.0 30.0 90.90855 98.9858061075 None 134.5
400.0 60.0 33.04272 70.3626051545 None 49.2
500.0 30.0 -1.0 1.0 -1.0 16.24
400.0 0.0 33.04272 73.8974511623 None 49.2
360.0 250.0 53.74398 371.358692646 None 79.55
440.0 230.0 -1.0 1.0 -1.0 30.96
470.0 320.0 -1.0 1.0 -1.0 22.29
340.0 130.0 69.8467 106.809735298 None 103.4
450.0 60.0 -1.0 1.0 -1.0 27.72
130.0 20.0 3158.8438 993.371784687 None 4753.0
450.0 40.0 -1.0 1.0 -1.0 27.72
360.0 30.0 53.74398 82.3427587748 None 79.55
400.0 175.0 33.04272 98.6656919122 None 49.2
300.0 170.0 119.51716 315.511316061 None 177.8
475.0 25.0 -1.0 1.0 -1.0 21.1
500.0 25.0 -1.0 1.0 -1.0 16.24
275.0 50.0 173.6644 126.006834209 None 256.9
360.0 50.0 53.74398 83.3405330777 None 79.55
500.0 280.0 -1.0 1.0 -1.0 16.24
380.0 30.0 41.694443 77.0510360599 None 62.11
210.0 10.0 514.8596 207.813888788 None 764.0
400.0 90.0 33.04272 76.3624683022 None 49.2
375.0 50.0 44.38435 81.2863707542 None 65.95
430.0 20.0 -1.0 1.0 -1.0 34.58
480.0 240.0 -1.0 1.0 -1.0 20.04
500.0 310.0 -1.0 1.0 -1.0 16.24
360.0 100.0 53.74398 81.2485963106 None 79.55
460.0 170.0 -1.0 1.0 -1.0 24.81
510.0 150.0 -1.0 1.0 -1.0 14.61
450.0 340.0 -1.0 1.0 -1.0 27.72
300.0 120.0 119.51716 138.943836093 None 177.8
290.0 50.0 138.375 121.863804758 None 205.0
440.0 320.0 -1.0 1.0 -1.0 30.96
430.0 130.0 -1.0 1.0 -1.0 34.58
490.0 250.0 -1.0 1.0 -1.0 18.01
375.0 200.0 44.38435 139.942262322 None 65.95
500.0 220.0 -1.0 1.0 -1.0 16.24
500.0 290.0 -1.0 1.0 -1.0 16.24
470.0 250.0 -1.0 1.0 -1.0 22.29
275.0 0.0 173.6644 126.825936139 None 256.9
525.0 100.0 -1.0 1.0 -1.0 12.52
390.0 210.0 36.885123 102.791778743 None 55.11
240.0 120.0 302.87652 426.082462072 None 445.8
480.0 330.0 -1.0 1.0 -1.0 20.04
490.0 80.0 -1.0 1.0 -1.0 18.01
320.0 80.0 90.90855 106.746293604 None 134.5
330.0 120.0 79.242 120.000764728 None 117.5
525.0 325.0 -1.0 1.0 -1.0 12.52
450.0 220.0 -1.0 1.0 -1.0 27.72
320.0 90.0 90.90855 98.9705845714 None 134.5
525.0 175.0 -1.0 1.0 -1.0 12.52
300.0 0.0 119.51716 100.590884686 None 177.8
380.0 140.0 41.694443 87.1556177735 None 62.11
190.0 0.0 759.375 271.874368191 None 1125.0
510.0 0.0 -1.0 1.0 -1.0 14.61
480.0 370.0 -1.0 1.0 -1.0 20.04
380.0 100.0 41.694443 69.3418085575 None 62.11
270.0 10.0 187.69212 123.636901379 None 277.2
360.0 70.0 53.74398 83.1474140286 None 79.55
390.0 180.0 36.885123 104.290373623 None 55.11
470.0 170.0 -1.0 1.0 -1.0 22.29
170.0 60.0 1161.2864 887.728154659 None 1724.0
300.0 125.0 119.51716 146.518275142 None 177.8
290.0 130.0 138.375 181.738466024 None 205.0
370.0 10.0 47.211234 71.7325955629 None 70.14
325.0 25.0 84.7125 94.649285078 None 125.5
200.0 75.0 625.03101 422.44964838 None 923.1
490.0 20.0 -1.0 1.0 -1.0 18.01
400.0 120.0 33.04272 82.2414085269 None 49.2
370.0 260.0 47.211234 439.792215824 None 70.14
360.0 0.0 53.74398 80.8963850141 None 79.55
210.0 50.0 514.8596 267.594099045 None 764.0
440.0 30.0 -1.0 1.0 -1.0 30.96
280.0 170.0 160.70145 555.639743805 None 237.9
480.0 10.0 -1.0 1.0 -1.0 20.04
450.0 270.0 -1.0 1.0 -1.0 27.72
430.0 40.0 -1.0 1.0 -1.0 34.58
460.0 250.0 -1.0 1.0 -1.0 24.81
140.0 20.0 2410.4511 691.248774529 None 3609.0
500.0 170.0 -1.0 1.0 -1.0 16.24
100.0 0.0 8464.55 1865.00227451 None 12700.0
420.0 180.0 -1.0 1.0 -1.0 38.81
110.0 10.0 5897.3187 1356.93907738 None 8827.0
430.0 140.0 -1.0 1.0 -1.0 34.58
460.0 100.0 -1.0 1.0 -1.0 24.81
390.0 220.0 36.885123 123.724728823 None 55.11
430.0 80.0 -1.0 1.0 -1.0 34.58
280.0 160.0 160.70145 369.99937892 None 237.9
410.0 30.0 -1.0 1.0 -1.0 43.5
330.0 130.0 79.242 117.020189762 None 117.5
380.0 130.0 41.694443 81.6047713161 None 62.11
430.0 10.0 -1.0 1.0 -1.0 34.58
375.0 75.0 44.38435 79.0891237557 None 65.95
210.0 30.0 514.8596 269.416123629 None 764.0
340.0 120.0 69.8467 112.006977201 None 103.4
420.0 200.0 -1.0 1.0 -1.0 38.81
500.0 400.0 -1.0 1.0 -1.0 16.24
450.0 0.0 -1.0 1.0 -1.0 27.72
450.0 310.0 -1.0 1.0 -1.0 27.72
260.0 150.0 218.60927 484.978377819 None 322.1
490.0 230.0 -1.0 1.0 -1.0 18.01
460.0 320.0 -1.0 1.0 -1.0 24.81
460.0 270.0 -1.0 1.0 -1.0 24.81
380.0 190.0 41.694443 112.371578813 None 62.11
450.0 250.0 -1.0 1.0 -1.0 27.72
500.0 120.0 -1.0 1.0 -1.0 16.24
490.0 240.0 -1.0 1.0 -1.0 18.01
510.0 170.0 -1.0 1.0 -1.0 14.61
390.0 0.0 36.885123 60.8687661588 None 55.11
160.0 30.0 1466.6672 560.88912487 None 2192.0
525.0 150.0 -1.0 1.0 -1.0 12.52
475.0 150.0 -1.0 1.0 -1.0 21.1
320.0 170.0 90.90855 214.021146297 None 134.5
370.0 170.0 47.211234 107.861720026 None 70.14
460.0 220.0 -1.0 1.0 -1.0 24.81
470.0 190.0 -1.0 1.0 -1.0 22.29
210.0 80.0 514.8596 432.060658932 None 764.0
150.0 40.0 1866.8448 732.894301414 None 2788.0
480.0 40.0 -1.0 1.0 -1.0 20.04
310.0 170.0 104.45508 253.75726819 None 154.2
490.0 370.0 -1.0 1.0 -1.0 18.01
460.0 10.0 -1.0 1.0 -1.0 24.81
250.0 40.0 255.76272 134.223923087 None 377.9
440.0 190.0 -1.0 1.0 -1.0 30.96
440.0 290.0 -1.0 1.0 -1.0 30.96
500.0 0.0 -1.0 1.0 -1.0 16.24
460.0 80.0 -1.0 1.0 -1.0 24.81
340.0 10.0 69.8467 86.4256694913 None 103.4
400.0 160.0 33.04272 112.5709638 None 49.2
400.0 225.0 33.04272 123.86552617 None 49.2
230.0 120.0 360.58085 554.947316647 None 530.5
250.0 25.0 255.76272 111.721657217 None 377.9
210.0 110.0 514.8596 722.356498241 None 764.0
510.0 180.0 -1.0 1.0 -1.0 14.61
330.0 150.0 79.242 171.572372317 None 117.5
320.0 190.0 90.90855 313.518315554 None 134.5
490.0 340.0 -1.0 1.0 -1.0 18.01
170.0 30.0 1161.2864 542.225301266 None 1724.0
160.0 40.0 1466.6672 575.263023376 None 2192.0
380.0 260.0 41.694443 284.388273954 None 62.11
360.0 20.0 53.74398 75.8061036468 None 79.55
320.0 210.0 90.90855 402.653247118 None 134.5
390.0 240.0 36.885123 167.357519269 None 55.11
460.0 60.0 -1.0 1.0 -1.0 24.81
250.0 30.0 255.76272 100.69654882 None 377.9
280.0 90.0 160.70145 156.250238419 None 237.9
450.0 175.0 -1.0 1.0 -1.0 27.72
270.0 130.0 187.69212 281.806588173 None 277.2
475.0 0.0 -1.0 1.0 -1.0 21.1
140.0 10.0 2410.4511 634.446978569 None 3609.0
280.0 0.0 160.70145 109.974190593 None 237.9
470.0 220.0 -1.0 1.0 -1.0 22.29
200.0 40.0 625.03101 297.876030207 None 923.1
175.0 25.0 1046.2932 389.961898327 None 1548.0
350.0 40.0 61.238965 79.4923678041 None 90.55
500.0 210.0 -1.0 1.0 -1.0 16.24
490.0 170.0 -1.0 1.0 -1.0 18.01
410.0 280.0 -1.0 1.0 -1.0 43.5
340.0 90.0 69.8467 119.713410735 None 103.4
420.0 220.0 -1.0 1.0 -1.0 38.81
200.0 25.0 625.03101 275.015756488 None 923.1
420.0 320.0 -1.0 1.0 -1.0 38.81
190.0 50.0 759.375 357.62527585 None 1125.0
340.0 30.0 69.8467 93.9256697893 None 103.4
340.0 230.0 69.8467 409.073621035 None 103.4
240.0 0.0 302.87652 175.156190991 None 445.8
320.0 0.0 90.90855 92.5114005804 None 134.5
440.0 120.0 -1.0 1.0 -1.0 30.96
480.0 280.0 -1.0 1.0 -1.0 20.04
350.0 150.0 61.238965 98.811969161 None 90.55
240.0 110.0 302.87652 372.457832098 None 445.8
350.0 220.0 61.238965 268.931478262 None 90.55
460.0 260.0 -1.0 1.0 -1.0 24.81
300.0 40.0 119.51716 111.260689795 None 177.8
480.0 200.0 -1.0 1.0 -1.0 20.04
340.0 160.0 69.8467 114.789828658 None 103.4
350.0 170.0 61.238965 124.322287738 None 90.55
440.0 310.0 -1.0 1.0 -1.0 30.96
350.0 0.0 61.238965 95.4069420695 None 90.55
220.0 110.0 430.09668 607.950568199 None 633.8
140.0 30.0 2410.4511 656.573414803 None 3609.0
510.0 310.0 -1.0 1.0 -1.0 14.61
525.0 125.0 -1.0 1.0 -1.0 12.52
500.0 300.0 -1.0 1.0 -1.0 16.24
350.0 50.0 61.238965 85.2181687951 None 90.55
420.0 210.0 -1.0 1.0 -1.0 38.81
320.0 160.0 90.90855 193.566650152 None 134.5
310.0 20.0 104.45508 105.537362397 None 154.2
350.0 30.0 61.238965 87.6001939178 None 90.55
500.0 180.0 -1.0 1.0 -1.0 16.24
260.0 140.0 218.60927 345.1141119 None 322.1
440.0 260.0 -1.0 1.0 -1.0 30.96
200.0 100.0 625.03101 753.049314022 None 923.1
300.0 130.0 119.51716 154.09271419 None 177.8
490.0 300.0 -1.0 1.0 -1.0 18.01
470.0 80.0 -1.0 1.0 -1.0 22.29
430.0 100.0 -1.0 1.0 -1.0 34.58
220.0 0.0 430.09668 214.33980763 None 633.8
500.0 140.0 -1.0 1.0 -1.0 16.24
440.0 200.0 -1.0 1.0 -1.0 30.96
490.0 140.0 -1.0 1.0 -1.0 18.01
410.0 130.0 -1.0 1.0 -1.0 43.5
310.0 80.0 104.45508 133.195221424 None 154.2
470.0 30.0 -1.0 1.0 -1.0 22.29
480.0 180.0 -1.0 1.0 -1.0 20.04
360.0 210.0 53.74398 180.268019438 None 79.55
510.0 240.0 -1.0 1.0 -1.0 14.61
125.0 0.0 3690.0015 887.759715319 None 5505.0
460.0 20.0 -1.0 1.0 -1.0 24.81
200.0 60.0 625.03101 341.407507658 None 923.1
300.0 90.0 119.51716 135.697126389 None 177.8
500.0 340.0 -1.0 1.0 -1.0 16.24
410.0 220.0 -1.0 1.0 -1.0 43.5
320.0 110.0 90.90855 109.644345939 None 134.5
380.0 180.0 41.694443 113.091893494 None 62.11
150.0 50.0 1866.8448 991.322994232 None 2788.0
290.0 0.0 138.375 130.928307772 None 205.0
510.0 160.0 -1.0 1.0 -1.0 14.61
170.0 0.0 1161.2864 344.543009996 None 1724.0
430.0 230.0 -1.0 1.0 -1.0 34.58
380.0 240.0 41.694443 208.129316568 None 62.11
410.0 240.0 -1.0 1.0 -1.0 43.5
430.0 300.0 -1.0 1.0 -1.0 34.58
310.0 130.0 104.45508 123.733639717 None 154.2
250.0 20.0 255.76272 122.746765614 None 377.9
210.0 90.0 514.8596 431.404769421 None 764.0
230.0 30.0 360.58085 227.614343166 None 530.5
340.0 210.0 69.8467 264.39973712 None 103.4
230.0 90.0 360.58085 291.310697794 None 530.5
475.0 125.0 -1.0 1.0 -1.0 21.1
500.0 330.0 -1.0 1.0 -1.0 16.24
430.0 180.0 -1.0 1.0 -1.0 34.58
450.0 290.0 -1.0 1.0 -1.0 27.72
380.0 280.0 41.694443 588.172137737 None 62.11
325.0 175.0 84.7125 201.866962016 None 125.5
270.0 120.0 187.69212 202.254101634 None 277.2
250.0 50.0 255.76272 140.496775508 None 377.9
440.0 270.0 -1.0 1.0 -1.0 30.96
500.0 90.0 -1.0 1.0 -1.0 16.24
450.0 125.0 -1.0 1.0 -1.0 27.72
250.0 120.0 255.76272 285.58537364 None 377.9
330.0 100.0 79.242 117.655098438 None 117.5
500.0 375.0 -1.0 1.0 -1.0 16.24
490.0 350.0 -1.0 1.0 -1.0 18.01
175.0 0.0 1046.2932 338.581189513 None 1548.0
500.0 75.0 -1.0 1.0 -1.0 16.24
225.0 25.0 393.98406 215.95775336 None 579.9
240.0 90.0 302.87652 322.948098183 None 445.8
360.0 90.0 53.74398 80.5575177073 None 79.55
475.0 100.0 -1.0 1.0 -1.0 21.1
470.0 0.0 -1.0 1.0 -1.0 22.29
410.0 200.0 -1.0 1.0 -1.0 43.5
460.0 200.0 -1.0 1.0 -1.0 24.81
200.0 20.0 625.03101 263.20040226 None 923.1
380.0 250.0 41.694443 216.484725475 None 62.11
510.0 360.0 -1.0 1.0 -1.0 14.61
475.0 325.0 -1.0 1.0 -1.0 21.1
450.0 25.0 -1.0 1.0 -1.0 27.72
470.0 310.0 -1.0 1.0 -1.0 22.29
470.0 180.0 -1.0 1.0 -1.0 22.29
475.0 275.0 -1.0 1.0 -1.0 21.1
450.0 100.0 -1.0 1.0 -1.0 27.72
410.0 170.0 -1.0 1.0 -1.0 43.5
270.0 80.0 187.69212 161.203175783 None 277.2
310.0 190.0 104.45508 344.913184643 None 154.2
510.0 90.0 -1.0 1.0 -1.0 14.61
440.0 10.0 -1.0 1.0 -1.0 30.96
390.0 40.0 36.885123 73.0609670281 None 55.11
180.0 40.0 938.6256 461.387217045 None 1392.0
230.0 0.0 360.58085 166.797876358 None 530.5
410.0 260.0 -1.0 1.0 -1.0 43.5
430.0 50.0 -1.0 1.0 -1.0 34.58
400.0 270.0 33.04272 240.679636598 None 49.2
170.0 50.0 1161.2864 539.444983006 None 1724.0
420.0 300.0 -1.0 1.0 -1.0 38.81
500.0 110.0 -1.0 1.0 -1.0 16.24
480.0 380.0 -1.0 1.0 -1.0 20.04
290.0 150.0 138.375 270.382910967 None 205.0
350.0 25.0 61.238965 84.4873376191 None 90.55
380.0 20.0 41.694443 72.3493024707 None 62.11
450.0 320.0 -1.0 1.0 -1.0 27.72
420.0 290.0 -1.0 1.0 -1.0 38.81
480.0 170.0 -1.0 1.0 -1.0 20.04
400.0 70.0 33.04272 79.7114893794 None 49.2
290.0 70.0 138.375 113.688670099 None 205.0
430.0 220.0 -1.0 1.0 -1.0 34.58
500.0 200.0 -1.0 1.0 -1.0 16.24
310.0 180.0 104.45508 280.492722988 None 154.2
360.0 120.0 53.74398 86.5074843168 None 79.55
425.0 250.0 -1.0 1.0 -1.0 36.63
380.0 40.0 41.694443 86.2366110086 None 62.11
510.0 20.0 -1.0 1.0 -1.0 14.61
525.0 400.0 -1.0 1.0 -1.0 12.52
280.0 20.0 160.70145 107.303671539 None 237.9
410.0 300.0 -1.0 1.0 -1.0 43.5
300.0 10.0 119.51716 110.74604094 None 177.8
500.0 20.0 -1.0 1.0 -1.0 16.24
270.0 170.0 187.69212 543.593585491 None 277.2
420.0 130.0 -1.0 1.0 -1.0 38.81
525.0 0.0 -1.0 1.0 -1.0 12.52
470.0 290.0 -1.0 1.0 -1.0 22.29
250.0 130.0 255.76272 462.066918612 None 377.9
310.0 10.0 104.45508 107.492759824 None 154.2
290.0 120.0 138.375 154.92542088 None 205.0
460.0 350.0 -1.0 1.0 -1.0 24.81
240.0 40.0 302.87652 188.772499561 None 445.8
370.0 50.0 47.211234 88.3917286992 None 70.14
410.0 10.0 -1.0 1.0 -1.0 43.5
525.0 300.0 -1.0 1.0 -1.0 12.52
490.0 110.0 -1.0 1.0 -1.0 18.01
425.0 100.0 -1.0 1.0 -1.0 36.63
350.0 110.0 61.238965 91.6160717607 None 90.55
320.0 150.0 90.90855 156.317800283 None 134.5
430.0 270.0 -1.0 1.0 -1.0 34.58
400.0 40.0 33.04272 79.5318186283 None 49.2
230.0 110.0 360.58085 440.769582987 None 530.5
340.0 40.0 69.8467 91.2221223116 None 103.4
410.0 80.0 -1.0 1.0 -1.0 43.5
390.0 70.0 36.885123 75.2927362919 None 55.11
190.0 60.0 759.375 415.019989014 None 1125.0
370.0 180.0 47.211234 106.649436057 None 70.14
360.0 160.0 53.74398 114.941328764 None 79.55
175.0 75.0 1046.2932 791.136145592 None 1548.0
525.0 25.0 -1.0 1.0 -1.0 12.52
420.0 90.0 -1.0 1.0 -1.0 38.81
370.0 140.0 47.211234 100.823424757 None 70.14
500.0 40.0 -1.0 1.0 -1.0 16.24
290.0 40.0 138.375 108.994051814 None 205.0
430.0 320.0 -1.0 1.0 -1.0 34.58
400.0 260.0 33.04272 196.965605021 None 49.2
260.0 60.0 218.60927 169.744089246 None 322.1
230.0 10.0 360.58085 145.054534078 None 530.5
480.0 210.0 -1.0 1.0 -1.0 20.04
410.0 270.0 -1.0 1.0 -1.0 43.5
250.0 110.0 255.76272 303.563088179 None 377.9
510.0 10.0 -1.0 1.0 -1.0 14.61
470.0 140.0 -1.0 1.0 -1.0 22.29
490.0 190.0 -1.0 1.0 -1.0 18.01
230.0 50.0 360.58085 206.017836928 None 530.5
490.0 330.0 -1.0 1.0 -1.0 18.01
240.0 60.0 302.87652 178.32839489 None 445.8
400.0 230.0 33.04272 138.967975974 None 49.2
480.0 50.0 -1.0 1.0 -1.0 20.04
430.0 260.0 -1.0 1.0 -1.0 34.58
280.0 40.0 160.70145 123.191408813 None 237.9
440.0 80.0 -1.0 1.0 -1.0 30.96
350.0 75.0 61.238965 88.7894034386 None 90.55
170.0 70.0 1161.2864 804.199159145 None 1724.0
190.0 70.0 759.375 531.147420406 None 1125.0
490.0 120.0 -1.0 1.0 -1.0 18.01
420.0 10.0 -1.0 1.0 -1.0 38.81
450.0 70.0 -1.0 1.0 -1.0 27.72
370.0 160.0 47.211234 87.6749306917 None 70.14
510.0 370.0 -1.0 1.0 -1.0 14.61
260.0 80.0 218.60927 190.527558327 None 322.1
460.0 180.0 -1.0 1.0 -1.0 24.81
350.0 125.0 61.238965 98.7239293754 None 90.55
510.0 400.0 -1.0 1.0 -1.0 14.61
410.0 120.0 -1.0 1.0 -1.0 43.5
225.0 50.0 393.98406 209.064178169 None 579.9
340.0 110.0 69.8467 111.190699041 None 103.4
360.0 230.0 53.74398 285.302937031 None 79.55
400.0 110.0 33.04272 78.3475935459 None 49.2
360.0 130.0 53.74398 89.7806361318 None 79.55
380.0 210.0 41.694443 165.260136127 None 62.11
420.0 260.0 -1.0 1.0 -1.0 38.81
500.0 175.0 -1.0 1.0 -1.0 16.24
470.0 120.0 -1.0 1.0 -1.0 22.29
190.0 20.0 759.375 346.261739731 None 1125.0
430.0 330.0 -1.0 1.0 -1.0 34.58
510.0 200.0 -1.0 1.0 -1.0 14.61
400.0 150.0 33.04272 88.8858884573 None 49.2
210.0 40.0 514.8596 242.12436378 None 764.0
290.0 80.0 138.375 106.4369753 None 205.0
440.0 330.0 -1.0 1.0 -1.0 30.96
360.0 60.0 53.74398 80.5153474212 None 79.55
380.0 110.0 41.694443 75.7013782859 None 62.11
280.0 70.0 160.70145 139.407947659 None 237.9
475.0 50.0 -1.0 1.0 -1.0 21.1
460.0 300.0 -1.0 1.0 -1.0 24.81
460.0 90.0 -1.0 1.0 -1.0 24.81
490.0 220.0 -1.0 1.0 -1.0 18.01
480.0 300.0 -1.0 1.0 -1.0 20.04
240.0 80.0 302.87652 239.077419043 None 445.8
320.0 70.0 90.90855 105.823069811 None 134.5
400.0 20.0 33.04272 70.5232173204 None 49.2
470.0 70.0 -1.0 1.0 -1.0 22.29
350.0 20.0 61.238965 81.3744813204 None 90.55
330.0 140.0 79.242 105.263210833 None 117.5
500.0 370.0 -1.0 1.0 -1.0 16.24
310.0 30.0 104.45508 107.420146465 None 154.2
325.0 0.0 84.7125 92.1768993139 None 125.5
470.0 50.0 -1.0 1.0 -1.0 22.29
450.0 180.0 -1.0 1.0 -1.0 27.72
525.0 250.0 -1.0 1.0 -1.0 12.52
380.0 60.0 41.694443 83.778180182 None 62.11
400.0 140.0 33.04272 87.5842571259 None 49.2
480.0 290.0 -1.0 1.0 -1.0 20.04
490.0 150.0 -1.0 1.0 -1.0 18.01
470.0 100.0 -1.0 1.0 -1.0 22.29
525.0 200.0 -1.0 1.0 -1.0 12.52
490.0 10.0 -1.0 1.0 -1.0 18.01
470.0 270.0 -1.0 1.0 -1.0 22.29
480.0 250.0 -1.0 1.0 -1.0 20.04
150.0 10.0 1866.8448 648.053109646 None 2788.0
410.0 250.0 -1.0 1.0 -1.0 43.5
500.0 350.0 -1.0 1.0 -1.0 16.24
170.0 10.0 1161.2864 396.809607744 None 1724.0
490.0 320.0 -1.0 1.0 -1.0 18.01
425.0 325.0 -1.0 1.0 -1.0 36.63
440.0 140.0 -1.0 1.0 -1.0 30.96
310.0 40.0 104.45508 98.2014462352 None 154.2
330.0 30.0 79.242 88.0236849189 None 117.5
420.0 80.0 -1.0 1.0 -1.0 38.81
240.0 140.0 302.87652 681.562721729 None 445.8
460.0 310.0 -1.0 1.0 -1.0 24.81
425.0 200.0 -1.0 1.0 -1.0 36.63
330.0 80.0 79.242 96.7483669519 None 117.5
300.0 180.0 119.51716 412.891685963 None 177.8
450.0 170.0 -1.0 1.0 -1.0 27.72
440.0 250.0 -1.0 1.0 -1.0 30.96
275.0 100.0 173.6644 174.163073301 None 256.9
360.0 40.0 53.74398 77.3701965809 None 79.55
390.0 60.0 36.885123 78.8738951087 None 55.11
510.0 30.0 -1.0 1.0 -1.0 14.61
390.0 170.0 36.885123 99.9587625265 None 55.11
410.0 290.0 -1.0 1.0 -1.0 43.5
490.0 180.0 -1.0 1.0 -1.0 18.01
440.0 50.0 -1.0 1.0 -1.0 30.96
420.0 270.0 -1.0 1.0 -1.0 38.81
330.0 230.0 79.242 572.593152523 None 117.5
370.0 240.0 47.211234 290.477246046 None 70.14
450.0 280.0 -1.0 1.0 -1.0 27.72
370.0 150.0 47.211234 88.3281156421 None 70.14
275.0 175.0 173.6644 556.177616119 None 256.9
420.0 170.0 -1.0 1.0 -1.0 38.81
440.0 0.0 -1.0 1.0 -1.0 30.96
410.0 180.0 -1.0 1.0 -1.0 43.5
490.0 310.0 -1.0 1.0 -1.0 18.01
370.0 70.0 47.211234 81.9729566574 None 70.14
480.0 100.0 -1.0 1.0 -1.0 20.04
375.0 175.0 44.38435 110.47680676 None 65.95
300.0 70.0 119.51716 104.565657675 None 177.8
525.0 75.0 -1.0 1.0 -1.0 12.52
500.0 325.0 -1.0 1.0 -1.0 16.24
230.0 60.0 360.58085 195.405036211 None 530.5
300.0 175.0 119.51716 364.201501012 None 177.8
450.0 200.0 -1.0 1.0 -1.0 27.72
440.0 100.0 -1.0 1.0 -1.0 30.96
470.0 90.0 -1.0 1.0 -1.0 22.29
460.0 110.0 -1.0 1.0 -1.0 24.81
510.0 250.0 -1.0 1.0 -1.0 14.61
330.0 110.0 79.242 91.8301343918 None 117.5
510.0 270.0 -1.0 1.0 -1.0 14.61
280.0 50.0 160.70145 145.894542336 None 237.9
500.0 60.0 -1.0 1.0 -1.0 16.24
440.0 220.0 -1.0 1.0 -1.0 30.96
300.0 160.0 119.51716 218.353927135 None 177.8
280.0 120.0 160.70145 183.2870543 None 237.9
400.0 100.0 33.04272 82.6203897595 None 49.2
460.0 210.0 -1.0 1.0 -1.0 24.81
370.0 220.0 47.211234 224.285185337 None 70.14
450.0 350.0 -1.0 1.0 -1.0 27.72
400.0 275.0 33.04272 246.213026345 None 49.2
280.0 30.0 160.70145 148.414582014 None 237.9
220.0 70.0 430.09668 284.818738699 None 633.8
400.0 180.0 33.04272 98.5242649913 None 49.2
310.0 60.0 104.45508 94.9656069279 None 154.2
370.0 250.0 47.211234 335.108280182 None 70.14
480.0 220.0 -1.0 1.0 -1.0 20.04
390.0 30.0 36.885123 71.534357965 None 55.11
180.0 0.0 938.6256 332.61936903 None 1392.0
390.0 10.0 36.885123 68.0146813393 None 55.11
400.0 80.0 33.04272 72.4182128906 None 49.2
420.0 150.0 -1.0 1.0 -1.0 38.81
330.0 180.0 79.242 189.712777734 None 117.5
475.0 75.0 -1.0 1.0 -1.0 21.1
180.0 30.0 938.6256 416.945427656 None 1392.0
390.0 80.0 36.885123 82.2924301028 None 55.11
310.0 100.0 104.45508 137.203097343 None 154.2
490.0 380.0 -1.0 1.0 -1.0 18.01
430.0 280.0 -1.0 1.0 -1.0 34.58
380.0 200.0 41.694443 121.08360976 None 62.11
490.0 270.0 -1.0 1.0 -1.0 18.01
370.0 110.0 47.211234 72.4648237228 None 70.14
390.0 250.0 36.885123 215.076684952 None 55.11
330.0 190.0 79.242 189.706534147 None 117.5
260.0 50.0 218.60927 122.422598302 None 322.1
440.0 210.0 -1.0 1.0 -1.0 30.96
420.0 280.0 -1.0 1.0 -1.0 38.81
510.0 330.0 -1.0 1.0 -1.0 14.61
490.0 200.0 -1.0 1.0 -1.0 18.01
330.0 10.0 79.242 105.921983719 None 117.5
500.0 150.0 -1.0 1.0 -1.0 16.24
260.0 160.0 218.60927 626.574039459 None 322.1
270.0 60.0 187.69212 130.018934608 None 277.2
490.0 40.0 -1.0 1.0 -1.0 18.01
390.0 280.0 36.885123 389.122873545 None 55.11
310.0 140.0 104.45508 167.756736279 None 154.2
320.0 140.0 90.90855 148.233473301 None 134.5
300.0 200.0 119.51716 554.732918739 None 177.8
410.0 50.0 -1.0 1.0 -1.0 43.5
325.0 50.0 84.7125 99.6706448495 None 125.5
375.0 225.0 44.38435 187.02404201 None 65.95
425.0 275.0 -1.0 1.0 -1.0 36.63
425.0 175.0 -1.0 1.0 -1.0 36.63
160.0 0.0 1466.6672 333.739370108 None 2192.0
380.0 70.0 41.694443 72.2969025373 None 62.11
300.0 110.0 119.51716 156.488463283 None 177.8
240.0 10.0 302.87652 137.841328979 None 445.8
300.0 60.0 119.51716 150.698378682 None 177.8
360.0 190.0 53.74398 129.190430045 None 79.55
510.0 130.0 -1.0 1.0 -1.0 14.61
250.0 80.0 255.76272 173.518121243 None 377.9
475.0 175.0 -1.0 1.0 -1.0 21.1
480.0 310.0 -1.0 1.0 -1.0 20.04
250.0 140.0 255.76272 498.907953501 None 377.9
470.0 60.0 -1.0 1.0 -1.0 22.29
460.0 120.0 -1.0 1.0 -1.0 24.81
190.0 80.0 759.375 600.87531805 None 1125.0
450.0 260.0 -1.0 1.0 -1.0 27.72
500.0 50.0 -1.0 1.0 -1.0 16.24
450.0 120.0 -1.0 1.0 -1.0 27.72
510.0 40.0 -1.0 1.0 -1.0 14.61
490.0 390.0 -1.0 1.0 -1.0 18.01
350.0 250.0 61.238965 505.536496639 None 90.55
350.0 180.0 61.238965 123.771958053 None 90.55
220.0 120.0 430.09668 645.989179611 None 633.8
390.0 230.0 36.885123 155.523821712 None 55.11
440.0 110.0 -1.0 1.0 -1.0 30.96
490.0 0.0 -1.0 1.0 -1.0 18.01
400.0 30.0 33.04272 77.8381228447 None 49.2
420.0 40.0 -1.0 1.0 -1.0 38.81
225.0 75.0 393.98406 284.336864948 None 579.9
260.0 0.0 218.60927 127.11930275 None 322.1
350.0 190.0 61.238965 166.158929467 None 90.55
450.0 275.0 -1.0 1.0 -1.0 27.72
475.0 375.0 -1.0 1.0 -1.0 21.1
260.0 30.0 218.60927 150.325849652 None 322.1
340.0 80.0 69.8467 102.690339088 None 103.4
460.0 160.0 -1.0 1.0 -1.0 24.81
410.0 0.0 -1.0 1.0 -1.0 43.5
470.0 230.0 -1.0 1.0 -1.0 22.29
400.0 25.0 33.04272 74.1806700826 None 49.2
340.0 100.0 69.8467 100.422546268 None 103.4
350.0 240.0 61.238965 416.289806366 None 90.55
220.0 20.0 430.09668 204.301163554 None 633.8
110.0 0.0 5897.3187 1306.90264702 None 8827.0
400.0 210.0 33.04272 108.758814633 None 49.2
475.0 225.0 -1.0 1.0 -1.0 21.1
440.0 60.0 -1.0 1.0 -1.0 30.96
370.0 60.0 47.211234 79.0414512157 None 70.14
370.0 120.0 47.211234 97.3565801978 None 70.14
320.0 40.0 90.90855 107.753463089 None 134.5
375.0 150.0 44.38435 96.3094681501 None 65.95
275.0 25.0 173.6644 110.702186823 None 256.9
280.0 130.0 160.70145 246.087267995 None 237.9
425.0 300.0 -1.0 1.0 -1.0 36.63
490.0 90.0 -1.0 1.0 -1.0 18.01
425.0 50.0 -1.0 1.0 -1.0 36.63
430.0 70.0 -1.0 1.0 -1.0 34.58
330.0 210.0 79.242 392.082452774 None 117.5
480.0 70.0 -1.0 1.0 -1.0 20.04
290.0 180.0 138.375 454.597055912 None 205.0
480.0 230.0 -1.0 1.0 -1.0 20.04
470.0 210.0 -1.0 1.0 -1.0 22.29
420.0 190.0 -1.0 1.0 -1.0 38.81
290.0 30.0 138.375 124.13533777 None 205.0
500.0 380.0 -1.0 1.0 -1.0 16.24
480.0 130.0 -1.0 1.0 -1.0 20.04
420.0 160.0 -1.0 1.0 -1.0 38.81
320.0 10.0 90.90855 94.208188355 None 134.5
330.0 90.0 79.242 92.4828350544 None 117.5
510.0 70.0 -1.0 1.0 -1.0 14.61
510.0 410.0 -1.0 1.0 -1.0 14.61
260.0 10.0 218.60927 144.116908312 None 322.1
480.0 190.0 -1.0 1.0 -1.0 20.04
440.0 340.0 -1.0 1.0 -1.0 30.96
220.0 10.0 430.09668 169.545993209 None 633.8
370.0 200.0 47.211234 158.800914884 None 70.14
375.0 250.0 44.38435 275.796502829 None 65.95
420.0 140.0 -1.0 1.0 -1.0 38.81
410.0 140.0 -1.0 1.0 -1.0 43.5
220.0 50.0 430.09668 212.110519409 None 633.8
130.0 0.0 3158.8438 670.861423016 None 4753.0
320.0 50.0 90.90855 100.989438593 None 134.5
220.0 80.0 430.09668 284.618884325 None 633.8
380.0 120.0 41.694443 91.2402793765 None 62.11
490.0 260.0 -1.0 1.0 -1.0 18.01
160.0 50.0 1466.6672 724.203824997 None 2192.0
425.0 25.0 -1.0 1.0 -1.0 36.63
500.0 320.0 -1.0 1.0 -1.0 16.24
390.0 160.0 36.885123 99.5522141457 None 55.11
370.0 80.0 47.211234 85.881344974 None 70.14
390.0 50.0 36.885123 74.3911415339 None 55.11
220.0 90.0 430.09668 340.97969532 None 633.8
400.0 10.0 33.04272 68.2608708739 None 49.2
270.0 90.0 187.69212 142.945304513 None 277.2
225.0 0.0 393.98406 190.568841994 None 579.9
180.0 20.0 938.6256 347.453922033 None 1392.0
420.0 250.0 -1.0 1.0 -1.0 38.81
270.0 0.0 187.69212 143.677681684 None 277.2
450.0 330.0 -1.0 1.0 -1.0 27.72
480.0 90.0 -1.0 1.0 -1.0 20.04
440.0 90.0 -1.0 1.0 -1.0 30.96
260.0 70.0 218.60927 138.882398605 None 322.1
300.0 80.0 119.51716 127.483084798 None 177.8
420.0 60.0 -1.0 1.0 -1.0 38.81
220.0 100.0 430.09668 429.217785597 None 633.8
420.0 240.0 -1.0 1.0 -1.0 38.81
340.0 180.0 69.8467 166.309282184 None 103.4
430.0 0.0 -1.0 1.0 -1.0 34.58
400.0 280.0 33.04272 251.746416092 None 49.2
420.0 20.0 -1.0 1.0 -1.0 38.81
240.0 20.0 302.87652 152.790054679 None 445.8
290.0 20.0 138.375 105.21607846 None 205.0
330.0 200.0 79.242 324.08028841 None 117.5
270.0 140.0 187.69212 273.467719555 None 277.2
470.0 350.0 -1.0 1.0 -1.0 22.29
350.0 140.0 61.238965 128.928050399 None 90.55
525.0 50.0 -1.0 1.0 -1.0 12.52
280.0 150.0 160.70145 277.296245098 None 237.9
450.0 80.0 -1.0 1.0 -1.0 27.72
425.0 0.0 -1.0 1.0 -1.0 36.63
420.0 100.0 -1.0 1.0 -1.0 38.81
370.0 20.0 47.211234 72.1992775798 None 70.14
200.0 30.0 625.03101 286.831110716 None 923.1
300.0 20.0 119.51716 100.847922266 None 177.8
460.0 70.0 -1.0 1.0 -1.0 24.81
450.0 130.0 -1.0 1.0 -1.0 27.72
420.0 30.0 -1.0 1.0 -1.0 38.81
275.0 125.0 173.6644 224.170684814 None 256.9
410.0 60.0 -1.0 1.0 -1.0 43.5
300.0 100.0 119.51716 152.463406324 None 177.8
360.0 260.0 53.74398 509.559988976 None 79.55
470.0 130.0 -1.0 1.0 -1.0 22.29
300.0 50.0 119.51716 123.460248113 None 177.8
450.0 50.0 -1.0 1.0 -1.0 27.72
420.0 120.0 -1.0 1.0 -1.0 38.81
230.0 80.0 360.58085 283.854991198 None 530.5
180.0 10.0 938.6256 324.12725687 None 1392.0
200.0 80.0 625.03101 495.273828506 None 923.1
360.0 220.0 53.74398 256.636887789 None 79.55
325.0 125.0 84.7125 131.141647696 None 125.5
450.0 90.0 -1.0 1.0 -1.0 27.72
180.0 70.0 938.6256 736.872851849 None 1392.0
360.0 170.0 53.74398 115.006044507 None 79.55
270.0 160.0 187.69212 429.525613785 None 277.2
400.0 240.0 33.04272 158.915877342 None 49.2
470.0 330.0 -1.0 1.0 -1.0 22.29
500.0 100.0 -1.0 1.0 -1.0 16.24
140.0 40.0 2410.4511 1087.93699741 None 3609.0
410.0 100.0 -1.0 1.0 -1.0 43.5
350.0 130.0 61.238965 96.3232964277 None 90.55
480.0 270.0 -1.0 1.0 -1.0 20.04
430.0 150.0 -1.0 1.0 -1.0 34.58
410.0 190.0 -1.0 1.0 -1.0 43.5
470.0 360.0 -1.0 1.0 -1.0 22.29
480.0 160.0 -1.0 1.0 -1.0 20.04
475.0 350.0 -1.0 1.0 -1.0 21.1
360.0 10.0 53.74398 72.6382732391 None 79.55
240.0 100.0 302.87652 308.289170265 None 445.8
250.0 75.0 255.76272 175.500541925 None 377.9
340.0 200.0 69.8467 193.704396486 None 103.4
350.0 230.0 61.238965 374.022513628 None 90.55
280.0 80.0 160.70145 124.031186104 None 237.9
130.0 30.0 3158.8438 1203.50837708 None 4753.0
200.0 0.0 625.03101 214.148029685 None 923.1
500.0 270.0 -1.0 1.0 -1.0 16.24
330.0 50.0 79.242 98.3518511057 None 117.5
380.0 270.0 41.694443 371.287703514 None 62.11
375.0 125.0 44.38435 89.4806757569 None 65.95
500.0 190.0 -1.0 1.0 -1.0 16.24
260.0 90.0 218.60927 204.639881849 None 322.1
150.0 25.0 1866.8448 567.762553692 None 2788.0
460.0 330.0 -1.0 1.0 -1.0 24.81
430.0 60.0 -1.0 1.0 -1.0 34.58
330.0 70.0 79.242 96.6080799699 None 117.5
510.0 50.0 -1.0 1.0 -1.0 14.61
470.0 240.0 -1.0 1.0 -1.0 22.29
350.0 10.0 61.238965 83.8690623641 None 90.55
360.0 240.0 53.74398 305.493742228 None 79.55
375.0 25.0 44.38435 72.2886174917 None 65.95
230.0 70.0 360.58085 226.109907031 None 530.5
525.0 375.0 -1.0 1.0 -1.0 12.52
425.0 225.0 -1.0 1.0 -1.0 36.63
360.0 110.0 53.74398 94.8107019067 None 79.55
450.0 20.0 -1.0 1.0 -1.0 27.72
210.0 20.0 514.8596 237.710446119 None 764.0
310.0 120.0 104.45508 143.454268575 None 154.2
370.0 230.0 47.211234 182.074859738 None 70.14
310.0 200.0 104.45508 559.557378292 None 154.2
390.0 100.0 36.885123 79.3833211064 None 55.11
250.0 150.0 255.76272 467.185109854 None 377.9
210.0 100.0 514.8596 617.157042027 None 764.0
125.0 25.0 3690.0015 1203.31507921 None 5505.0
250.0 90.0 255.76272 189.109519124 None 377.9
480.0 20.0 -1.0 1.0 -1.0 20.04
290.0 110.0 138.375 166.088551283 None 205.0
325.0 100.0 84.7125 109.784338623 None 125.5
480.0 120.0 -1.0 1.0 -1.0 20.04
480.0 60.0 -1.0 1.0 -1.0 20.04
480.0 340.0 -1.0 1.0 -1.0 20.04
390.0 150.0 36.885123 107.290953398 None 55.11
420.0 0.0 -1.0 1.0 -1.0 38.81
290.0 170.0 138.375 363.63145709 None 205.0
350.0 175.0 61.238965 124.047122896 None 90.55
470.0 40.0 -1.0 1.0 -1.0 22.29
225.0 100.0 393.98406 459.285184741 None 579.9
410.0 90.0 -1.0 1.0 -1.0 43.5
440.0 70.0 -1.0 1.0 -1.0 30.96
250.0 125.0 255.76272 373.826146126 None 377.9
480.0 0.0 -1.0 1.0 -1.0 20.04
330.0 40.0 79.242 92.3787355423 None 117.5
400.0 75.0 33.04272 76.064851135 None 49.2
460.0 290.0 -1.0 1.0 -1.0 24.81
480.0 140.0 -1.0 1.0 -1.0 20.04
300.0 75.0 119.51716 116.024371237 None 177.8
425.0 75.0 -1.0 1.0 -1.0 36.63
340.0 60.0 69.8467 86.1783921719 None 103.4
170.0 20.0 1161.2864 362.978368998 None 1724.0
275.0 150.0 173.6644 310.191810131 None 256.9
370.0 30.0 47.211234 72.2279325128 None 70.14
260.0 20.0 218.60927 138.403743505 None 322.1
290.0 140.0 138.375 197.789445519 None 205.0
480.0 150.0 -1.0 1.0 -1.0 20.04
380.0 50.0 41.694443 74.1810128093 None 62.11
370.0 40.0 47.211234 73.9097893238 None 70.14
160.0 20.0 1466.6672 503.411769867 None 2192.0
150.0 20.0 1866.8448 548.041880131 None 2788.0
430.0 120.0 -1.0 1.0 -1.0 34.58
470.0 10.0 -1.0 1.0 -1.0 22.29
490.0 160.0 -1.0 1.0 -1.0 18.01
390.0 190.0 36.885123 105.741254985 None 55.11
160.0 60.0 1466.6672 824.643552303 None 2192.0
490.0 70.0 -1.0 1.0 -1.0 18.01
375.0 275.0 44.38435 590.357601643 None 65.95
340.0 240.0 69.8467 491.510033607 None 103.4
220.0 30.0 430.09668 210.338801146 None 633.8
380.0 10.0 41.694443 68.0444538593 None 62.11
400.0 200.0 33.04272 114.243723452 None 49.2
190.0 40.0 759.375 350.524783134 None 1125.0
180.0 50.0 938.6256 514.38087225 None 1392.0
350.0 160.0 61.238965 152.014002204 None 90.55
270.0 100.0 187.69212 174.096211791 None 277.2
430.0 90.0 -1.0 1.0 -1.0 34.58
340.0 20.0 69.8467 76.0838165879 None 103.4
340.0 50.0 69.8467 80.505669117 None 103.4
425.0 150.0 -1.0 1.0 -1.0 36.63
460.0 0.0 -1.0 1.0 -1.0 24.81
420.0 310.0 -1.0 1.0 -1.0 38.81
230.0 130.0 360.58085 777.459800243 None 530.5
370.0 190.0 47.211234 109.203755856 None 70.14
410.0 230.0 -1.0 1.0 -1.0 43.5
350.0 210.0 61.238965 189.08560276 None 90.55
380.0 220.0 41.694443 148.061186075 None 62.11
310.0 110.0 104.45508 134.372189641 None 154.2
260.0 120.0 218.60927 278.731733561 None 322.1
460.0 240.0 -1.0 1.0 -1.0 24.81
470.0 370.0 -1.0 1.0 -1.0 22.29
440.0 40.0 -1.0 1.0 -1.0 30.96
420.0 230.0 -1.0 1.0 -1.0 38.81
200.0 70.0 625.03101 349.625468254 None 923.1
400.0 300.0 33.04272 539.348065853 None 49.2
250.0 70.0 255.76272 177.482962608 None 377.9
290.0 160.0 138.375 333.657056093 None 205.0
400.0 170.0 33.04272 98.8071188331 None 49.2
290.0 10.0 138.375 107.947133482 None 205.0
500.0 130.0 -1.0 1.0 -1.0 16.24
500.0 390.0 -1.0 1.0 -1.0 16.24
450.0 10.0 -1.0 1.0 -1.0 27.72
480.0 30.0 -1.0 1.0 -1.0 20.04
240.0 130.0 302.87652 485.924422741 None 445.8
460.0 230.0 -1.0 1.0 -1.0 24.81
510.0 380.0 -1.0 1.0 -1.0 14.61
510.0 190.0 -1.0 1.0 -1.0 14.61
410.0 160.0 -1.0 1.0 -1.0 43.5
500.0 70.0 -1.0 1.0 -1.0 16.24
375.0 0.0 44.38435 73.7821012735 None 65.95
270.0 20.0 187.69212 122.695356607 None 277.2
310.0 160.0 104.45508 240.924939513 None 154.2
440.0 280.0 -1.0 1.0 -1.0 30.96
340.0 190.0 69.8467 185.997277498 None 103.4
380.0 230.0 41.694443 149.762898684 None 62.11
210.0 70.0 514.8596 296.293526888 None 764.0
470.0 280.0 -1.0 1.0 -1.0 22.29
470.0 20.0 -1.0 1.0 -1.0 22.29
380.0 170.0 41.694443 102.097325027 None 62.11
500.0 225.0 -1.0 1.0 -1.0 16.24
350.0 100.0 61.238965 97.3273292184 None 90.55
225.0 125.0 393.98406 711.724489927 None 579.9
480.0 350.0 -1.0 1.0 -1.0 20.04
460.0 190.0 -1.0 1.0 -1.0 24.81
200.0 90.0 625.03101 583.032250404 None 923.1
510.0 100.0 -1.0 1.0 -1.0 14.61
240.0 50.0 302.87652 179.811537266 None 445.8
250.0 10.0 255.76272 116.525553167 None 377.9
360.0 80.0 53.74398 73.8527625799 None 79.55
380.0 160.0 41.694443 104.818321764 None 62.11
180.0 60.0 938.6256 544.683098793 None 1392.0
340.0 220.0 69.8467 372.997522354 None 103.4
325.0 225.0 84.7125 588.675886393 None 125.5
460.0 340.0 -1.0 1.0 -1.0 24.81
290.0 60.0 138.375 147.340014577 None 205.0
430.0 240.0 -1.0 1.0 -1.0 34.58
525.0 350.0 -1.0 1.0 -1.0 12.52
400.0 290.0 33.04272 376.344561577 None 49.2
430.0 200.0 -1.0 1.0 -1.0 34.58
450.0 230.0 -1.0 1.0 -1.0 27.72
460.0 30.0 -1.0 1.0 -1.0 24.81
360.0 180.0 53.74398 130.592778325 None 79.55
390.0 270.0 36.885123 310.359716415 None 55.11
500.0 10.0 -1.0 1.0 -1.0 16.24
300.0 150.0 119.51716 205.503627658 None 177.8
450.0 110.0 -1.0 1.0 -1.0 27.72
460.0 280.0 -1.0 1.0 -1.0 24.81
340.0 70.0 69.8467 99.8359173536 None 103.4
490.0 50.0 -1.0 1.0 -1.0 18.01
200.0 10.0 625.03101 282.2907269 None 923.1
430.0 110.0 -1.0 1.0 -1.0 34.58
400.0 130.0 33.04272 74.4060873985 None 49.2
500.0 260.0 -1.0 1.0 -1.0 16.24
510.0 110.0 -1.0 1.0 -1.0 14.61
430.0 30.0 -1.0 1.0 -1.0 34.58
300.0 140.0 119.51716 216.028898954 None 177.8
510.0 220.0 -1.0 1.0 -1.0 14.61
450.0 190.0 -1.0 1.0 -1.0 27.72
525.0 275.0 -1.0 1.0 -1.0 12.52
260.0 110.0 218.60927 293.627351522 None 322.1
300.0 190.0 119.51716 427.393227816 None 177.8
390.0 110.0 36.885123 82.273080945 None 55.11
350.0 200.0 61.238965 196.185588837 None 90.55
430.0 290.0 -1.0 1.0 -1.0 34.58
310.0 0.0 104.45508 122.131645679 None 154.2
230.0 100.0 360.58085 489.352583885 None 530.5
440.0 20.0 -1.0 1.0 -1.0 30.96
330.0 160.0 79.242 144.983798265 None 117.5
400.0 220.0 33.04272 108.763076365 None 49.2
330.0 0.0 79.242 91.8423980474 None 117.5
490.0 100.0 -1.0 1.0 -1.0 18.01
320.0 20.0 90.90855 104.332663119 None 134.5
150.0 30.0 1866.8448 587.483227253 None 2788.0
220.0 60.0 430.09668 240.481227636 None 633.8
275.0 75.0 173.6644 126.698568463 None 256.9
325.0 200.0 84.7125 324.355393648 None 125.5
460.0 150.0 -1.0 1.0 -1.0 24.81
410.0 70.0 -1.0 1.0 -1.0 43.5
300.0 30.0 119.51716 110.481537879 None 177.8
270.0 30.0 187.69212 114.100702107 None 277.2
280.0 140.0 160.70145 274.721473455 None 237.9
470.0 260.0 -1.0 1.0 -1.0 22.29
425.0 125.0 -1.0 1.0 -1.0 36.63
450.0 160.0 -1.0 1.0 -1.0 27.72
230.0 20.0 360.58085 168.69597137 None 530.5
270.0 150.0 187.69212 343.087375164 None 277.2
130.0 10.0 3158.8438 933.982312679 None 4753.0
475.0 200.0 -1.0 1.0 -1.0 21.1
510.0 260.0 -1.0 1.0 -1.0 14.61
480.0 260.0 -1.0 1.0 -1.0 20.04
300.0 25.0 119.51716 105.664730072 None 177.8
460.0 360.0 -1.0 1.0 -1.0 24.81
500.0 240.0 -1.0 1.0 -1.0 16.24
480.0 320.0 -1.0 1.0 -1.0 20.04
450.0 240.0 -1.0 1.0 -1.0 27.72
510.0 210.0 -1.0 1.0 -1.0 14.61
490.0 60.0 -1.0 1.0 -1.0 18.01
260.0 100.0 218.60927 221.020832658 None 322.1
475.0 250.0 -1.0 1.0 -1.0 21.1
160.0 10.0 1466.6672 460.837334394 None 2192.0
490.0 30.0 -1.0 1.0 -1.0 18.01
380.0 80.0 41.694443 68.1378617883 None 62.11
450.0 75.0 -1.0 1.0 -1.0 27.72
510.0 60.0 -1.0 1.0 -1.0 14.61
290.0 90.0 138.375 120.994694531 None 205.0
470.0 150.0 -1.0 1.0 -1.0 22.29
250.0 0.0 255.76272 118.057154119 None 377.9
450.0 210.0 -1.0 1.0 -1.0 27.72
440.0 180.0 -1.0 1.0 -1.0 30.96
350.0 225.0 61.238965 321.476995945 None 90.55
490.0 210.0 -1.0 1.0 -1.0 18.01
450.0 225.0 -1.0 1.0 -1.0 27.72
350.0 90.0 61.238965 93.9266011119 None 90.55
510.0 80.0 -1.0 1.0 -1.0 14.61
340.0 0.0 69.8467 94.4549664855 None 103.4
310.0 70.0 104.45508 95.7913845778 None 154.2
510.0 230.0 -1.0 1.0 -1.0 14.61
180.0 80.0 938.6256 778.073132038 None 1392.0
450.0 325.0 -1.0 1.0 -1.0 27.72
330.0 20.0 79.242 90.3127640486 None 117.5
330.0 220.0 79.242 439.098656178 None 117.5
120.0 20.0 4284.4316 1203.12178135 None 6388.0
450.0 300.0 -1.0 1.0 -1.0 27.72
410.0 210.0 -1.0 1.0 -1.0 43.5
430.0 210.0 -1.0 1.0 -1.0 34.58
470.0 160.0 -1.0 1.0 -1.0 22.29
480.0 360.0 -1.0 1.0 -1.0 20.04
490.0 290.0 -1.0 1.0 -1.0 18.01
510.0 350.0 -1.0 1.0 -1.0 14.61
370.0 270.0 47.211234 592.543065548 None 70.14
400.0 190.0 33.04272 101.023159921 None 49.2
#END
title: #tilde{#chi}_{1}^{#pm} #tilde{#chi}_{2}^{0} #rightarrow WZ #tilde{#chi}_{1}^{0} #tilde{#chi}_{1}^{0}, Weakinos, 8 TeV, LO
Out file: TChiWZWeakinos.png
Root file: /home/lessa/SMS_database/8TeV/Weakinos8TeV/sms.root
Root tag: exclusion_TChiWZ: Official Exclusion
Kfactor: 1.2
