1075.0 375.0 38.535955 26.9306742222
950.0 750.0 106.540428 637.836088889
1525.0 675.0 1.165293 5.50241475556
1375.0 950.0 3.652693 122.821155556
1525.0 1175.0 1.155911 162.213242982
1150.0 650.0 21.831508 53.1050537778
375.0 75.0 46018.002606 1729.35
1350.0 225.0 4.471313 4.94209653333
1300.0 375.0 6.51314 221.434696933
1725.0 1350.0 -1.0 1.0
1075.0 850.0 38.64192 208.53556
1225.0 500.0 11.766679 18.1061928889
1550.0 550.0 0.967726 3.41247448889
1425.0 875.0 2.520166 39.1380208889
100.0 0.0 -1.0 1.0
1475.0 900.0 1.726221 34.8481502222
1325.0 275.0 5.376042 7.74516
950.0 825.0 106.665737 1324.49884
225.0 50.0 625390.863432 53583651.8924
900.0 325.0 161.737217 247.070438222
1250.0 975.0 9.553203 205.929711111
1275.0 1025.0 7.782175 237.252737778
1675.0 575.0 0.381206 2.94298026667
1175.0 675.0 17.611218 56.0865871111
1775.0 1325.0 -1.0 1.0
1275.0 725.0 7.800252 36.9640431111
1625.0 800.0 0.544792 6.0982356
1625.0 775.0 0.542047 5.5028804
1700.0 1250.0 -1.0 1.0
950.0 100.0 106.521615 22.1671715556
1325.0 775.0 5.297546 35.55584
850.0 375.0 259.042105 305.671104889
1675.0 375.0 0.376533 2.41495128889
800.0 475.0 404.727471 622.434915556
925.0 775.0 131.208027 514.385
1275.0 150.0 7.961453 10.5818077333
1600.0 650.0 0.657846 3.73846444444
1200.0 0.0 14.20339 14.7147
1075.0 500.0 38.629401 48.8342786667
1250.0 375.0 9.589111 13.4856292444
1675.0 1175.0 0.377196 55.3785184211
250.0 50.0 378250.425 10048743.0429
1250.0 325.0 9.613336 11.0911192444
1450.0 1275.0 -1.0 1.0
1375.0 1325.0 -1.0 1.0
1500.0 375.0 1.417904 375.445399733
525.0 450.0 6638.15632 4282.69893333
1600.0 175.0 0.663044 2.2903504
975.0 25.0 87.339262 90.556208
1525.0 1375.0 -1.0 1.0
1450.0 525.0 2.067931 4.02034004444
1350.0 300.0 4.472452 3.75084
1525.0 275.0 1.157609 2.50237262222
1050.0 300.0 46.511942 25.2453
1275.0 900.0 7.75636 113.9108
125.0 25.0 8470044.0 2237731040.2
1150.0 450.0 21.428521 24.7419231111
1275.0 1250.0 -1.0 1.0
1250.0 1175.0 9.54354 1843.30049351
825.0 625.0 328.596596 624.880324444
1125.0 75.0 25.899712 16.1393
1725.0 1075.0 0.266368 21.9769977778
850.0 175.0 257.873326 259.05824
1600.0 200.0 0.644202 2.32346697778
1700.0 125.0 0.302596 2.24817106667
1175.0 550.0 17.712832 30.7079893333
525.0 75.0 6722.3928 840.143
1700.0 225.0 0.317589 2.29885191111
675.0 400.0 1351.992269 1109.26232889
1650.0 600.0 0.451661 3.29705
1675.0 200.0 0.384745 2.29031524444
950.0 225.0 105.947306 64.7276928889
625.0 50.0 2226.942981 312.926884444
450.0 250.0 16423.37802 7967.49244444
1400.0 300.0 3.048607 258.465458044
1375.0 475.0 3.730925 4.57271666667
975.0 0.0 87.07378 127.38825
375.0 225.0 46316.302263 18504.0
950.0 550.0 105.460963 144.29944
575.0 325.0 3765.046977 1899.44253333
925.0 575.0 131.033531 194.14344
875.0 125.0 205.393684 246.979333333
775.0 50.0 508.68947 260.98188
675.0 50.0 1343.31938 312.907217778
1200.0 800.0 14.114635 111.096755556
1475.0 325.0 1.706034 503.167076489
1750.0 1400.0 -1.0 1.0
775.0 275.0 507.678958 326.667044444
500.0 425.0 8985.374414 5338.50226667
1675.0 550.0 0.379513 2.7720756
1100.0 25.0 31.710099 16.221564
1725.0 250.0 0.254164 2.30468297778
700.0 475.0 1047.651091 753.10132
1075.0 775.0 38.703862 216.761
875.0 100.0 206.684188 172.155077778
1425.0 1075.0 2.527794 142.312062222
1175.0 525.0 17.745132 26.4467373333
1550.0 25.0 1.00064 2.21308751111
550.0 450.0 4962.060064 3417.52986667
1750.0 1025.0 0.21539 10.6404158222
1500.0 275.0 1.399981 2.67050653333
1675.0 525.0 0.382951 2.7308776
1375.0 975.0 3.658669 171.881277778
1150.0 250.0 21.340844 16.6846
1800.0 325.0 0.14168 2.2880864
250.0 100.0 380049.657776 39760.2666667
1650.0 1400.0 -1.0 1.0
1525.0 950.0 1.159653 31.2952084444
1525.0 75.0 1.191202 2.39517168889
1550.0 600.0 0.966921 3.75866448889
1600.0 1000.0 0.662896 28.0426666667
1225.0 1200.0 -1.0 1.0
1550.0 1000.0 0.953639 30.5806857778
1500.0 1325.0 -1.0 1.0
1450.0 650.0 2.096244 6.90968213333
1425.0 650.0 2.514328 8.59091173333
1250.0 75.0 9.389899 14.4030417778
1400.0 175.0 3.085769 2.8762272
1050.0 25.0 47.506432 17.2030866667
900.0 450.0 161.575536 142.076
975.0 100.0 88.786931 20.9214191111
1625.0 100.0 0.53941 2.19111093333
850.0 725.0 257.942273 954.062986667
1350.0 175.0 4.544956 3.69100551111
700.0 225.0 1047.808731 253.709675556
1500.0 1250.0 -1.0 1.0
1600.0 1325.0 -1.0 1.0
1625.0 25.0 0.53757 2.14676351111
1800.0 825.0 0.141887 4.14299066667
925.0 200.0 130.123597 138.476259556
1600.0 125.0 0.667212 2.19448426667
900.0 550.0 160.19338 212.941746667
1575.0 200.0 0.795575 2.37279693333
1800.0 200.0 0.143383 2.27826515556
1800.0 900.0 0.143523 5.36907
1600.0 525.0 0.663454 3.03425964444
1675.0 1050.0 0.379637 27.6448031111
1125.0 425.0 26.009396 25.1978084444
275.0 175.0 236207.582336 6461.81208889
1750.0 0.0 0.213875 2.16522666667
1725.0 325.0 0.252203 2.30067795556
350.0 275.0 66454.967872 34452.4853333
1525.0 50.0 1.201302 2.31770417778
375.0 300.0 46545.105323 27300.9186667
1550.0 1025.0 0.952715 34.4961453333
1725.0 600.0 0.26303 2.7491004
250.0 200.0 382313.4032 88444800.0
625.0 75.0 2258.100748 276.903102222
1450.0 1025.0 2.12311 78.7930826667
1700.0 250.0 0.310971 2.30089928889
475.0 425.0 12030.667584 16745.8
1200.0 550.0 14.38496 23.1193786667
1475.0 225.0 1.748378 2.66852453333
1275.0 500.0 7.856317 12.9438395556
825.0 200.0 325.171533 265.966377778
225.0 75.0 628009.347352 51116.6
1400.0 1200.0 3.077285 409.700666667
925.0 875.0 131.320108 2103.36
1825.0 1000.0 0.121935 6.9435272
1400.0 750.0 2.990659 16.3502657778
1425.0 675.0 2.506319 9.49063
750.0 350.0 640.763656 489.689991111
1325.0 200.0 5.482922 6.16601986667
1625.0 1300.0 -1.0 1.0
1700.0 525.0 0.317917 2.7482288
925.0 625.0 131.531799 264.292
1200.0 100.0 14.351785 15.0187831111
1750.0 1300.0 -1.0 1.0
1300.0 875.0 6.34147 90.6381555556
300.0 200.0 152035.68 18878.7187556
1575.0 1275.0 -1.0 1.0
1225.0 550.0 11.815808 17.865056
1575.0 1400.0 -1.0 1.0
1825.0 25.0 0.122368 2.19323
1625.0 1075.0 0.550573 38.2637106667
1600.0 575.0 0.66358 3.23520133333
1375.0 25.0 3.810327 2.71117666667
1650.0 875.0 0.454598 7.25262368889
1725.0 75.0 0.254902 2.27315
1775.0 875.0 0.175151 5.07693666667
525.0 350.0 6633.999211 4265.07262222
1025.0 350.0 57.724109 32.3569093333
1825.0 800.0 0.119222 3.69514942222
1550.0 525.0 0.963873 3.30436137778
1250.0 1125.0 9.571978 1486.57772889
675.0 600.0 1344.242951 2205.548
1800.0 375.0 0.14386 2.3940592
1100.0 550.0 31.697406 59.0269684444
1575.0 1375.0 -1.0 1.0
750.0 600.0 647.855728 915.892
925.0 650.0 131.297392 541.040453333
675.0 275.0 1338.035623 515.472266667
1750.0 600.0 0.215716 2.74377395556
1775.0 325.0 0.169983 2.2846128
1675.0 250.0 0.383546 2.2926388
1575.0 1025.0 0.787661 32.9696191111
450.0 25.0 16538.648226 1432.87241778
1725.0 50.0 0.259185 2.26423568889
1225.0 700.0 11.769954 46.068364
1500.0 250.0 1.393656 2.64887306667
900.0 0.0 165.621045 237.841
875.0 450.0 202.974712 234.021302222
1100.0 225.0 31.648317 17.8578044444
850.0 800.0 258.605811 1882.2
1100.0 250.0 31.780638 18.5766328889
700.0 600.0 1047.643917 2000.53978667
1625.0 50.0 0.531766 2.15110693333
425.0 325.0 22804.976017 13246.7040889
1075.0 900.0 38.541919 535.347773333
1750.0 100.0 0.212062 2.29934
1750.0 700.0 0.213162 3.24960666667
1200.0 275.0 14.365632 16.6041813333
1225.0 600.0 11.748184 32.8561297778
800.0 625.0 408.138572 715.573328889
950.0 425.0 105.867656 89.181256
1475.0 950.0 1.717284 40.1888066667
1075.0 200.0 38.367551 18.3796377778
1450.0 550.0 2.069437 4.31911666667
1350.0 875.0 4.450768 71.4020555556
300.0 0.0 151326.82736 8907.81
975.0 75.0 88.855238 20.2378
1025.0 325.0 57.733101 30.5989951111
1250.0 875.0 9.581856 117.8208
1150.0 800.0 21.683207 150.530555556
725.0 125.0 821.801973 288.84
650.0 200.0 1743.64549 336.644333333
650.0 0.0 1731.142318 335.102
500.0 150.0 8937.198847 4342182.7467
1775.0 225.0 0.169087 2.26278182222
1275.0 550.0 7.890545 13.5015297778
1150.0 75.0 21.540157 15.7013026667
1825.0 900.0 0.120707 5.02047368889
1025.0 1000.0 -1.0 1.0
925.0 525.0 130.327209 153.626404444
1175.0 375.0 17.690482 19.7497746667
1675.0 0.0 0.378692 2.17506166667
1150.0 350.0 21.501144 19.5466746667
1200.0 975.0 14.093462 285.538453333
1150.0 225.0 21.378238 16.4085431111
275.0 125.0 236860.810272 28403.9333333
850.0 475.0 259.368502 346.82608
750.0 675.0 648.415976 2065.54546667
675.0 0.0 1338.373697 317.6065
525.0 275.0 6677.54632 2144.69497778
1425.0 250.0 2.530677 130.699389022
375.0 150.0 46035.370828 5727.222
1350.0 1025.0 4.413133 198.522742222
1375.0 500.0 3.74893 5.35855484444
1250.0 700.0 9.501471 38.8933097778
1800.0 500.0 0.14523 2.4789852
875.0 275.0 203.029928 270.966666667
1500.0 1175.0 1.402484 201.243413333
450.0 350.0 16547.834487 9637.01075556
1800.0 1200.0 0.145481 29.5184
1725.0 750.0 0.257296 3.93303093333
775.0 25.0 511.982013 258.902
1675.0 800.0 0.378736 4.66852493333
1500.0 1275.0 -1.0 1.0
1475.0 1375.0 -1.0 1.0
1400.0 1150.0 3.065972 354.197493333
1475.0 550.0 1.729896 4.05145964444
875.0 600.0 202.518411 345.094373333
1050.0 925.0 46.207915 1021.33884444
1475.0 300.0 1.710294 254.682696533
1475.0 1325.0 -1.0 1.0
1700.0 1025.0 0.315869 14.6777426667
275.0 0.0 234293.148832 49171423.175
1125.0 675.0 25.880639 82.0861
700.0 650.0 1049.139 2016.57
1775.0 400.0 0.172518 2.43053262222
1725.0 1300.0 -1.0 1.0
1450.0 925.0 2.141744 42.384948
1000.0 775.0 71.017835 429.3938
525.0 325.0 6675.788318 3670.66524444
1350.0 100.0 4.538618 6.57952871111
425.0 375.0 22897.506685 23911.5333333
1575.0 75.0 0.804312 2.12099
1175.0 650.0 17.601708 40.1052973333
1300.0 50.0 6.573546 9.45087648889
1650.0 150.0 0.452225 2.27966
1100.0 1050.0 31.483435 3304.09333333
1175.0 175.0 17.7383 15.5992528889
700.0 325.0 1045.424242 577.3344
1650.0 775.0 0.453537 4.7040552
500.0 400.0 9002.471328 5530.76262222
1075.0 350.0 38.407425 25.4470204444
1625.0 1000.0 0.549124 23.0267764444
1675.0 75.0 0.369605 2.22717471111
1250.0 0.0 9.66924 10.7344333333
1150.0 1000.0 21.508153 618.147333333
475.0 200.0 11999.61469 6484663.694
1550.0 800.0 0.968852 8.28774666667
1050.0 100.0 47.066091 18.1558115556
1425.0 1125.0 2.529984 252.264
1275.0 375.0 7.839802 8.58616
1175.0 225.0 17.863761 16.1971862222
575.0 100.0 3768.921087 573.843586667
1425.0 75.0 2.53979 2.58573
1350.0 1100.0 4.437842 284.173422222
1225.0 200.0 11.676725 15.7612573333
1650.0 550.0 0.454697 2.89779266667
1250.0 25.0 9.539363 12.0912484444
1575.0 800.0 0.786706 7.50815662222
1750.0 1250.0 -1.0 1.0
1575.0 1125.0 0.788489 73.4317
1675.0 1125.0 0.378083 43.1771977778
1350.0 1200.0 4.438438 497.176
625.0 225.0 2249.048592 640.094248889
1325.0 300.0 5.375573 5.74246786667
1175.0 75.0 17.784471 15.2633053333
625.0 500.0 2251.155252 1519.93164444
1725.0 225.0 0.257934 2.30527
1550.0 175.0 0.977483 2.34700693333
1750.0 225.0 0.208022 2.28402591111
1425.0 1375.0 -1.0 1.0
1650.0 575.0 0.453389 3.09742133333
1275.0 575.0 7.850868 14.7965595556
1650.0 625.0 0.450214 3.39366888889
1675.0 50.0 0.365716 2.21855902222
1450.0 775.0 2.119653 12.616232
900.0 100.0 162.989676 97.5874888889
1125.0 150.0 25.915924 16.396316
900.0 150.0 162.562741 247.236
575.0 500.0 3783.776703 2593.07226667
1400.0 825.0 3.001466 34.0810702222
475.0 100.0 11961.256032 1332.14992
1750.0 1225.0 -1.0 1.0
1125.0 325.0 26.139919 20.8088075556
1075.0 750.0 38.72596 208.804426667
675.0 625.0 1345.098368 2071.00666667
850.0 125.0 258.38871 250.596711111
1000.0 200.0 71.447307 22.959476
900.0 300.0 161.438142 273.264
1450.0 75.0 2.097539 2.53329195556
1400.0 675.0 2.979802 11.1909550667
175.0 100.0 1852477.2 517174597.8
1150.0 1100.0 21.511888 2628.8
1275.0 75.0 7.930108 14.261
800.0 100.0 402.556739 256.910271111
1675.0 350.0 0.37382 2.36733897778
1675.0 1200.0 0.37663 63.5609
1275.0 450.0 7.835551 14.5020696
475.0 175.0 11963.800704 8683723.35
1550.0 1050.0 0.95572 51.4833524444
725.0 700.0 -1.0 1.0
1400.0 475.0 3.003648 4.24228484444
1825.0 550.0 0.121241 2.4879428
800.0 725.0 408.493262 1721.6584
900.0 775.0 161.728063 1135.81928889
1525.0 775.0 1.168125 8.77825333333
550.0 225.0 4922.170587 1157.27384889
1725.0 400.0 0.254849 2.42332724444
1225.0 25.0 11.607515 14.5634666667
1625.0 350.0 0.538589 2.42725586667
450.0 275.0 16463.962509 7209.39622222
1800.0 650.0 0.142602 2.77862142222
1625.0 650.0 0.537573 3.40957333333
1225.0 900.0 11.606308 124.550933333
1100.0 100.0 31.809921 16.792344
100.0 25.0 -1.0 1.0
925.0 675.0 131.266344 817.788906667
850.0 825.0 -1.0 1.0
1500.0 625.0 1.409567 4.8913644
1125.0 1025.0 25.935154 1122.0532
1725.0 275.0 0.250646 2.30409595556
550.0 500.0 4946.695369 5559.95
1750.0 900.0 0.215181 5.45744511111
1675.0 1150.0 0.378114 46.666016
975.0 900.0 88.299317 2448.2968
1250.0 575.0 9.544294 16.1871226667
1350.0 0.0 4.535441 2.7739
325.0 300.0 99732.034416 49720.556
1250.0 1025.0 9.577726 259.315773333
750.0 125.0 644.743803 278.400746667
250.0 75.0 381050.45076 2526336.42978
1100.0 1000.0 31.551107 1162.0632
1825.0 75.0 0.121372 2.23087746667
1075.0 950.0 38.695464 919.407884444
1650.0 125.0 0.451331 2.24400093333
1375.0 425.0 3.740393 844.943833689
325.0 50.0 99989.87208 7039.39453333
1500.0 950.0 1.401715 35.6191155556
950.0 325.0 106.115983 154.796147556
825.0 75.0 323.515897 246.466
1000.0 750.0 71.029906 290.809631111
575.0 125.0 3756.941594 590.819
1275.0 300.0 7.866733 9.9641072
1200.0 1000.0 14.112413 343.877697778
325.0 275.0 99338.349254 44944.7
1275.0 475.0 7.826978 13.6811791111
1675.0 1075.0 0.381247 33.0954333333
650.0 150.0 1746.947099 275.935222222
1750.0 400.0 0.211482 2.41206333333
1425.0 175.0 2.531859 2.6629144
1125.0 200.0 25.921183 16.5651711111
1175.0 900.0 17.431224 196.47184
775.0 675.0 506.573627 1451.98232444
1200.0 775.0 14.123081 90.8941777778
700.0 50.0 1036.706141 298.146035556
975.0 375.0 87.469174 45.3979
1825.0 100.0 0.122207 2.2705924
1550.0 775.0 0.969278 7.99866328889
525.0 50.0 6727.352315 746.794284444
1650.0 250.0 0.453098 2.34761951111
1525.0 350.0 1.148334 2.60864128889
1575.0 50.0 0.816023 2.15346417778
800.0 675.0 407.861304 1019.49866222
1400.0 1350.0 -1.0 1.0
800.0 200.0 408.826333 270.890333333
1750.0 1175.0 0.2153 35.9706573333
650.0 325.0 1727.561313 912.510222222
1150.0 150.0 21.336326 15.8321831111
1750.0 1000.0 0.213223 7.98736333333
1600.0 350.0 0.650697 2.45320168889
1400.0 500.0 2.998676 4.42044333333
1500.0 1125.0 1.40526 122.27332
1575.0 650.0 0.792378 4.12975071111
1775.0 725.0 0.171475 3.30143333333
1525.0 1050.0 1.163332 66.0816262222
925.0 75.0 130.243926 93.7419413333
1500.0 200.0 1.410351 2.41274786667
1600.0 800.0 0.657152 6.73239373333
1000.0 150.0 71.439262 21.0412782222
1275.0 1000.0 7.76039 216.159368889
1525.0 450.0 1.156472 3.06796804444
1275.0 625.0 7.835413 24.2930208889
1675.0 1350.0 -1.0 1.0
150.0 100.0 3760911.0 1222294743.42
1675.0 1300.0 -1.0 1.0
1600.0 1150.0 0.661923 72.4109333333
400.0 300.0 32277.490796 17258.8324444
525.0 250.0 6652.079127 1757.37248889
1675.0 125.0 0.37653 2.26045515556
650.0 250.0 1734.531597 575.402266667
1325.0 125.0 5.457127 6.79730666667
1725.0 850.0 0.262588 4.91713968889
1125.0 225.0 26.102811 16.6199
1800.0 1375.0 -1.0 1.0
1325.0 750.0 5.278315 29.1250168889
925.0 175.0 130.964979 173.487433333
425.0 150.0 22643.388028 6543194.17089
825.0 750.0 328.149468 1720.5784
1475.0 50.0 1.730677 2.41787253333
1400.0 900.0 3.028815 57.6148208889
1425.0 25.0 2.58155 2.53205702222
1200.0 950.0 14.115466 233.649302222
1525.0 100.0 1.185752 2.4389592
850.0 0.0 259.614604 246.934
550.0 400.0 4948.704244 3681.72
1100.0 750.0 31.628478 175.363853333
1550.0 675.0 0.973261 5.03799737778
475.0 225.0 12006.477692 4285604.038
1600.0 750.0 0.656653 5.6584872
1025.0 550.0 57.544594 92.3181737778
1475.0 775.0 1.738154 11.4053657778
1725.0 150.0 0.25182 2.24280773333
1575.0 975.0 0.789438 25.1387
1600.0 600.0 0.666767 3.26525266667
875.0 700.0 203.6455 746.18632
825.0 250.0 324.976616 277.598022222
1525.0 500.0 1.16711 3.34090471111
1525.0 25.0 1.203418 2.24023666667
575.0 550.0 -1.0 1.0
750.0 250.0 638.607727 291.264435556
1800.0 1325.0 -1.0 1.0
1675.0 625.0 0.382433 3.26396
1600.0 100.0 0.650947 2.17388
575.0 425.0 3791.04815 2503.96
1175.0 1050.0 17.527003 961.676515556
1425.0 1200.0 2.537197 365.963
700.0 75.0 1038.454104 297.082351111
1300.0 650.0 6.32315 17.8749057778
850.0 400.0 259.916256 288.135333333
1750.0 825.0 0.214522 4.37611022222
1175.0 475.0 17.628377 24.683604
1200.0 475.0 14.442966 21.325552
1475.0 250.0 1.726481 2.81902653333
600.0 50.0 2857.674413 351.591506667
1750.0 1150.0 0.215379 30.8962
1325.0 925.0 5.311986 100.887704444
800.0 650.0 408.301168 696.640666667
1500.0 300.0 1.397328 2.69214
550.0 175.0 4959.759913 764.02272
1700.0 1350.0 -1.0 1.0
1600.0 975.0 0.660997 21.2130435556
1450.0 125.0 2.105353 2.50783475556
1525.0 300.0 1.137721 2.59872964444
1200.0 1125.0 14.053308 2249.36453333
1225.0 525.0 11.781859 17.9037524444
1050.0 550.0 46.634579 84.4107808889
700.0 450.0 1046.88524 672.505395556
1050.0 1025.0 -1.0 1.0
800.0 0.0 404.788592 256.027
1500.0 650.0 1.410884 5.3617188
1800.0 625.0 0.141905 2.80142071111
1275.0 50.0 7.901719 11.9400151111
1225.0 950.0 11.597094 184.198044444
1400.0 775.0 2.99547 20.6857368889
975.0 650.0 87.323313 246.84812
1375.0 850.0 3.652773 45.54966
1050.0 600.0 46.688409 74.5427
1650.0 975.0 0.448472 13.3617306667
1500.0 700.0 1.406873 7.19062391111
1700.0 850.0 0.312616 5.22815604444
1100.0 475.0 31.35898 34.1922453333
1375.0 175.0 3.734711 3.08954
1225.0 725.0 11.753778 55.2044764444
600.0 25.0 2845.089069 360.842253333
1750.0 175.0 0.211452 2.2374444
1500.0 25.0 1.419833 2.34271195556
1350.0 675.0 4.37912 14.6664586667
1625.0 600.0 0.532861 3.28115133333
1375.0 1075.0 3.674052 209.654666667
1475.0 575.0 1.729219 4.37006333333
1450.0 750.0 2.117806 11.4717572444
1750.0 775.0 0.212032 3.9880776
1800.0 1300.0 -1.0 1.0
1225.0 1100.0 11.667325 1558.34339556
1175.0 300.0 17.923352 17.3828146667
1425.0 925.0 2.530861 55.9398777778
350.0 0.0 67367.265728 6288.27
1225.0 125.0 11.695146 14.7491518222
1650.0 50.0 0.437241 2.18702684444
1350.0 650.0 4.417981 13.7351724444
1775.0 1300.0 -1.0 1.0
1100.0 175.0 31.633683 17.0870044444
1150.0 725.0 21.79199 100.484328889
725.0 425.0 823.899855 963.489333333
1575.0 1350.0 -1.0 1.0
1375.0 400.0 3.736161 1070.3670608
1575.0 1250.0 -1.0 1.0
1800.0 1125.0 0.14583 18.0406733333
1575.0 400.0 0.785277 2.57289471111
1775.0 175.0 0.172451 2.27387848889
1700.0 700.0 0.314832 3.63290062222
1225.0 1125.0 11.648576 2349.15045778
1675.0 700.0 0.381524 3.76424
775.0 575.0 505.026034 660.800733333
1200.0 175.0 14.19514 15.6106097778
1100.0 825.0 31.783819 186.643773333
950.0 725.0 106.439785 957.930466667
775.0 175.0 507.690868 275.408666667
675.0 175.0 1335.783054 242.676248889
875.0 375.0 203.633994 250.177209778
1500.0 925.0 1.400543 33.8457577778
975.0 850.0 88.111898 1143.29026667
1025.0 950.0 57.495661 1858.69586667
1775.0 850.0 0.174823 4.56582755556
975.0 800.0 88.006346 433.860506667
650.0 575.0 1730.362644 2061.898
1275.0 525.0 7.872346 12.2065
1425.0 1400.0 -1.0 1.0
1675.0 850.0 0.37869 5.6912956
1450.0 825.0 2.112752 24.1061395556
1675.0 225.0 0.382964 2.29243382222
1500.0 1375.0 -1.0 1.0
1200.0 50.0 14.301582 14.7884386667
1550.0 400.0 0.951031 2.52711275556
1575.0 150.0 0.809413 2.3513304
1675.0 450.0 0.376915 2.60196057778
800.0 500.0 404.678872 525.018666667
1775.0 1175.0 0.176347 30.2073
1050.0 800.0 46.422993 244.642262222
600.0 450.0 2890.442568 1326.2
1550.0 250.0 0.9573 2.42090595556
1125.0 350.0 25.996702 21.1041537778
1525.0 1000.0 1.160255 34.59614
1700.0 450.0 0.312615 2.54505115556
1025.0 925.0 57.594477 1514.32902222
1625.0 550.0 0.539397 3.05147133333
1725.0 900.0 0.263325 5.76607906667
625.0 475.0 2254.441034 1273.69666667
1475.0 1100.0 1.70756 120.03232
1150.0 700.0 21.814932 78.2879333333
1650.0 1000.0 0.44709 18.0108862222
400.0 375.0 32440.689874 27261.2666667
1200.0 200.0 14.273865 15.7982195556
725.0 375.0 825.186205 703.837991111
125.0 0.0 -1.0 1.0
675.0 125.0 1344.541016 222.771555556
1175.0 575.0 17.656585 39.7675
675.0 425.0 1352.217408 1196.54465778
1825.0 875.0 0.120927 4.63557404444
1725.0 25.0 0.259496 2.25532137778
1375.0 875.0 3.6406 59.1607542222
950.0 500.0 105.71657 122.736666667
200.0 25.0 1104912.838 151894613.026
1500.0 900.0 1.390922 32.0724
725.0 525.0 824.365678 733.704995556
1475.0 650.0 1.723165 5.6901632
950.0 150.0 106.590534 97.2711048889
750.0 150.0 644.129109 279.927
1450.0 1225.0 -1.0 1.0
1325.0 675.0 5.307028 17.0303391111
875.0 525.0 201.969614 262.608631111
1150.0 425.0 21.42103 23.0640782222
800.0 175.0 407.256615 270.484711111
1450.0 800.0 2.120598 18.1665457778
1725.0 425.0 0.253034 2.45573448889
1775.0 1100.0 0.176378 16.7345066667
1050.0 150.0 46.861754 18.1854
1325.0 1300.0 -1.0 1.0
1225.0 75.0 11.767765 14.5450835556
900.0 500.0 160.919981 203.165297778
1775.0 500.0 0.177903 2.4946628
1175.0 450.0 17.740476 23.0508115556
1300.0 275.0 6.537699 9.73678786667
1475.0 475.0 1.729434 3.42864008889
825.0 325.0 324.289883 326.343684444
1750.0 750.0 0.209611 3.74295102222
575.0 200.0 3752.608333 733.994213333
1825.0 675.0 0.120069 2.79442826667
1475.0 1025.0 1.720946 70.8925
1250.0 525.0 9.56339 15.0551262222
1475.0 375.0 1.719273 251.345533156
1325.0 175.0 5.491791 5.54047435556
1275.0 925.0 7.769312 115.662755556
125.0 75.0 -1.0 1.0
1500.0 1350.0 -1.0 1.0
1425.0 1000.0 2.539047 89.7339377778
1675.0 775.0 0.378076 4.23669
950.0 625.0 106.075801 245.15512
1675.0 600.0 0.381028 3.11440013333
1000.0 975.0 -1.0 1.0
700.0 25.0 1037.315263 301.723054054
1075.0 525.0 38.690495 59.7214573333
475.0 400.0 12038.530676 7620.1728
1325.0 875.0 5.341617 83.6043666667
1625.0 175.0 0.559595 2.26744031111
1550.0 100.0 0.980333 2.33553026667
650.0 600.0 1726.24177 2125.44333333
1200.0 1050.0 14.148503 839.302
725.0 100.0 819.080427 287.313746667
975.0 325.0 87.433916 112.283661778
1000.0 925.0 70.938525 2102.1368
1075.0 700.0 38.73166 151.47112
250.0 125.0 380935.732086 28630.7177778
1750.0 450.0 0.208729 2.46152857778
1150.0 625.0 21.825996 43.640436
1175.0 1000.0 17.488959 481.012515556
925.0 275.0 130.876008 113.125546667
1575.0 600.0 0.792016 3.42749173333
1700.0 600.0 0.317331 2.93175026667
1550.0 575.0 0.973647 3.50190506667
1475.0 1200.0 1.702322 278.487666667
500.0 75.0 8997.930288 899.627951111
1600.0 225.0 0.652044 2.39186515556
1125.0 175.0 25.92192 16.5104422222
200.0 75.0 1097054.47924 48642166.8924
900.0 625.0 162.075893 439.249462222
1500.0 800.0 1.399774 11.8987991111
600.0 200.0 2888.129916 643.200031111
1375.0 1300.0 -1.0 1.0
1200.0 1025.0 14.115277 591.589848889
1475.0 925.0 1.724048 38.4154488889
1825.0 175.0 0.118226 2.39003
850.0 500.0 259.239974 312.686297778
775.0 75.0 508.810282 263.06176
1525.0 1325.0 -1.0 1.0
1725.0 1100.0 0.266273 26.7810488889
450.0 0.0 16433.816728 1049.19
1550.0 1125.0 0.952737 92.0097262222
1225.0 0.0 11.632968 12.7245666667
1050.0 875.0 46.377902 484.240577778
1600.0 1075.0 0.658646 39.274012
1625.0 925.0 0.548981 10.9389204444
1475.0 450.0 1.725023 3.32843173333
1475.0 100.0 1.732483 2.50212142222
1275.0 1125.0 7.801493 624.005
1775.0 775.0 0.171203 3.79521377778
1400.0 1175.0 3.069128 391.830105263
1425.0 725.0 2.517779 11.7860757778
1300.0 1250.0 -1.0 1.0
1375.0 675.0 3.667712 12.8912801333
550.0 25.0 4956.566102 538.915486486
750.0 175.0 643.031377 259.069008889
1025.0 0.0 58.414853 53.7530833333
900.0 275.0 161.551447 192.060848889
1100.0 0.0 31.710971 16.1952333333
1500.0 825.0 1.392452 13.2138186667
1300.0 850.0 6.340276 82.2260333333
725.0 500.0 824.166091 504.462826667
1050.0 350.0 46.42877 28.7611284444
1625.0 275.0 0.548493 2.33866666667
1300.0 300.0 6.528566 7.73409573333
400.0 225.0 32173.634325 13553.1214222
1525.0 725.0 1.15935 7.11837306667
1650.0 1175.0 0.45356 63.3683782222
1175.0 325.0 17.809939 18.0181746667
725.0 400.0 823.320324 846.857697778
300.0 50.0 149958.269616 4987486.66289
800.0 425.0 405.581781 500.984746667
1300.0 600.0 6.336325 14.700816
1025.0 250.0 57.588819 23.7214777778
1575.0 450.0 0.796536 2.66624413333
1150.0 900.0 21.5044 263.07268
675.0 525.0 1344.568406 1168.69
1425.0 775.0 2.522529 16.0652404444
1400.0 0.0 3.101241 2.61588666667
500.0 225.0 8945.009408 2143487.044
1700.0 825.0 0.311895 4.79651493333
750.0 500.0 645.347539 655.556328889
1500.0 75.0 1.418258 2.42841586667
1050.0 0.0 47.759689 16.9355
1425.0 1350.0 -1.0 1.0
1725.0 975.0 0.264395 7.76074
1675.0 950.0 0.378453 10.1765352
900.0 700.0 161.23806 925.63464
625.0 300.0 2245.404041 958.4748
1600.0 825.0 0.661394 7.16308186667
950.0 300.0 105.923787 113.211546667
1100.0 700.0 31.600318 121.213553333
1325.0 450.0 5.386742 7.08592128889
725.0 575.0 825.564721 1000.158
1150.0 300.0 21.420978 17.9516293333
1050.0 425.0 46.223423 36.0712386667
175.0 50.0 1883392.4 146953128.026
1025.0 500.0 57.921406 73.758676
1650.0 450.0 0.449542 2.65887
1000.0 675.0 70.951796 236.379262222
525.0 425.0 6645.37176 4474.95928889
1175.0 1100.0 17.448927 1670.88786667
1300.0 1175.0 6.343778 1387.47699111
850.0 550.0 258.236316 301.137
1825.0 325.0 0.118711 2.30104
1800.0 850.0 0.142827 4.34685177778
1725.0 175.0 0.252438 2.24991382222
1275.0 0.0 8.11167 8.7443
1350.0 1250.0 -1.0 1.0
300.0 125.0 151549.67434 19280.7411111
850.0 350.0 259.0535 319.378976444
975.0 525.0 87.21212 113.067
600.0 400.0 2891.850941 2997.80986667
350.0 200.0 66332.21904 18018.5333333
1425.0 225.0 2.561355 3.1377
1725.0 475.0 0.259361 2.5510376
1200.0 625.0 14.264853 41.8545435556
1100.0 50.0 31.793532 16.4047
500.0 175.0 8890.515829 6483982.22267
1000.0 600.0 70.296981 175.980447556
675.0 250.0 1341.215599 393.680133333
1500.0 1225.0 -1.0 1.0
625.0 0.0 2220.223022 352.5975
450.0 200.0 16434.038825 4344067.57618
1425.0 525.0 2.499523 4.26817
1525.0 0.0 1.203476 2.27960666667
1250.0 1050.0 9.553165 451.998071111
1250.0 175.0 9.438173 12.6019773333
1725.0 800.0 0.261827 4.27013826667
1275.0 875.0 7.735074 102.889766667
1375.0 375.0 3.739816 850.260924267
1675.0 475.0 0.380516 2.69444
1700.0 1150.0 0.316901 42.4229146667
1825.0 1225.0 -1.0 1.0
1125.0 475.0 25.980991 30.4373906667
1825.0 200.0 0.116498 2.33656706667
1500.0 325.0 1.408188 126.943226578
575.0 75.0 3754.8612 508.27484
975.0 175.0 88.504376 95.7331524444
350.0 25.0 66629.772352 5899.4212
900.0 875.0 -1.0 1.0
1025.0 125.0 58.468027 18.8695333333
1675.0 25.0 0.376217 2.20994333333
1825.0 450.0 0.121351 2.49726426667
1800.0 175.0 0.143563 2.31499257778
600.0 475.0 2889.546996 1667.05631111
1825.0 1325.0 -1.0 1.0
1800.0 1025.0 0.145361 7.89387915556
475.0 125.0 12002.412221 4342242.84404
1000.0 550.0 70.857737 100.225566667
1750.0 125.0 0.210157 2.2736596
975.0 450.0 87.522932 83.251556
1675.0 1400.0 -1.0 1.0
1800.0 1000.0 0.145903 7.34714831111
1475.0 875.0 1.72844 31.2323666667
450.0 225.0 16452.543565 3651.36426667
625.0 550.0 2250.448644 2104.4656
1375.0 550.0 3.721946 7.344468
1450.0 850.0 2.121837 30.3923333333
1125.0 875.0 25.922251 223.330546667
1375.0 300.0 3.721262 131.108149022
1650.0 325.0 0.452436 2.33888084444
850.0 250.0 259.089992 268.669333333
275.0 150.0 236452.29104 17274.3844444
675.0 500.0 1348.917504 971.145977778
1700.0 50.0 0.308718 2.24154666667
1050.0 275.0 46.47991 23.4731444444
450.0 400.0 16659.789 20328.6666667
1150.0 375.0 21.497529 20.5746373333
375.0 200.0 46207.89981 13612.0697778
1500.0 100.0 1.425726 2.49029951111
1025.0 775.0 57.780348 281.947595556
775.0 150.0 506.991732 273.380635556
1025.0 650.0 57.664323 196.092453333
1275.0 400.0 7.852045 10.5581298667
1350.0 50.0 4.55847 4.20157982222
1825.0 250.0 0.116533 2.2459244
1525.0 1300.0 -1.0 1.0
1200.0 825.0 14.144936 131.299333333
1725.0 625.0 0.263667 2.9202288
700.0 250.0 1043.613571 307.770666667
650.0 475.0 1733.57356 1023.64931111
1750.0 500.0 0.213422 2.58608853333
1800.0 1400.0 -1.0 1.0
1600.0 50.0 0.662807 2.12764684444
725.0 675.0 824.433396 2374.96333333
875.0 475.0 202.565942 253.242964444
1075.0 975.0 38.726359 1218.31110222
1025.0 575.0 57.482505 87.3841333333
1425.0 400.0 2.537691 212.113006844
525.0 0.0 6763.238664 709.6415
1400.0 150.0 3.075257 2.77845102222
1450.0 175.0 2.153817 2.5175232
700.0 350.0 1043.593013 706.338657778
1800.0 675.0 0.143188 2.75582213333
1225.0 775.0 11.628193 74.0769666667
1250.0 125.0 9.459268 13.1354210667
1700.0 150.0 0.310756 2.25509182222
1350.0 600.0 4.444598 11.8726
1325.0 225.0 5.478517 8.53933102222
1700.0 750.0 0.313263 3.99158728889
750.0 450.0 643.59633 934.244
450.0 375.0 16616.930726 11229.8661333
1125.0 850.0 25.859816 194.561773333
1675.0 500.0 0.383446 2.7126588
1250.0 900.0 9.579736 119.230866667
1075.0 400.0 38.732531 28.681176
825.0 450.0 325.170209 423.905413333
1675.0 275.0 0.381863 2.29385262222
1175.0 0.0 17.466833 15.0848333333
1350.0 925.0 4.446633 110.840368889
1600.0 625.0 0.655718 3.3530784
475.0 75.0 11996.499777 959.112902222
1825.0 1050.0 0.122299 7.99276
1275.0 650.0 7.853871 23.0255604444
1625.0 950.0 0.545286 12.6676973333
1525.0 175.0 1.169433 2.39616
1350.0 350.0 4.447356 432.671460533
400.0 75.0 32258.050185 1886.31241778
1625.0 250.0 0.54647 2.37041142222
975.0 275.0 87.808329 30.78698
1250.0 200.0 9.463161 15.6302
1275.0 600.0 7.811462 16.0915893333
1000.0 175.0 71.605539 21.726524
450.0 100.0 16353.83462 59067.5204444
1475.0 275.0 1.69015 2.84066
575.0 275.0 3763.996365 1202.73666667
1100.0 1075.0 -1.0 1.0
1700.0 675.0 0.317242 3.43129773333
675.0 200.0 1333.775789 257.282124444
1800.0 775.0 0.141378 3.61650355556
900.0 200.0 162.141604 178.584362667
1150.0 575.0 21.802329 38.147356
950.0 400.0 105.961926 76.5633706667
1125.0 775.0 25.946968 175.77788
725.0 325.0 822.960077 492.190657778
975.0 500.0 87.241218 104.973568889
1650.0 375.0 0.444759 2.44838253333
1725.0 1275.0 -1.0 1.0
1125.0 650.0 25.899265 66.3352297778
675.0 550.0 1346.049848 1514.30933333
1325.0 1125.0 5.313415 429.391755556
1200.0 1175.0 -1.0 1.0
1150.0 825.0 21.663433 154.295111111
1100.0 625.0 31.772608 63.8207631111
1825.0 950.0 0.120855 5.850016
1500.0 1200.0 1.40277 234.75
1825.0 525.0 0.121805 2.47622697778
1600.0 950.0 0.658885 16.5933537778
1425.0 325.0 2.546582 506.876924267
1700.0 175.0 0.312147 2.26905524444
1575.0 900.0 0.785995 13.1145346667
600.0 225.0 2879.030172 731.721546667
950.0 700.0 106.384044 815.935755556
1200.0 300.0 14.449664 16.814
1675.0 1325.0 -1.0 1.0
1500.0 575.0 1.414484 4.10240631111
1800.0 425.0 0.144161 2.45167595556
1300.0 450.0 6.40991 9.44685257778
1550.0 1325.0 -1.0 1.0
1700.0 75.0 0.306071 2.25016235556
350.0 150.0 67109.888832 9500.68133333
1400.0 525.0 2.985115 5.20628151111
225.0 200.0 626911.52388 346726.8
1625.0 375.0 0.537218 2.47432835556
950.0 450.0 106.162799 102.859704
1325.0 1175.0 5.35137 539.452333333
1450.0 500.0 2.067449 3.76175342222
1325.0 1025.0 5.306701 190.588666667
1175.0 700.0 17.536277 68.6328288889
1025.0 900.0 57.693257 1066.02424444
1800.0 875.0 0.143082 4.85796088889
1525.0 750.0 1.161642 8.22055653333
1300.0 575.0 6.333266 13.398008
1400.0 1250.0 -1.0 1.0
1350.0 550.0 4.440283 8.638776
1200.0 650.0 14.279203 42.4706871111
650.0 375.0 1736.390855 1394.13088889
825.0 50.0 322.12407 250.547546667
1050.0 775.0 46.57054 243.443631111
1725.0 350.0 0.254293 2.34579897778
1225.0 1000.0 11.612758 268.16112
1050.0 500.0 46.402902 61.0892506667
775.0 0.0 510.931108 260.5735
1425.0 425.0 2.51655 421.080213689
1250.0 150.0 9.39828 12.1955384889
1750.0 800.0 0.21369 4.17501711111
825.0 300.0 324.558774 300.050066667
1525.0 1275.0 -1.0 1.0
1275.0 750.0 7.793612 44.5670146667
1425.0 825.0 2.523611 29.5523
1425.0 850.0 2.519441 34.3451604444
1325.0 700.0 5.294564 19.2182502222
875.0 825.0 204.285909 1955.92
650.0 525.0 1727.965641 1467.42831111
1150.0 850.0 21.556849 153.819
1825.0 1400.0 -1.0 1.0
1350.0 375.0 4.461591 647.1317708
1450.0 725.0 2.108185 10.4442152889
1600.0 1200.0 0.659049 125.162933333
1275.0 125.0 7.991261 11.8082051556
1525.0 1225.0 -1.0 1.0
1300.0 675.0 6.311109 19.3942195556
425.0 0.0 22788.753584 2358.96
1350.0 25.0 4.563838 3.48773991111
1400.0 425.0 3.038122 1053.38464387
875.0 750.0 204.590999 933.785986667
1150.0 0.0 21.226978 15.4549666667
1125.0 950.0 25.918136 470.221217778
1750.0 1200.0 0.214968 43.1354
675.0 450.0 1354.881819 1283.82698667
1100.0 350.0 31.830741 22.6814333333
1350.0 725.0 4.390234 19.6932835556
525.0 400.0 6654.11892 4667.21964444
1375.0 1250.0 -1.0 1.0
950.0 275.0 105.486141 33.09932
675.0 350.0 1347.691808 880.143555556
1200.0 25.0 14.081486 14.7515693333
825.0 550.0 327.060171 382.6832
1825.0 1350.0 -1.0 1.0
1750.0 200.0 0.211292 2.25839515556
1575.0 100.0 0.799321 2.19777013333
1450.0 475.0 2.073256 206.7101972
1225.0 50.0 11.854014 14.5542751111
1725.0 1325.0 -1.0 1.0
1825.0 1200.0 0.123364 26.4517
1650.0 400.0 0.448883 2.49576288889
1100.0 850.0 31.793771 182.889546667
1775.0 600.0 0.17383 2.78399697778
1550.0 200.0 0.977379 2.42195
850.0 225.0 258.194251 225.667514667
1500.0 1000.0 1.403053 39.4056653333
1025.0 200.0 57.733625 21.128164
1825.0 150.0 0.117702 2.34831488889
850.0 200.0 258.197683 260.100829333
1375.0 1350.0 -1.0 1.0
1025.0 850.0 57.683018 422.178911111
1825.0 1125.0 0.122206 16.1357949778
1825.0 300.0 0.119377 2.26659604444
1775.0 1275.0 -1.0 1.0
1600.0 925.0 0.658522 12.568768
1750.0 875.0 0.216384 5.12112422222
1475.0 200.0 1.738026 2.4518468
1050.0 1000.0 46.101595 2961.57
1800.0 575.0 0.146393 2.70194697778
650.0 100.0 1750.212763 255.604888889
875.0 800.0 204.765425 1936.59653333
1300.0 175.0 6.516443 8.0281944
725.0 150.0 822.127949 235.09208
1425.0 550.0 2.497326 4.92160773333
475.0 150.0 11969.320704 8683541.37335
575.0 475.0 3792.858764 2252.21595556
625.0 450.0 2251.468404 1312.07566222
1100.0 925.0 31.726614 526.688551111
350.0 300.0 66640.07472 39127.9333333
1425.0 1275.0 -1.0 1.0
750.0 300.0 639.427885 379.536
1375.0 1125.0 3.694767 333.254728889
1225.0 975.0 11.633517 216.793422222
1225.0 925.0 11.609363 151.602666667
1475.0 400.0 1.719512 2.95988173333
1625.0 1225.0 -1.0 1.0
1625.0 575.0 0.538074 3.2511
1675.0 1250.0 -1.0 1.0
950.0 600.0 105.769086 210.17644
1300.0 225.0 6.55734 12.1365655111
850.0 75.0 259.288418 209.249483556
425.0 75.0 22743.410429 2043.27483556
1475.0 1400.0 -1.0 1.0
1800.0 50.0 0.142859 2.23926048889
1625.0 1100.0 0.549397 41.709416
775.0 350.0 506.414757 430.276675556
1825.0 1075.0 0.122246 8.91998333333
1225.0 625.0 11.746375 34.7449666667
1400.0 600.0 3.002408 8.10985546667
900.0 800.0 162.311412 1745.45457778
900.0 825.0 162.505211 2355.08986667
1825.0 975.0 0.120782 6.544062
1600.0 0.0 0.668751 2.21884666667
1550.0 350.0 0.949536 2.58152666667
825.0 225.0 324.602434 266.372
1700.0 800.0 0.312653 4.36468
1400.0 275.0 3.073824 134.051663733
1325.0 1250.0 -1.0 1.0
1650.0 1250.0 -1.0 1.0
1000.0 100.0 72.018913 19.5536666667
1150.0 1125.0 -1.0 1.0
275.0 200.0 237087.215312 7377.37146667
1625.0 1250.0 -1.0 1.0
1400.0 1375.0 -1.0 1.0
1450.0 275.0 2.091719 254.831216533
1725.0 200.0 0.255946 2.27759191111
1650.0 925.0 0.450182 9.90417688889
825.0 125.0 324.749957 255.680604444
1275.0 175.0 7.945903 9.67735466667
1525.0 600.0 1.172457 4.08983724444
1375.0 1025.0 3.670815 206.056942222
1400.0 1100.0 3.060292 230.959333333
1525.0 850.0 1.162952 13.707252
1725.0 1000.0 0.264085 10.2515631111
175.0 0.0 1855532.4 245821484.635
1400.0 700.0 2.974813 12.1036424444
725.0 300.0 821.339673 418.177884444
1050.0 525.0 46.516198 72.379976
1400.0 550.0 2.997577 5.98863546667
1275.0 975.0 7.77342 195.066
925.0 850.0 131.74012 2773.5832
750.0 550.0 644.224163 744.174453333
925.0 225.0 130.362842 103.465085778
1075.0 925.0 38.605601 620.504666667
800.0 550.0 406.254387 462.3054
1550.0 1225.0 -1.0 1.0
825.0 175.0 326.091278 265.560755556
1475.0 0.0 1.745265 2.37886666667
1225.0 750.0 11.682026 61.9834048889
1675.0 150.0 0.372529 2.26737591111
900.0 25.0 163.849604 203.499483556
1825.0 1375.0 -1.0 1.0
1800.0 1075.0 0.145607 11.6406311111
1100.0 375.0 31.725919 24.1650871111
1250.0 50.0 9.435669 14.4122333333
1825.0 475.0 0.120971 2.49612333333
1300.0 425.0 6.459711 8.37297795556
400.0 325.0 32425.034796 20149.352
1450.0 25.0 2.121564 2.45276513514
750.0 200.0 639.65666 238.211017778
1750.0 375.0 0.214479 2.3919664
1550.0 750.0 0.971224 7.17235306667
950.0 350.0 105.729592 121.353266667
425.0 125.0 22575.853804 8683843.11667
350.0 250.0 66528.11824 31520.1791111
1125.0 300.0 26.152554 19.0824493333
1325.0 375.0 5.365659 434.283233867
725.0 225.0 819.53707 235.531351111
1650.0 900.0 0.451125 8.1754
1775.0 550.0 0.177883 2.68240031111
1000.0 650.0 70.644057 227.391191111
1300.0 1025.0 6.349915 214.546742222
1625.0 725.0 0.545509 4.26366
700.0 500.0 1048.040845 721.955328889
1525.0 250.0 1.15886 2.4160268
1200.0 525.0 14.415086 21.257256
1025.0 50.0 58.627522 18.15026
900.0 850.0 162.752304 2029.64
625.0 575.0 2251.048851 2179.88
1650.0 300.0 0.456695 2.28413
1300.0 100.0 6.596764 10.5291533333
1250.0 275.0 9.597786 14.1194972
1800.0 25.0 0.144987 2.19896524444
1375.0 100.0 3.737437 3.4951564
1225.0 375.0 11.674085 18.3850984889
1200.0 575.0 14.422311 32.1788893333
1750.0 575.0 0.218515 2.76445031111
1650.0 1200.0 0.455751 70.3694
875.0 325.0 202.984808 290.078643111
1350.0 275.0 4.437825 5.51465453333
1625.0 975.0 0.547053 17.2873871111
1625.0 625.0 0.532327 3.31295444444
975.0 700.0 87.473014 409.672711111
1650.0 525.0 0.456335 2.78437893333
625.0 150.0 2252.248479 371.046111111
1725.0 450.0 0.25605 2.48814173333
975.0 875.0 88.175356 1795.79353333
1550.0 975.0 0.948701 28.9839751111
1775.0 375.0 0.170515 2.3930128
1700.0 1050.0 0.316479 21.4390062222
1650.0 825.0 0.451649 5.8947656
1700.0 1100.0 0.318448 32.3402666667
1650.0 1025.0 0.45036 25.9307431111
1450.0 1400.0 -1.0 1.0
1075.0 300.0 38.583104 23.1910164444
1600.0 550.0 0.660936 3.20515
1750.0 1125.0 0.21552 27.0702911111
1100.0 650.0 31.746501 79.5716333333
450.0 75.0 16419.899377 2200.23725333
1650.0 1100.0 0.453626 40.7420106667
1725.0 875.0 0.261434 5.34160937778
1700.0 400.0 0.310215 2.45014782222
475.0 0.0 11937.111749 936.007166667
1725.0 550.0 0.262035 2.7600868
1825.0 850.0 0.119594 4.227524
725.0 275.0 819.838428 343.653333333
1400.0 1125.0 3.05929 292.759364444
1375.0 200.0 3.727556 3.09940386667
1175.0 400.0 17.670429 20.6681115556
1400.0 575.0 3.022852 6.6420732
900.0 575.0 160.62931 237.770373333
1700.0 1325.0 -1.0 1.0
725.0 175.0 816.695269 182.209684444
1525.0 900.0 1.1681 25.7531115556
1525.0 375.0 1.146426 2.58044924444
1775.0 1250.0 -1.0 1.0
1600.0 450.0 0.66833 2.71138288889
275.0 75.0 235113.9362 5001556.25956
950.0 375.0 105.90471 98.4914808889
1050.0 450.0 46.35465 38.5078
1600.0 25.0 0.673742 2.16549864865
1650.0 0.0 0.455684 2.17834
500.0 450.0 8983.706368 13017.1833333
1150.0 125.0 21.435283 15.8663582222
1325.0 1150.0 5.338631 529.676991111
1225.0 675.0 11.73863 45.3258875556
575.0 0.0 3732.529207 483.275833333
1650.0 200.0 0.4593 2.27996364444
550.0 300.0 4916.110052 1982.87457778
650.0 350.0 1733.378832 1054.34666667
1375.0 625.0 3.713277 11.07861
1125.0 50.0 25.971175 15.956164
425.0 300.0 22859.696666 11855.0662222
550.0 75.0 4972.971949 674.20892
1375.0 600.0 3.709736 9.99122773333
1475.0 350.0 1.713275 627.418163067
1600.0 150.0 0.665286 2.21508853333
1150.0 50.0 21.441063 15.5079053333
1075.0 625.0 38.870915 77.0571666667
1525.0 1250.0 -1.0 1.0
950.0 800.0 106.360653 502.586
1475.0 675.0 1.72135 7.05159213333
775.0 650.0 504.621918 1129.12432889
1175.0 825.0 17.394149 142.797222222
400.0 250.0 32208.04664 14486.4333333
1200.0 500.0 14.431411 21.291404
1800.0 600.0 0.143413 2.82422
700.0 375.0 1042.721931 862.908995556
1675.0 175.0 0.377486 2.28819666667
1525.0 825.0 1.162598 12.3791132444
1725.0 825.0 0.26276 4.49267
1325.0 1275.0 -1.0 1.0
1575.0 325.0 0.783811 2.50748924444
550.0 425.0 4945.712809 3549.62493333
1250.0 250.0 9.598324 16.0427281333
1375.0 775.0 3.651217 25.3062333333
1075.0 675.0 38.76578 118.722426222
975.0 825.0 87.9905 490.787
625.0 25.0 2225.04654 348.950666667
975.0 225.0 88.113892 25.9903
1100.0 75.0 31.751088 16.599964
1525.0 1075.0 1.161126 78.2638333333
550.0 150.0 4943.881696 768.50284
1825.0 500.0 0.119931 2.48617515556
1400.0 450.0 3.027689 421.606610356
1525.0 975.0 1.159631 32.8292502222
1675.0 900.0 0.377861 7.37229302222
1550.0 725.0 0.976174 6.0701696
1450.0 1300.0 -1.0 1.0
1575.0 275.0 0.799837 2.42385262222
1825.0 350.0 0.118198 2.3493496
1000.0 300.0 71.505745 30.8685222222
1050.0 700.0 46.469147 182.954297778
1125.0 0.0 25.819414 15.8251
1775.0 425.0 0.171108 2.43320666667
1100.0 575.0 31.649039 64.8301693333
950.0 50.0 106.430774 92.7722
1825.0 925.0 0.120217 5.15597
925.0 25.0 130.108786 165.3066
600.0 550.0 2891.490264 3306.57
900.0 400.0 160.93253 180.924404444
1425.0 200.0 2.551514 2.9003072
925.0 475.0 130.485355 132.406333333
1125.0 750.0 25.874303 141.92328
600.0 175.0 2892.363836 554.678515556
1400.0 325.0 3.070529 255.213042133
1575.0 1325.0 -1.0 1.0
500.0 100.0 8961.258009 889.558368889
1625.0 300.0 0.54703 2.35508142222
600.0 125.0 2906.258752 449.181586667
1625.0 750.0 0.540958 4.8835936
1250.0 1225.0 -1.0 1.0
975.0 725.0 87.553746 551.667422222
1225.0 1150.0 11.645914 2827.8412
1025.0 750.0 57.906791 266.527315556
700.0 100.0 1041.657243 297.753
650.0 450.0 1735.777452 1297.95132444
500.0 0.0 8910.804134 822.824333333
1500.0 1025.0 1.39934 60.0427826667
1450.0 1375.0 -1.0 1.0
1000.0 450.0 71.218578 64.7524106667
1600.0 1300.0 -1.0 1.0
975.0 200.0 88.498944 60.8617262222
1725.0 1375.0 -1.0 1.0
1600.0 1350.0 -1.0 1.0
1225.0 875.0 11.631084 123.140866667
1825.0 1275.0 -1.0 1.0
925.0 550.0 130.522727 183.63228
1225.0 225.0 11.669235 15.9959146667
600.0 575.0 -1.0 1.0
825.0 725.0 328.415922 1342.72393333
1150.0 400.0 21.487717 21.3862333333
1450.0 1325.0 -1.0 1.0
1125.0 700.0 25.778782 102.031826667
525.0 225.0 6636.495219 1370.05
1300.0 325.0 6.540437 5.8087172
1250.0 950.0 9.560746 173.334333333
925.0 500.0 130.342684 143.016368889
1100.0 300.0 31.626777 21.1367328889
775.0 300.0 507.916246 353.040688889
1275.0 1050.0 7.772213 258.346106667
1325.0 400.0 5.343294 429.578664622
1350.0 950.0 4.432863 136.698037778
1375.0 750.0 3.661336 19.7667328889
950.0 900.0 107.067182 1935.98333333
1250.0 225.0 9.533191 15.8648573333
1775.0 950.0 0.171962 6.1423072
1675.0 875.0 0.378006 6.45573271111
900.0 375.0 161.145005 194.683314667
800.0 750.0 408.258966 2688.56666667
1100.0 325.0 31.756239 22.3860871111
300.0 275.0 151048.73016 66889.708
1375.0 1275.0 -1.0 1.0
1250.0 925.0 9.569574 133.632711111
1550.0 625.0 0.972778 4.07889404444
975.0 950.0 -1.0 1.0
1575.0 925.0 0.785355 18.8645168889
375.0 0.0 46540.713336 4978.5
1100.0 275.0 31.64536 19.3974826667
1550.0 925.0 0.951581 24.3128417778
1750.0 1075.0 0.215292 15.788676
1575.0 750.0 0.782395 6.1241496
1750.0 75.0 0.217357 2.27528524444
1650.0 1325.0 -1.0 1.0
1350.0 1125.0 4.433537 332.085133333
1800.0 1100.0 0.145447 14.8406522222
950.0 200.0 106.511441 99.7388666667
575.0 175.0 3756.629866 645.472697778
1025.0 25.0 58.684596 17.8826733333
1700.0 875.0 0.310841 5.65262573333
1625.0 150.0 0.556732 2.24737426667
1550.0 850.0 0.952387 11.8878697778
1375.0 650.0 3.68128 11.9849450667
975.0 600.0 87.113377 183.96516
1625.0 1175.0 0.549804 71.3901666667
525.0 500.0 6649.49376 5584.6464
1100.0 600.0 31.68894 61.0044351111
900.0 175.0 162.548179 212.910181333
675.0 100.0 1342.55896 264.718777778
1500.0 1400.0 -1.0 1.0
775.0 450.0 504.245855 764.131137778
1000.0 325.0 71.426008 33.27132
1050.0 225.0 46.355849 20.496364
1150.0 325.0 21.436855 18.767416
1450.0 300.0 2.09225 506.673253067
1450.0 1250.0 -1.0 1.0
1500.0 775.0 1.404092 10.5837795556
1600.0 1250.0 -1.0 1.0
750.0 0.0 651.581732 265.12
150.0 125.0 -1.0 1.0
725.0 625.0 824.385139 1914.30431111
525.0 200.0 6656.961105 2142805.57267
900.0 225.0 161.479335 144.258544
850.0 625.0 258.077468 489.8926
575.0 250.0 3758.350841 1113.76662222
925.0 900.0 -1.0 1.0
1225.0 175.0 11.683841 15.5266
1825.0 1150.0 0.122566 19.34684
1050.0 900.0 46.304868 676.972
1650.0 75.0 0.440546 2.19137026667
825.0 575.0 327.796383 444.9604
675.0 225.0 1336.479164 271.888
1550.0 50.0 1.004553 2.18061333333
1175.0 925.0 17.472791 251.026635556
1225.0 850.0 11.643577 123.566
1175.0 50.0 17.699487 15.069908
875.0 250.0 203.404713 189.763515556
1300.0 1100.0 6.323027 379.935088889
800.0 450.0 405.700458 594.018275556
425.0 175.0 22742.163244 4344656.61284
825.0 775.0 327.810541 2285.38333333
1000.0 525.0 71.263221 99.5046586667
1750.0 925.0 0.217042 5.8795324
125.0 50.0 8343582.0 2670718567.8
1650.0 475.0 0.448651 2.70070631111
1500.0 0.0 1.44355 2.29986
925.0 350.0 129.949141 174.446847556
875.0 50.0 206.967691 210.271417333
1750.0 1375.0 -1.0 1.0
1775.0 925.0 0.172373 5.7510248
325.0 75.0 99486.985166 7563.79906667
1625.0 1150.0 0.549664 64.3891448889
1700.0 425.0 0.308943 2.48255506667
1175.0 1025.0 17.545247 728.724666667
450.0 125.0 16264.107725 6541983.76022
1325.0 150.0 5.474066 6.15217102222
1050.0 325.0 46.279396 27.0032142222
1325.0 1100.0 5.312836 282.628466667
1025.0 825.0 57.677848 327.489595556
1725.0 775.0 0.260348 4.04760653333
1450.0 1050.0 2.114907 96.4810653333
1700.0 200.0 0.311337 2.29673333333
1300.0 1125.0 6.329853 526.698377778
1525.0 1400.0 -1.0 1.0
1300.0 125.0 6.512454 9.88401768889
1775.0 1350.0 -1.0 1.0
1700.0 1125.0 0.31844 37.3811488889
1700.0 775.0 0.312475 4.14214826667
1425.0 975.0 2.537704 51.3177
1025.0 225.0 57.621146 22.327676
1475.0 1050.0 1.715486 88.5804826667
1350.0 1150.0 4.433524 477.625315556
1650.0 100.0 0.44923 2.20834186667
275.0 250.0 239219.888976 94016.808
600.0 150.0 2914.2448 466.157
1425.0 275.0 2.553487 258.261078044
300.0 25.0 149993.813332 2498197.23644
1625.0 400.0 0.531193 2.53309977778
1225.0 150.0 11.66001 13.8092692444
1275.0 1150.0 7.807865 1429.75332444
1300.0 950.0 6.322044 137.582137778
1600.0 725.0 0.660457 5.0385536
1675.0 325.0 0.376302 2.31972666667
1450.0 425.0 2.076937 3.28742173333
1725.0 1175.0 0.265177 41.7615184211
1250.0 750.0 9.533317 53.2752097778
425.0 100.0 22680.095127 2200926.87689
1425.0 1250.0 -1.0 1.0
1350.0 1225.0 -1.0 1.0
1325.0 625.0 5.348567 14.5797391111
825.0 350.0 323.705818 343.754342222
1500.0 350.0 1.399824 251.194313156
950.0 25.0 105.211229 127.931404
1575.0 875.0 0.784736 11.3421031111
600.0 275.0 2885.577398 1030.10995556
1775.0 275.0 0.170452 2.25849
1675.0 1100.0 0.381033 38.1363155556
1600.0 300.0 0.655749 2.42603284444
1000.0 575.0 70.655603 138.103007111
200.0 0.0 1095268.4598 196658969.27
1300.0 1200.0 -1.0 1.0
1725.0 1050.0 0.267157 15.2332093333
1375.0 350.0 3.717627 426.905042133
1725.0 650.0 0.26315 3.0590044
1175.0 750.0 17.509338 96.6861622222
1125.0 550.0 25.971612 42.6289008889
1300.0 1000.0 6.335197 192.827333333
1525.0 1200.0 1.155854 207.353233333
525.0 125.0 6685.723008 829.461035556
1550.0 325.0 0.94649 2.57216128889
325.0 0.0 100889.00403 7598.04
1300.0 1075.0 6.325211 257.37644
1750.0 25.0 0.219625 2.25274486486
1250.0 450.0 9.576573 16.7879464
600.0 425.0 2893.869656 2162.00493333
1100.0 1025.0 31.5066 1469.3048
550.0 275.0 4915.970271 1634.63395556
1450.0 1000.0 2.130531 61.1051
250.0 175.0 382284.071232 52620.4872
1475.0 1150.0 1.710189 207.081413333
1775.0 700.0 0.171689 3.08429551111
1000.0 25.0 71.400915 53.7235540541
1725.0 1250.0 -1.0 1.0
575.0 525.0 3794.476335 4433.26
1450.0 1075.0 2.110207 134.33708
875.0 550.0 201.808511 257.039373333
1125.0 925.0 25.886744 432.872435556
1625.0 825.0 0.547583 6.52892373333
1100.0 950.0 31.688645 564.037333333
1800.0 750.0 0.141188 3.35326
1425.0 1300.0 -1.0 1.0
1150.0 200.0 21.534482 15.9982195556
1600.0 675.0 0.658286 4.24468888889
400.0 25.0 32184.191268 3992.84459459
1675.0 100.0 0.371237 2.2316336
900.0 725.0 161.190516 725.90932
875.0 350.0 203.093922 263.885081333
775.0 600.0 504.908588 779.673866667
1600.0 325.0 0.645845 2.4148556
600.0 0.0 2869.805485 370.093
375.0 125.0 46053.636552 4394.598
1425.0 900.0 2.531173 43.9308813333
650.0 500.0 1732.827775 1221.19333333
1000.0 350.0 71.145114 37.3165284444
1525.0 475.0 1.16216 3.23228666667
1750.0 425.0 0.208588 2.43679595556
1575.0 350.0 0.780746 2.51685462222
775.0 750.0 -1.0 1.0
1500.0 850.0 1.390157 19.1580337778
1800.0 100.0 0.147764 2.26892586667
1800.0 1225.0 -1.0 1.0
925.0 400.0 130.506579 125.481548
950.0 875.0 106.988145 2794.4568
975.0 750.0 87.694027 693.662133333
1325.0 1075.0 5.309355 234.716755556
1675.0 1275.0 -1.0 1.0
1175.0 200.0 17.777276 15.7868626667
900.0 425.0 160.965825 161.500202222
1375.0 75.0 3.764126 2.79941702222
1375.0 0.0 3.798699 2.69489333333
1400.0 100.0 3.084871 2.73596435556
800.0 50.0 403.396938 252.684
1225.0 1025.0 11.60789 452.967737778
1325.0 250.0 5.456732 9.50897453333
1775.0 450.0 0.172951 2.45793928889
1425.0 575.0 2.511894 5.57504546667
1450.0 900.0 2.133965 37.6239004444
200.0 125.0 1094015.5879 268036.7672
1100.0 525.0 31.584116 48.2735786667
675.0 150.0 1339.880131 180.824333333
400.0 100.0 32267.733174 4342786.23333
475.0 50.0 11954.48126 969.310284444
1325.0 975.0 5.302969 173.392471111
1450.0 400.0 2.090143 3.18681
500.0 50.0 9008.656589 909.825333333
1225.0 1075.0 11.65422 767.536333333
775.0 250.0 508.832909 273.35436
1000.0 250.0 71.005742 25.7419666667
1525.0 550.0 1.166064 3.5354368
525.0 100.0 6701.739456 834.802017778
1700.0 1175.0 0.316664 48.5700184211
1300.0 400.0 6.457732 7.29910333333
1600.0 700.0 0.662728 4.41862
1450.0 1100.0 2.104035 163.362546667
1800.0 725.0 0.14243 3.13612217778
1775.0 75.0 0.17661 2.27742048889
1375.0 800.0 3.653735 31.9580368889
1075.0 75.0 38.74665 17.060628
450.0 150.0 16227.3051 13024900.0
1250.0 650.0 9.549096 28.2515333333
1450.0 1175.0 2.106678 294.473746667
1750.0 250.0 0.210418 2.28188
1075.0 1025.0 38.670886 3641.74
1050.0 725.0 46.503373 212.599648889
1575.0 950.0 0.789174 22.0016084444
1200.0 725.0 14.205831 64.8346622222
1375.0 1050.0 3.668883 181.088804444
1525.0 800.0 1.166216 10.5786832889
925.0 125.0 130.665377 97.8332382222
275.0 225.0 239436.22752 58978181.5667
1525.0 225.0 1.157232 2.39542053333
1500.0 725.0 1.39591 8.22969195556
875.0 150.0 204.989515 250.853377778
1500.0 875.0 1.397884 25.6152168889
1125.0 600.0 25.937579 54.2353026667
1100.0 875.0 31.675866 211.65832
925.0 0.0 130.037923 201.023416667
1200.0 675.0 14.276132 43.0868306667
1150.0 100.0 21.460077 15.9005333333
775.0 700.0 506.059979 1833.5688
325.0 175.0 100147.525344 17533.0666667
1150.0 475.0 21.493176 26.635096
1750.0 625.0 0.217251 2.7378704
1200.0 900.0 14.166082 129.871
1725.0 700.0 0.259323 3.44286364444
1650.0 650.0 0.453344 3.49028777778
375.0 100.0 46086.588476 3061.974
1450.0 1200.0 2.106024 322.225333333
1525.0 325.0 1.148489 2.63683333333
950.0 675.0 106.291219 542.733453333
1275.0 825.0 7.746248 80.8477
1075.0 450.0 38.608879 34.7041875556
1175.0 150.0 17.738848 15.6275915556
550.0 375.0 4942.999783 3969.45626667
700.0 150.0 1041.777749 190.25716
1825.0 700.0 0.119646 2.7711788
950.0 775.0 106.572885 445.659506667
1775.0 50.0 0.174784 2.28851906667
800.0 375.0 405.405023 424.153008889
600.0 500.0 2891.296668 2007.91262222
1475.0 425.0 1.717704 3.22782
1525.0 700.0 1.160959 5.9739832
350.0 175.0 66813.170944 13126.6031111
800.0 125.0 404.749428 261.517573333
450.0 175.0 16325.566 8684483.78809
1225.0 800.0 11.664802 88.7943191111
1375.0 575.0 3.712675 8.52344546667
1550.0 650.0 0.971605 4.52272333333
1325.0 950.0 5.29957 126.745373333
1725.0 1125.0 0.265503 31.5851
1650.0 1050.0 0.452486 33.8506
1375.0 825.0 3.650277 38.6098404444
800.0 575.0 406.931106 524.5826
1125.0 275.0 26.20365 18.2615995556
825.0 100.0 324.391819 251.073302222
1475.0 1300.0 -1.0 1.0
1650.0 500.0 0.457799 2.74254262222
1500.0 550.0 1.4229 3.78380262222
1100.0 725.0 31.555845 141.15928
1700.0 1200.0 0.316025 56.7524
1025.0 725.0 57.807607 250.722666667
525.0 300.0 6635.091456 2532.01746667
1725.0 725.0 0.258788 3.68794728889
875.0 400.0 203.531928 234.529868889
1300.0 1050.0 6.329009 236.266151111
1775.0 1375.0 -1.0 1.0
825.0 375.0 323.641548 361.165
700.0 300.0 1043.541546 456.819768889
1425.0 1175.0 2.531181 348.092438596
1350.0 125.0 4.578239 4.82249435556
1600.0 1400.0 -1.0 1.0
1400.0 1225.0 -1.0 1.0
1775.0 1200.0 0.175889 36.3269
475.0 250.0 12022.76586 3062.3276
1400.0 250.0 3.062858 6.48997471111
1425.0 450.0 2.504959 630.047420533
1400.0 925.0 3.03404 64.8504555556
1050.0 75.0 47.073743 17.73826
500.0 275.0 8947.814731 2694.89413333
1700.0 500.0 0.316463 2.73001
1150.0 925.0 21.480121 292.54032
1175.0 875.0 17.498563 141.845
1700.0 975.0 0.313801 10.0383152
1275.0 325.0 7.870948 8.11085182222
825.0 425.0 324.707108 402.991942222
1625.0 450.0 0.540993 2.68512644444
1675.0 975.0 0.377988 12.3158904
1750.0 1050.0 0.215961 13.2934683111
1750.0 300.0 0.20945 2.30693813333
500.0 125.0 8979.376897 884.217386667
1825.0 725.0 0.118857 2.97198035556
700.0 400.0 1043.083861 992.734666667
725.0 75.0 820.243857 287.498702222
1225.0 1175.0 11.685888 1482.9
1000.0 850.0 70.981854 552.848666667
1475.0 175.0 1.764697 2.43065786667
1625.0 200.0 0.541513 2.26759213333
1050.0 50.0 47.586527 17.4706733333
1775.0 200.0 0.169521 2.23715106667
1550.0 875.0 0.952067 13.6603013333
1500.0 125.0 1.417473 2.43033475556
1600.0 1275.0 -1.0 1.0
1300.0 625.0 6.344843 15.996056
750.0 425.0 642.446174 817.612364444
1075.0 225.0 38.352418 19.0957088889
1350.0 1075.0 4.430269 236.261711111
1700.0 350.0 0.310458 2.35532333333
1800.0 700.0 0.142171 2.91898435556
200.0 50.0 1101536.8889 98362077.7333
1350.0 1175.0 4.431894 487.400657778
1500.0 1075.0 1.401225 94.5443733333
975.0 150.0 88.798583 22.2886573333
1075.0 0.0 38.94464 16.5653666667
1350.0 900.0 4.433675 84.9827
1600.0 1225.0 -1.0 1.0
1025.0 400.0 57.479989 38.3679386667
1000.0 950.0 71.030425 1601.23
900.0 475.0 161.198088 172.620648889
1750.0 675.0 0.215436 3.05046071111
950.0 0.0 105.918232 164.205833333
1150.0 875.0 21.513044 208.44584
1250.0 300.0 9.571911 12.2474048
1250.0 625.0 9.520571 29.5189937778
1125.0 525.0 26.014258 36.8257
825.0 600.0 328.675188 507.2376
1525.0 1125.0 1.157009 110.587752444
1300.0 550.0 6.364008 12.0952
1250.0 500.0 9.577172 15.2575666667
1075.0 125.0 38.481164 17.4743773333
1400.0 1050.0 3.047368 173.827608889
475.0 300.0 12000.422202 5144.87248889
1150.0 525.0 21.536592 31.6362186667
1425.0 1050.0 2.531701 166.566413333
1075.0 875.0 38.582126 353.282546667
575.0 400.0 3784.999318 3339.76493333
625.0 350.0 2263.694059 1426.49755556
1000.0 50.0 71.768339 18.98344
225.0 150.0 629127.717888 160328.6272
1825.0 575.0 0.120772 2.60034853333
1050.0 675.0 46.55622 173.781786667
1500.0 750.0 1.39923 9.26876
275.0 100.0 236232.6008 30637.0744444
1625.0 75.0 0.542975 2.16791017778
650.0 125.0 1757.694542 213.657666667
1475.0 1075.0 1.708581 106.167846667
950.0 850.0 106.770959 2141.95353333
1425.0 1100.0 2.534936 197.288031111
1775.0 100.0 0.17517 2.28413293333
825.0 525.0 326.482886 320.406
1800.0 1275.0 -1.0 1.0
1300.0 925.0 6.344501 110.0008
325.0 150.0 99951.45552 13274.1406667
650.0 50.0 1739.260407 327.808333333
850.0 100.0 260.633542 246.722666667
700.0 200.0 1046.503499 179.530017778
1125.0 725.0 25.843348 121.977553333
1350.0 250.0 4.453673 7.27846906667
1075.0 100.0 38.378545 17.32626
1425.0 350.0 2.547544 255.011362133
1450.0 675.0 2.112382 8.27111106667
1200.0 1075.0 14.109872 1309.32284444
1125.0 900.0 25.904518 252.09932
575.0 300.0 3762.277723 1550.97728889
1075.0 425.0 38.731896 31.3624417778
1650.0 1225.0 -1.0 1.0
1250.0 100.0 9.456065 14.3618184889
1650.0 800.0 0.453296 5.2994104
325.0 25.0 100645.500984 6514.99
475.0 275.0 12011.935997 4001.32164444
1500.0 500.0 1.410503 3.43939675556
1300.0 475.0 6.385381 11.3945496
1225.0 475.0 11.795316 18.3086333333
1700.0 0.0 0.311335 2.17178333333
1275.0 1075.0 7.765846 450.084457778
1575.0 1075.0 0.790504 53.8082191111
900.0 600.0 161.685462 262.599
750.0 575.0 646.166984 830.033226667
1725.0 1225.0 -1.0 1.0
1150.0 1075.0 21.515094 1389.2848
1775.0 525.0 0.179262 2.58272853333
1050.0 625.0 46.607425 107.622395556
1600.0 275.0 0.651196 2.40961808889
1050.0 825.0 46.382926 245.840893333
1475.0 1250.0 -1.0 1.0
1400.0 1325.0 -1.0 1.0
1425.0 150.0 2.54686 2.63494653333
1775.0 125.0 0.174835 2.32553
525.0 175.0 6662.131456 4284241.09533
1775.0 350.0 0.171247 2.3375992
1825.0 125.0 0.120569 2.29542644444
1750.0 350.0 0.210211 2.3365528
1650.0 950.0 0.450445 11.6329537778
1500.0 1300.0 -1.0 1.0
975.0 575.0 87.033615 160.33244
1475.0 1275.0 -1.0 1.0
1200.0 425.0 14.563232 20.6548448889
1500.0 150.0 1.420547 2.37037
1150.0 775.0 21.737382 142.68728
225.0 175.0 629397.987944 213988533.333
1550.0 1075.0 0.956221 66.0360262222
1400.0 225.0 3.091946 3.12348386667
1750.0 850.0 0.214863 4.78480333333
1025.0 625.0 57.500557 163.012757778
1625.0 1200.0 0.54911 97.7661666667
1500.0 675.0 1.402516 5.8320732
800.0 150.0 406.365225 266.834271111
1625.0 700.0 0.543308 4.25366026667
725.0 550.0 823.202161 914.299226667
1725.0 125.0 0.25101 2.25292182222
1700.0 1275.0 -1.0 1.0
1800.0 400.0 0.144703 2.44900191111
1075.0 325.0 38.55868 23.9633666667
1550.0 500.0 0.973134 3.19574333333
1575.0 425.0 0.788104 2.61956942222
125.0 100.0 -1.0 1.0
1250.0 1200.0 -1.0 1.0
1375.0 1175.0 3.702836 435.56777193
1000.0 825.0 70.93661 409.138297778
1300.0 500.0 6.398643 10.6572564444
500.0 200.0 8904.518927 4342546.7
1800.0 475.0 0.143793 2.4666676
675.0 575.0 1345.416665 1859.92866667
1075.0 475.0 38.602908 37.9471
225.0 100.0 620071.76976 87520.6090667
1575.0 1100.0 0.787463 63.6199595556
475.0 375.0 12037.72883 6068.37191111
1450.0 250.0 2.10351 2.98918
825.0 25.0 322.594446 254.629093333
1400.0 975.0 3.035792 111.599488889
850.0 575.0 258.357009 364.363373333
1325.0 350.0 5.36329 223.8964808
1275.0 800.0 7.758728 66.1322524444
900.0 125.0 162.303628 172.411744444
1775.0 0.0 0.176273 2.16194833333
1650.0 225.0 0.454325 2.28011546667
750.0 325.0 642.11859 434.612995556
1775.0 675.0 0.1693 2.90314142222
1325.0 25.0 5.520776 5.62184315556
1575.0 850.0 0.789254 9.56967155556
1625.0 1025.0 0.549048 30.9466333333
1450.0 0.0 2.146368 2.45787333333
1125.0 250.0 26.160073 17.4407497778
650.0 400.0 1742.575606 1727.27032444
1300.0 1150.0 6.344004 581.728666667
1475.0 750.0 1.730976 10.3702586222
550.0 125.0 4954.994827 741.99192
1575.0 1000.0 0.789768 29.0541595556
1400.0 1000.0 3.041016 160.379508889
550.0 525.0 -1.0 1.0
1775.0 825.0 0.174507 4.25955044444
800.0 350.0 406.543598 367.288666667
1725.0 1025.0 0.26594 12.7423862222
1125.0 1075.0 25.898646 2966.44666667
1325.0 1200.0 -1.0 1.0
575.0 350.0 3777.414205 2256.2188
400.0 0.0 32453.73282 3668.73
425.0 350.0 22792.565233 14839.5594667
1000.0 475.0 71.194475 77.321856
1400.0 50.0 3.109167 2.64845333333
950.0 925.0 -1.0 1.0
725.0 450.0 823.894108 803.374697778
1575.0 1225.0 -1.0 1.0
375.0 250.0 46555.535884 21436.3062222
1350.0 500.0 4.428251 7.14815311111
300.0 75.0 149962.42368 7476776.08933
875.0 775.0 204.940766 1326.96124444
1650.0 425.0 0.453721 2.57731644444
1750.0 725.0 0.21081 3.49627884444
1600.0 775.0 0.661092 6.1781296
1250.0 475.0 9.569982 15.9949062222
1300.0 0.0 6.650884 6.75416666667
1025.0 600.0 57.488208 125.261573778
850.0 700.0 257.843363 566.738
150.0 50.0 3822934.1 1160959055.2
1525.0 150.0 1.189127 2.36402346667
1650.0 700.0 0.457188 4.08870053333
975.0 125.0 88.503095 21.6050382222
1750.0 950.0 0.214799 6.54824813333
1000.0 700.0 70.972035 259.200333333
550.0 250.0 4892.160086 1286.39333333
1675.0 1000.0 0.376243 14.055764
1200.0 450.0 14.554654 21.3597
1550.0 900.0 0.949554 19.4338231111
775.0 225.0 509.03586 293.405422222
1350.0 1300.0 -1.0 1.0
1800.0 925.0 0.144063 5.7603524
1775.0 25.0 0.178543 2.24822382222
1475.0 725.0 1.726122 9.34271666667
1300.0 825.0 6.346826 68.57402
1825.0 50.0 0.119674 2.21205373333
1475.0 1225.0 -1.0 1.0
1650.0 350.0 0.44374 2.39363168889
1350.0 1325.0 -1.0 1.0
575.0 150.0 3749.319422 617.32992
850.0 25.0 257.782893 250.14772973
1175.0 625.0 17.630955 39.4891537778
1675.0 1375.0 -1.0 1.0
1250.0 775.0 9.589879 62.7468857778
1325.0 525.0 5.349793 9.64198977778
1275.0 275.0 7.886006 11.8873381333
1700.0 950.0 0.315135 7.89896
875.0 675.0 203.774626 724.038591111
1075.0 825.0 38.653095 207.494546667
1075.0 575.0 38.794894 71.5993017778
1075.0 50.0 38.794102 16.865364
550.0 50.0 4965.751873 583.68684
700.0 425.0 1045.600056 832.620031111
800.0 700.0 408.353593 1343.80393333
1750.0 275.0 0.209033 2.29440906667
1200.0 250.0 14.325805 16.3943626667
400.0 275.0 32280.182304 15872.6328889
1800.0 125.0 0.146134 2.31032293333
1700.0 1400.0 -1.0 1.0
1725.0 575.0 0.263961 2.7545936
1100.0 400.0 31.769555 25.6596751111
1325.0 575.0 5.329381 11.9839
800.0 25.0 404.06899 256.765546667
1575.0 1050.0 0.787833 36.8850786667
1550.0 950.0 0.951291 27.4499333333
575.0 225.0 3760.296445 944.497697778
1625.0 525.0 0.542363 2.90931928889
575.0 450.0 3791.095817 2371.86493333
775.0 425.0 501.850824 671.097608889
1100.0 125.0 31.730586 16.878016
475.0 25.0 11989.886227 979.507666667
1500.0 600.0 1.415072 4.42101
775.0 100.0 508.156552 267.26772
1175.0 100.0 17.718462 15.4596582222
1625.0 125.0 0.547102 2.22677
950.0 75.0 106.124561 56.9898706667
1300.0 900.0 6.336049 99.0502777778
1525.0 1100.0 1.160266 94.4257928889
700.0 525.0 1048.840268 951.197497778
1300.0 25.0 6.587027 7.61586756757
175.0 25.0 1889104.0 196673038.867
1550.0 425.0 0.955182 2.57378746667
675.0 25.0 1343.44355 319.148435556
575.0 50.0 3756.671404 417.75276
900.0 750.0 161.555891 526.184
1375.0 1225.0 -1.0 1.0
1750.0 550.0 0.217511 2.78512666667
1600.0 1375.0 -1.0 1.0
1625.0 1400.0 -1.0 1.0
1500.0 225.0 1.391564 2.4339368
600.0 350.0 2894.632564 1832.63253333
875.0 500.0 201.74933 283.787613333
1025.0 675.0 57.630297 205.080524444
1650.0 1275.0 -1.0 1.0
1725.0 1150.0 0.265444 36.6595573333
1450.0 225.0 2.138082 2.90311226667
1775.0 575.0 0.176127 2.80467333333
1575.0 725.0 0.788685 5.60729306667
800.0 525.0 405.515066 492.413582222
1775.0 750.0 0.172415 3.54810551111
1125.0 25.0 25.986683 15.773028
1075.0 800.0 38.684394 212.127773333
1025.0 275.0 57.412698 25.4936333333
775.0 625.0 504.448064 806.266333333
1250.0 850.0 9.567358 106.799766667
425.0 225.0 22771.550895 8602.24284444
875.0 425.0 202.635228 215.105666667
1450.0 325.0 2.078109 637.5938704
1475.0 700.0 1.712861 8.30364862222
725.0 25.0 818.657809 284.297368889
1075.0 725.0 38.766229 174.599853333
1050.0 850.0 46.312075 291.509155556
150.0 25.0 3824735.2 727971527.6
100.0 50.0 -1.0 1.0
1650.0 675.0 0.4553 3.58690666667
1500.0 175.0 1.41609 2.39155893333
825.0 475.0 325.7801 515.238497778
250.0 150.0 381340.885838 17501.1688889
1050.0 175.0 46.552979 18.9557213333
1275.0 850.0 7.727543 91.8687333333
1050.0 975.0 46.22059 1710.07253333
1350.0 775.0 4.410959 30.13102
1100.0 975.0 31.633422 862.940551111
1725.0 1200.0 0.265789 49.9439
1325.0 100.0 5.461599 8.55434102222
1700.0 1075.0 0.318232 27.5362155556
600.0 525.0 2894.808861 2348.76893333
1000.0 275.0 71.363766 28.3052444444
1500.0 400.0 1.410823 2.73295346667
700.0 550.0 1050.564976 1084.424
1450.0 950.0 2.139452 44.8305488889
1150.0 750.0 21.768959 122.680724444
1500.0 425.0 1.41725 3.00089173333
1400.0 1300.0 -1.0 1.0
1225.0 325.0 11.684257 14.0713866667
1525.0 650.0 1.174844 4.98714071111
1650.0 1300.0 -1.0 1.0
1075.0 250.0 38.534701 19.864564
775.0 375.0 506.010283 487.141017778
1300.0 250.0 6.521681 11.73948
1325.0 325.0 5.385172 9.43617053333
1075.0 175.0 38.301256 17.6635666667
1700.0 25.0 0.311246 2.23263235556
425.0 25.0 22939.256272 2684.64216889
1200.0 150.0 14.279803 15.423
1425.0 300.0 2.558081 385.822767067
725.0 250.0 818.857286 299.517551111
1125.0 100.0 25.96232 16.224972
1800.0 800.0 0.142027 3.87974711111
1450.0 600.0 2.092976 5.16764928889
1325.0 0.0 5.54926 4.76403333333
1225.0 1050.0 11.601275 645.650035556
775.0 200.0 508.033607 284.407044444
1000.0 725.0 71.055395 275.004982222
1575.0 625.0 0.790353 3.68592142222
400.0 150.0 32442.765324 61488.3417778
1525.0 425.0 1.156191 2.77464942222
975.0 925.0 88.242302 1768.60666667
1200.0 400.0 14.536765 19.9499897778
1325.0 75.0 5.479715 8.03061315556
1000.0 625.0 70.465195 199.99816
100.0 75.0 -1.0 1.0
750.0 400.0 639.672982 700.980728889
1250.0 800.0 9.582849 77.4623333333
525.0 150.0 6642.607999 824.120053333
750.0 100.0 644.465399 276.874493333
1600.0 400.0 0.653771 2.57043666667
1625.0 1275.0 -1.0 1.0
1625.0 0.0 0.546187 2.19859333333
1250.0 600.0 9.543313 24.4738595556
650.0 300.0 1727.759641 797.8696
1725.0 0.0 0.260828 2.168505
200.0 100.0 1093739.85108 231632.758133
1750.0 325.0 0.20928 2.3067056
1700.0 1375.0 -1.0 1.0
1000.0 425.0 71.091763 53.9268053333
950.0 175.0 106.115758 134.610292889
1500.0 50.0 1.431126 2.38556391111
1575.0 1150.0 0.790939 90.3006115556
1050.0 750.0 46.560443 242.245
700.0 125.0 1043.50415 244.00508
1300.0 725.0 6.325903 28.6499835556
1800.0 950.0 0.143102 6.1516348
1325.0 850.0 5.341335 70.0237222222
925.0 800.0 131.488304 1336.29784
825.0 0.0 319.708292 251.4805
500.0 475.0 8996.066693 9122.3264
1825.0 275.0 0.117959 2.24443542222
925.0 50.0 130.771836 129.524270667
1275.0 425.0 7.88943 12.5300997333
1725.0 950.0 0.264809 7.22001186667
925.0 825.0 131.597566 2158.21068
1450.0 50.0 2.10398 2.47031057778
1550.0 825.0 0.967913 10.0881766222
775.0 475.0 505.008657 729.631333333
1600.0 1175.0 0.661372 89.2798448889
475.0 325.0 12037.628258 5920.69333333
975.0 50.0 88.520635 55.397004
875.0 625.0 203.052396 411.305591111
600.0 75.0 2876.975892 342.34076
1300.0 1275.0 -1.0 1.0
1000.0 875.0 70.960218 1003.96257778
1550.0 275.0 0.959446 2.40896226667
925.0 700.0 131.295578 997.14472
250.0 0.0 384083.461728 98333938.54
1500.0 975.0 1.399588 37.3924733333
1475.0 150.0 1.761115 2.43604808889
600.0 100.0 2889.538596 432.206173333
1050.0 375.0 46.305038 30.5190426667
1700.0 1000.0 0.313404 12.1869195556
500.0 300.0 8960.244759 3838.44497778
1700.0 625.0 0.318584 3.0920944
1775.0 800.0 0.172999 4.05845733333
1350.0 1275.0 -1.0 1.0
150.0 75.0 3790397.9 1593946582.8
1175.0 1150.0 -1.0 1.0
200.0 175.0 1086410.34888 787303.466667
950.0 475.0 106.031295 114.643235556
650.0 25.0 1736.519558 334.049551111
1275.0 350.0 7.81366 8.34850591111
1700.0 100.0 0.306091 2.25828515556
1100.0 675.0 31.728797 100.404263111
1775.0 1150.0 0.175725 27.365624
350.0 325.0 66505.96288 41743.356
1750.0 975.0 0.215506 7.35479906667
175.0 150.0 1878126.8 1227880.13333
1725.0 925.0 0.262015 6.67928373333
1350.0 325.0 4.468152 218.211150267
400.0 175.0 32330.224201 4929.572
700.0 0.0 1038.2401 300.111
1025.0 975.0 57.432538 2281.4
500.0 375.0 9012.642169 5463.92595556
1800.0 350.0 0.141289 2.3410728
625.0 125.0 2251.850283 308.768555556
1450.0 975.0 2.138738 46.6759577778
1275.0 700.0 7.786189 29.3610715556
1800.0 1350.0 -1.0 1.0
1175.0 950.0 17.484247 302.915786667
1375.0 700.0 3.660342 13.821892
1750.0 150.0 0.21169 2.2479792
1775.0 975.0 0.172176 6.94885813333
850.0 300.0 258.989403 288.734631111
1175.0 600.0 17.684116 39.618256
975.0 425.0 87.409373 70.6336706667
1025.0 875.0 57.640339 614.910333333
400.0 125.0 32550.792316 2202137.28756
750.0 650.0 648.207976 1682.32764444
1550.0 1100.0 0.954973 75.8477666667
1250.0 350.0 9.564314 11.3287733333
725.0 650.0 824.669064 2297.52213333
1650.0 850.0 0.454805 6.32984737778
1550.0 150.0 0.970953 2.35767693333
1200.0 1150.0 14.075537 1864.86666667
1600.0 900.0 0.658697 10.8052940444
1425.0 1150.0 2.535444 300.311746667
1225.0 100.0 11.725042 14.580708
1050.0 575.0 46.471523 79.4767404444
1525.0 1025.0 1.161293 49.0944191111
150.0 0.0 3744206.5 294984000.0
775.0 500.0 504.893067 697.026248889
1825.0 650.0 0.119001 2.83388413333
450.0 300.0 16513.287247 6451.3
1600.0 1025.0 0.660359 31.7040431111
375.0 175.0 46047.080861 8720.13955556
1825.0 225.0 0.116737 2.28310413333
750.0 75.0 643.15155 277.915053333
1825.0 1100.0 0.12184 12.5278891556
1625.0 875.0 0.546835 8.04934666667
1475.0 500.0 1.733175 3.51392346667
1525.0 875.0 1.166439 19.9795897778
1575.0 225.0 0.804615 2.44774
1650.0 1350.0 -1.0 1.0
875.0 225.0 204.957732 184.963029333
1025.0 700.0 57.655827 221.077315556
1125.0 625.0 25.929724 50.5843595556
375.0 325.0 46789.785307 33311.1666667
1525.0 1350.0 -1.0 1.0
1275.0 775.0 7.774832 51.4168048889
1675.0 425.0 0.377849 2.53946448889
1825.0 375.0 0.119531 2.3976592
850.0 750.0 258.344532 1341.38797333
1700.0 925.0 0.312849 7.35823186667
1625.0 1050.0 0.549637 34.6080097778
425.0 50.0 22919.82828 3068.32458667
1675.0 675.0 0.381696 3.66481546667
1025.0 475.0 57.937698 62.4679506667
1725.0 1400.0 -1.0 1.0
850.0 150.0 258.019186 254.470755556
1300.0 750.0 6.31863 35.0668337778
725.0 200.0 818.348302 161.351693333
1575.0 25.0 0.810114 2.18593835556
650.0 550.0 1726.687327 1716.27866667
500.0 250.0 8959.63648 2307.57164444
1400.0 850.0 3.009051 40.6839542222
1675.0 650.0 0.380419 3.46438773333
1400.0 125.0 3.072692 2.75236986667
1650.0 25.0 0.449206 2.18268342222
1825.0 400.0 0.119427 2.4505192
1650.0 1125.0 0.452829 44.187716
850.0 525.0 258.956351 291.507315556
1300.0 150.0 6.553324 9.23888204444
800.0 275.0 407.61987 300.171733333
1175.0 1125.0 17.472408 2246.83333333
1000.0 500.0 71.268562 87.3210173333
1350.0 850.0 4.440741 57.8214111111
1525.0 125.0 1.19429 2.41865693333
800.0 775.0 -1.0 1.0
1550.0 1275.0 -1.0 1.0
1675.0 1025.0 0.379868 20.8835395556
575.0 375.0 3775.080688 3079.43253333
1800.0 150.0 0.143526 2.35172
1375.0 150.0 3.744276 2.92195551111
1175.0 1075.0 17.459467 1200.86702222
1650.0 1150.0 0.454906 56.3673564444
1400.0 875.0 3.022105 45.4768146667
1250.0 550.0 9.586964 14.8920928889
900.0 350.0 161.082227 220.876876444
1375.0 1100.0 3.686185 271.454697778
1775.0 150.0 0.172891 2.2998496
1650.0 750.0 0.456557 4.1087
1775.0 1075.0 0.175049 13.5344855556
625.0 525.0 2247.659584 1766.16662222
650.0 225.0 1741.073983 455.991124444
900.0 50.0 163.153335 169.157967111
1800.0 1150.0 0.145448 23.835048
1550.0 1250.0 -1.0 1.0
675.0 325.0 1341.300903 738.307111111
1325.0 650.0 5.33937 15.5110253333
975.0 675.0 87.376454 267.678
1350.0 975.0 4.44147 162.555706667
1425.0 1025.0 2.531242 128.150175556
1350.0 475.0 4.421992 5.93657155556
1700.0 1300.0 -1.0 1.0
1375.0 725.0 3.666061 16.6678324444
1225.0 400.0 11.737602 19.128012
475.0 450.0 12065.220499 12660.0064
375.0 350.0 46689.149838 33766.156
1300.0 200.0 6.529389 9.76325435556
1450.0 575.0 2.086168 4.74338297778
1275.0 200.0 7.969099 12.7055773333
1750.0 475.0 0.213782 2.4937284
1825.0 625.0 0.120125 2.87334
800.0 325.0 406.514384 349.878008889
1250.0 1100.0 9.557583 695.770666667
1200.0 350.0 14.4575 18.2212746667
1475.0 800.0 1.731094 12.7203853333
1550.0 450.0 0.9638 2.86710608889
1750.0 1275.0 -1.0 1.0
1475.0 850.0 1.724695 24.7751835556
700.0 175.0 1040.64819 147.991
1450.0 350.0 2.070411 503.318296489
850.0 50.0 258.395279 247.487933778
1475.0 1125.0 1.704978 165.603546667
950.0 125.0 107.038566 22.8507906667
850.0 600.0 258.675433 427.589746667
1575.0 775.0 0.782776 7.21907324444
1000.0 800.0 70.95251 364.794928889
1625.0 1350.0 -1.0 1.0
1325.0 425.0 5.348521 6.01204666667
775.0 400.0 505.732547 542.26632
1400.0 1275.0 -1.0 1.0
1625.0 675.0 0.54054 3.91579777778
1800.0 1250.0 -1.0 1.0
1225.0 300.0 11.677473 14.5307024
1450.0 100.0 2.114032 2.51394333333
1325.0 550.0 5.351463 10.366988
800.0 250.0 408.034181 288.945711111
1200.0 225.0 14.306795 15.9858293333
1475.0 1175.0 1.704673 240.588
825.0 400.0 323.910257 382.078471111
1575.0 675.0 0.786443 4.57358
800.0 75.0 402.025936 254.76388
925.0 100.0 130.163788 59.361484
1150.0 1025.0 21.530704 851.099182222
1175.0 850.0 17.404527 144.413173333
1275.0 25.0 7.857594 9.61903022222
325.0 200.0 100395.411152 24334.8031111
1350.0 700.0 4.373356 16.2033671111
825.0 275.0 323.609239 288.824044444
1775.0 1225.0 -1.0 1.0
1475.0 600.0 1.735863 4.79432964444
300.0 100.0 150250.852012 21513.8822222
1350.0 75.0 4.539174 4.91541973333
1400.0 200.0 3.069756 3.11362
1325.0 900.0 5.345259 92.0164888889
1450.0 875.0 2.132616 34.0081168889
1725.0 100.0 0.251095 2.26303591111
1125.0 125.0 25.954068 16.310644
775.0 325.0 506.443403 373.412333333
1125.0 375.0 26.034374 21.3995
750.0 375.0 642.215115 544.766986667
1700.0 550.0 0.316805 2.7658236
1700.0 650.0 0.319623 3.23087
550.0 100.0 4963.693607 715.481
1450.0 200.0 2.139981 2.68643453333
1625.0 1375.0 -1.0 1.0
925.0 250.0 130.322196 69.120744
1475.0 625.0 1.721697 5.2198088
1725.0 675.0 0.26058 3.19778
1175.0 725.0 17.497726 74.4897666667
350.0 100.0 66093.057184 5192.248
950.0 525.0 105.616563 133.346702222
1500.0 1100.0 1.405914 108.408846667
1775.0 1125.0 0.176832 22.5554822222
1275.0 1225.0 -1.0 1.0
700.0 675.0 -1.0 1.0
1575.0 550.0 0.794554 3.24863057778
975.0 350.0 87.549999 78.8407808889
1225.0 450.0 11.780977 19.0738232
750.0 525.0 646.204372 516.212493333
975.0 250.0 87.815888 28.38864
525.0 375.0 6664.966546 4859.48
1000.0 75.0 72.095706 19.40462
1275.0 250.0 7.912273 13.8105690667
1550.0 1350.0 -1.0 1.0
1750.0 650.0 0.214846 2.88778475556
1400.0 625.0 2.99888 9.38490173333
1375.0 900.0 3.645963 71.2987604444
1725.0 500.0 0.259214 2.6583088
1300.0 700.0 6.305304 22.2331333333
1150.0 675.0 21.792099 69.0863435556
1325.0 475.0 5.358689 8.16341977778
1550.0 1175.0 0.947776 134.816476316
1050.0 250.0 46.571632 21.7009888889
750.0 50.0 649.303247 273.650035556
1400.0 725.0 2.975209 13.2513653333
1250.0 725.0 9.51684 46.4962813333
825.0 150.0 324.248657 260.287906667
1275.0 675.0 7.85262 21.7581
1225.0 825.0 11.638862 103.511671556
1650.0 725.0 0.456995 4.09870026667
650.0 175.0 1755.065679 322.038457778
975.0 625.0 87.136148 226.01824
1825.0 825.0 0.119628 3.96412551111
1525.0 525.0 1.163916 3.44952275556
1800.0 300.0 0.141576 2.2351
1100.0 425.0 31.486951 27.5588293333
500.0 325.0 8964.153551 4795.67928889
1200.0 875.0 14.114838 132.439173333
1425.0 1325.0 -1.0 1.0
850.0 775.0 258.911706 1719.4984
425.0 250.0 22876.00938 11226.9628889
1350.0 800.0 4.414303 37.07884
825.0 800.0 -1.0 1.0
1500.0 450.0 1.417962 3.26883
1725.0 300.0 0.25259 2.30350893333
625.0 100.0 2252.452107 266.92876
1500.0 1150.0 1.400311 167.736826667
1725.0 525.0 0.261495 2.76558
1425.0 475.0 2.494458 3.91185302222
950.0 575.0 105.743279 167.93216
1225.0 275.0 11.75719 16.4027948
800.0 400.0 405.36155 480.071275556
1625.0 850.0 0.551354 7.12657035556
1325.0 1000.0 5.312549 200.761408889
1600.0 875.0 0.657941 9.36429368889
1675.0 400.0 0.377487 2.4695092
1550.0 1150.0 0.951102 108.190289778
1400.0 75.0 3.058995 2.69257351111
1275.0 1200.0 -1.0 1.0
1150.0 1050.0 21.547925 1084.05103111
600.0 325.0 2890.449625 1475.85626667
850.0 425.0 259.989857 307.050968889
1775.0 1050.0 0.173859 10.8670391556
1175.0 25.0 17.610916 15.0330386667
1625.0 325.0 0.543764 2.37250502222
1350.0 750.0 4.391327 23.1832
1025.0 425.0 57.743639 40.8045
400.0 200.0 32114.22193 9191.27951111
1125.0 500.0 26.05225 33.6315453333
625.0 200.0 2254.629065 520.747457778
300.0 175.0 151599.308184 17963.1593778
1750.0 1325.0 -1.0 1.0
1375.0 925.0 3.651683 73.7610333333
225.0 125.0 617525.390592 123924.618133
1075.0 275.0 38.484124 21.4517662222
1575.0 1175.0 0.786898 107.419709649
875.0 25.0 209.62086 244.612933778
1550.0 125.0 0.991364 2.4123104
1550.0 75.0 0.992911 2.25808084444
1425.0 125.0 2.549033 2.61854102222
1525.0 575.0 1.16858 3.83307782222
250.0 25.0 378566.7879 58072160.7259
750.0 475.0 645.167372 794.900164444
1000.0 400.0 70.95954 43.1012
1150.0 500.0 21.462591 29.8389373333
1025.0 525.0 57.888692 85.9423173333
1375.0 1000.0 3.663647 198.36604
1575.0 1300.0 -1.0 1.0
750.0 625.0 647.557144 1299.10982222
625.0 325.0 2252.450782 1086.71333333
1275.0 100.0 7.959532 13.0346025778
1825.0 1025.0 0.12256 7.57041
425.0 275.0 22944.849361 10468.8666667
1100.0 900.0 31.687646 393.723546667
1250.0 425.0 9.586177 17.6095896
275.0 50.0 234140.496192 12523962.8727
1175.0 775.0 17.458717 118.830088889
925.0 750.0 131.402502 582.010044444
850.0 675.0 258.209501 655.526795556
1550.0 475.0 0.965709 3.09506471111
1800.0 1175.0 0.144955 26.676724
1350.0 400.0 4.467026 851.858225911
1100.0 500.0 31.506457 37.3864
1300.0 525.0 6.391278 10.9242448889
775.0 725.0 506.123311 3091.75
1300.0 350.0 6.519198 11.0479438667
925.0 375.0 130.156409 151.585061778
1200.0 125.0 14.275436 15.2208915556
1000.0 900.0 70.946227 1455.07648889
1025.0 450.0 57.668633 51.6301053333
1475.0 25.0 1.71567 2.37502057778
1425.0 1225.0 -1.0 1.0
1125.0 800.0 25.953383 170.78544
875.0 575.0 202.145348 281.868
1275.0 1100.0 7.78608 537.044728889
1125.0 825.0 25.898899 165.793
825.0 700.0 327.980339 964.869466667
1200.0 600.0 14.34827 41.2384
1000.0 375.0 71.074499 40.4382808889
1775.0 300.0 0.171708 2.27101906667
1100.0 800.0 31.666555 191.277
1125.0 1100.0 -1.0 1.0
1775.0 900.0 0.173808 5.41325755556
625.0 250.0 2251.61445 729.44888
1775.0 1000.0 0.1733 7.66725582222
1250.0 1075.0 9.565203 608.810395556
875.0 725.0 204.193093 546.461
1150.0 275.0 21.444326 17.3181146667
1825.0 1175.0 0.122699 23.1583552632
1800.0 550.0 0.145825 2.57967395556
1350.0 150.0 4.547167 3.06546
1150.0 950.0 21.535658 376.926302222
1000.0 225.0 71.358145 24.158988
650.0 75.0 1750.399562 291.784551111
475.0 350.0 12048.674115 5994.53262222
1025.0 175.0 57.672249 20.3578426667
850.0 275.0 259.193085 278.701982222
1325.0 600.0 5.356656 13.286708
325.0 125.0 100096.468416 10298.3313333
525.0 25.0 6724.648762 653.445568889
1425.0 600.0 2.50785 6.2284832
1350.0 1000.0 4.42498 208.695484444
975.0 475.0 87.34122 96.8801377778
1350.0 450.0 4.442561 4.72499
950.0 250.0 106.272164 30.70098
1825.0 750.0 0.118676 3.23238351111
1100.0 200.0 31.819879 17.1417333333
1075.0 1000.0 38.700605 1561.4492
1100.0 150.0 31.786048 16.9926773333
1250.0 825.0 9.587536 92.1796857778
1550.0 700.0 0.977069 5.55331306667
1625.0 1125.0 0.549077 53.9357106667
450.0 325.0 16530.679868 8044.15537778
1675.0 750.0 0.375456 4.05014364444
400.0 50.0 32199.144368 2911.36216889
1525.0 400.0 1.144473 123.4726364
225.0 25.0 620839.19504 107116187.185
925.0 425.0 130.573264 108.789404
875.0 75.0 206.250037 172.032967111
1125.0 450.0 25.970445 27.0969626667
1425.0 100.0 2.542409 2.60213551111
1600.0 250.0 0.660605 2.39320333333
1100.0 775.0 31.672342 196.26944
1400.0 1025.0 3.047509 198.795746667
1575.0 250.0 0.800381 2.43579631111
575.0 25.0 3747.281681 427.003506667
1375.0 1200.0 3.704 453.438333333
500.0 350.0 8968.447104 5390.08666667
1075.0 150.0 38.284587 17.5890386667
750.0 725.0 -1.0 1.0
600.0 250.0 2886.268097 941.139911111
300.0 250.0 151660.322528 29511563.1333
1150.0 25.0 21.436807 15.4007756757
1075.0 1050.0 -1.0 1.0
1725.0 375.0 0.255773 2.39092
1600.0 1125.0 0.658608 63.6837053333
1525.0 625.0 1.175671 4.47186666667
1025.0 75.0 59.084335 18.57144
1025.0 100.0 58.552849 18.8547391111
625.0 275.0 2243.687983 857.7996
600.0 300.0 2884.710376 1119.08
1350.0 825.0 4.428978 44.02666
975.0 550.0 86.996447 136.69972
1800.0 75.0 0.147189 2.27955573333
1050.0 400.0 46.392916 33.6346773333
325.0 225.0 100262.399478 31136.5395556
1775.0 250.0 0.169722 2.27433906667
650.0 275.0 1731.363076 697.1944
1300.0 75.0 6.633976 11.1458065778
1075.0 600.0 38.824152 67.7735675556
1025.0 800.0 57.678072 283.146226667
1000.0 0.0 71.293469 90.5706666667
1500.0 1050.0 1.40524 80.6799
675.0 475.0 1347.113568 773.601955556
625.0 375.0 2259.285393 1766.28177778
1175.0 425.0 17.765705 21.3729666667
1800.0 225.0 0.141543 2.24153773333
1575.0 1200.0 0.786214 152.5597
300.0 150.0 151592.462856 17047.6
1700.0 275.0 0.308312 2.30031226667
1525.0 1150.0 1.15627 124.51432
400.0 350.0 32444.247555 27494.4
1475.0 525.0 1.73354 3.77251008889
725.0 50.0 823.093801 288.562386667
900.0 525.0 160.277679 233.709946667
1225.0 425.0 11.770987 19.8954664
1025.0 150.0 57.996691 19.6133391111
825.0 650.0 328.292371 605.947662222
1450.0 700.0 2.117824 9.41667333333
1200.0 700.0 14.274058 58.9777244444
1050.0 200.0 46.530049 19.7260426667
1550.0 0.0 0.994221 2.25935333333
1600.0 425.0 0.656561 2.64090977778
1350.0 200.0 4.52185 4.31655102222
875.0 175.0 205.154882 253.722162667
1750.0 1350.0 -1.0 1.0
1275.0 950.0 7.781792 155.364377778
1200.0 375.0 14.479724 18.924912
1075.0 25.0 39.094246 16.6701
750.0 225.0 639.315377 217.353026667
1400.0 25.0 3.098037 2.62161684444
1400.0 350.0 3.073351 3.34748
800.0 225.0 407.469724 279.888711111
1550.0 300.0 0.954269 2.50531928889
325.0 100.0 99592.772108 2429589.306
275.0 25.0 234280.7514 10034673.4462
1625.0 1325.0 -1.0 1.0
1750.0 50.0 0.215001 2.28638382222
1050.0 125.0 46.758067 18.1706057778
1600.0 500.0 0.668197 2.92162262222
800.0 300.0 405.317818 326.545377778
1750.0 525.0 0.216147 2.67415426667
1225.0 650.0 11.736185 40.0354271111
650.0 425.0 1743.419947 1814.55265333
625.0 175.0 2245.424625 401.400666667
750.0 275.0 639.501526 335.400217778
1575.0 375.0 0.78098 2.52622
1450.0 375.0 2.074573 127.245666578
700.0 575.0 1050.849177 1542.48189333
1775.0 650.0 0.173072 2.74046546667
825.0 500.0 326.400489 417.822248889
1125.0 1050.0 25.944432 1429.2948
775.0 125.0 507.039652 268.063937778
1475.0 75.0 1.731258 2.48085391111
725.0 475.0 823.260476 643.806662222
1675.0 825.0 0.37973 5.10035986667
875.0 200.0 204.711992 219.396344
1250.0 1150.0 9.550039 2277.77798222
1175.0 500.0 17.628878 24.649456
775.0 525.0 505.410004 664.421164444
1375.0 250.0 3.727946 3.7181732
1675.0 300.0 0.37852 2.29058964444
1325.0 500.0 5.359715 9.37500133333
1175.0 800.0 17.468586 139.032666667
1425.0 800.0 2.52734 22.8087702222
550.0 200.0 4914.722643 946.770364444
1150.0 175.0 21.284452 15.914616
1150.0 975.0 21.50974 433.559484444
1375.0 450.0 3.741815 213.165800178
1575.0 700.0 0.788153 5.09043653333
1425.0 0.0 2.554678 2.53688
1600.0 75.0 0.655635 2.14445008889
1400.0 1075.0 3.052502 175.983364444
1600.0 475.0 0.667079 2.7587008
1500.0 525.0 1.419504 3.52468013333
1175.0 975.0 17.447408 359.548968889
900.0 250.0 161.78535 110.857697778
675.0 650.0 -1.0 1.0
375.0 50.0 46148.138179 3506.6012
850.0 450.0 259.391518 325.966604444
675.0 300.0 1343.42341 637.2644
550.0 475.0 4944.288562 3226.8956
1700.0 325.0 0.310624 2.31020231111
1575.0 525.0 0.801043 3.1592
1125.0 400.0 26.042906 23.2986542222
1350.0 575.0 4.448169 10.255688
950.0 650.0 106.077735 265.985
1275.0 1175.0 7.800351 2203.70098701
875.0 300.0 203.03548 280.999315556
1200.0 1100.0 14.093718 1779.34368889
1050.0 950.0 46.249691 1365.70568889
1400.0 950.0 3.032831 62.5393666667
1625.0 500.0 0.548153 2.79668226667
1550.0 225.0 0.962269 2.42158026667
800.0 600.0 407.593803 643.455733333
1375.0 225.0 3.714187 3.10926773333
900.0 75.0 163.417799 134.816450667
925.0 600.0 131.504014 236.38772
1425.0 625.0 2.509691 7.69119346667
1250.0 1000.0 9.569635 238.222404444
900.0 650.0 161.911779 615.899924444
725.0 600.0 825.374357 1458.21589333
1200.0 325.0 14.485927 17.5176373333
300.0 225.0 152463.592464 19794.2781333
1800.0 450.0 0.146342 2.45435
675.0 75.0 1349.114688 306.666
1125.0 975.0 25.902438 507.57
625.0 400.0 2254.881409 2122.5988
1550.0 1400.0 -1.0 1.0
175.0 75.0 1868399.5 97233217.1849
1075.0 650.0 38.798495 97.8897964444
1300.0 775.0 6.331741 42.637748
1375.0 275.0 3.739103 6.69435471111
1475.0 125.0 1.750299 2.44215666667
1825.0 0.0 0.11589 2.19203833333
350.0 75.0 66229.336 4646.57453333
1400.0 650.0 2.989198 10.28462
1575.0 825.0 0.789807 7.79724
675.0 375.0 1350.802572 1021.98
925.0 325.0 129.750873 197.308633333
1450.0 1350.0 -1.0 1.0
1600.0 1050.0 0.660142 35.3654195556
1475.0 1350.0 -1.0 1.0
1400.0 800.0 3.005264 27.4292666667
1025.0 300.0 57.528591 28.0569111111
1375.0 525.0 3.739629 6.14439302222
1825.0 600.0 0.120607 2.76435426667
350.0 50.0 66563.725184 4122.17
1225.0 575.0 11.824084 24.5693928889
350.0 225.0 66462.18544 24820.2697778
1125.0 1000.0 25.946485 814.8116
250.0 225.0 382670.012712 121143.908
1475.0 825.0 1.718044 18.6599791111
1600.0 1100.0 0.657681 51.4574106667
1325.0 800.0 5.289932 42.50366
825.0 675.0 327.771014 587.015
1050.0 475.0 46.359928 49.7985253333
1575.0 575.0 0.793048 3.33806115556
1375.0 125.0 3.743058 2.89587435556
1325.0 825.0 5.315752 56.30034
1675.0 725.0 0.376917 3.93654062222
1450.0 1125.0 2.107315 208.933773333
1450.0 1150.0 2.102974 246.426
425.0 400.0 22785.670735 22115.4333333
975.0 775.0 87.845463 376.934013333
1675.0 1225.0 -1.0 1.0
650.0 625.0 -1.0 1.0
1775.0 1025.0 0.174279 8.21398666667
1700.0 1225.0 -1.0 1.0
1625.0 475.0 0.540488 2.75484595556
1700.0 725.0 0.314227 3.87798426667
1775.0 625.0 0.17366 2.76326475556
1175.0 250.0 17.905721 16.5394813333
750.0 700.0 648.26675 2733.35666667
1800.0 275.0 0.143294 2.25094906667
1000.0 125.0 71.965374 20.2974724444
725.0 350.0 823.660282 547.267653333
450.0 425.0 16567.400796 16969.6
1700.0 900.0 0.312935 6.56918604444
1700.0 575.0 0.313551 2.7603304
1575.0 500.0 0.800225 3.05852137778
1825.0 1250.0 -1.0 1.0
175.0 125.0 1874438.4 465076000.0
1350.0 525.0 4.435846 8.35973466667
325.0 250.0 99962.304192 32211.1848
900.0 675.0 161.599892 792.550386667
1800.0 1050.0 0.145625 8.44061
775.0 550.0 505.94446 527.96216
500.0 25.0 9012.60336 816.476617778
1150.0 550.0 21.669111 38.2966
375.0 25.0 46244.419401 5283.8524
1625.0 425.0 0.532621 2.61465333333
875.0 850.0 -1.0 1.0
1325.0 50.0 5.516696 6.33568306667
225.0 0.0 622670.778552 147496453.905
1250.0 675.0 9.532901 33.5419937778
1775.0 1400.0 -1.0 1.0
875.0 650.0 203.29628 587.956053333
200.0 150.0 1089673.76364 339532266.667
1575.0 475.0 0.797985 2.95784275556
1400.0 375.0 3.068476 426.703362133
700.0 625.0 1048.419358 2349.198
1350.0 625.0 4.425621 12.8038862222
1475.0 1000.0 1.72016 50.2553826667
1525.0 925.0 1.165557 29.7611666667
1750.0 1100.0 0.213931 21.2493155556
1800.0 0.0 0.147731 2.15867
425.0 200.0 22734.913991 4240.40093333
1425.0 700.0 2.512202 10.6383528889
1550.0 1375.0 -1.0 1.0
1425.0 50.0 2.555922 2.55889351111
1550.0 375.0 0.946223 2.55333462222
1250.0 400.0 9.617986 15.6376197333
1525.0 200.0 1.156668 2.39579026667
350.0 125.0 66477.583872 6524.872
1550.0 1300.0 -1.0 1.0
1200.0 850.0 14.090099 135.007346667
525.0 475.0 6643.764535 9288.56666667
1575.0 175.0 0.80205 2.29785386667
925.0 725.0 131.514618 902.104422222
1175.0 275.0 17.884101 16.7493
1200.0 750.0 14.166203 70.6916
1200.0 75.0 14.331532 14.825308
1300.0 800.0 6.346474 54.77734
1550.0 1200.0 0.949601 179.956466667
1200.0 925.0 14.106633 181.760151111
1350.0 425.0 4.459465 428.291607956
1225.0 350.0 11.706411 16.2282425778
1450.0 450.0 2.076263 3.38803346667
1425.0 950.0 2.530937 53.6287888889
1375.0 50.0 3.8068 2.75529684444
1575.0 0.0 0.810259 2.2391
1575.0 125.0 0.808052 2.27455026667
750.0 25.0 653.542576 269.385017778
1500.0 475.0 1.424278 3.35411337778
550.0 0.0 4969.151977 596.458666667
1675.0 925.0 0.378082 8.03718
975.0 300.0 87.915726 33.18532
1700.0 300.0 0.304049 2.29704928889
1650.0 275.0 0.456922 2.31587475556
925.0 450.0 130.231996 122.467852
1300.0 975.0 6.332103 184.229235556
1450.0 150.0 2.11167 2.50172617778
975.0 400.0 87.615219 58.0157853333
850.0 325.0 258.39764 299.9284
1625.0 225.0 0.542006 2.33599031111
1350.0 1050.0 4.424368 188.35
1075.0 550.0 38.879902 71.001276
1450.0 625.0 2.098033 5.8148932
1600.0 850.0 0.660685 7.92329333333
1375.0 1150.0 3.695538 381.5418
1050.0 650.0 46.649447 140.702091111
1425.0 500.0 2.486677 4.09001151111
1650.0 175.0 0.458677 2.27981182222
625.0 425.0 2260.423711 1828.67699111
925.0 150.0 130.628645 172.253552444
1325.0 1225.0 -1.0 1.0
1400.0 400.0 3.047591 844.417437022
1475.0 975.0 1.717882 42.0342155556
550.0 325.0 4929.746795 2369.1408
1175.0 125.0 17.732556 15.6617666667
1225.0 250.0 11.717028 16.184796
1650.0 1375.0 -1.0 1.0
1125.0 575.0 25.933813 48.4321017778
450.0 50.0 16541.658376 1816.55483556
1650.0 1075.0 0.454072 37.2963053333
1700.0 475.0 0.313037 2.6227388
1600.0 375.0 0.655659 2.50027417778
1375.0 325.0 3.749307 3.54916
1300.0 1225.0 -1.0 1.0
1825.0 775.0 0.118325 3.42617333333
600.0 375.0 2900.294578 2189.4088
875.0 0.0 208.976586 242.3875
1775.0 475.0 0.174882 2.4823452
1800.0 525.0 0.14631 2.4913028
550.0 350.0 4947.086863 3146.24253333
1800.0 975.0 0.143858 6.5429172
1275.0 225.0 7.944629 15.7338
1700.0 375.0 0.310285 2.40293564444
1625.0 900.0 0.547632 9.49034702222
1800.0 250.0 0.141394 2.26679813333
1175.0 350.0 17.797163 18.721812
625.0 600.0 -1.0 1.0
1325.0 1050.0 5.322412 212.308075556
1425.0 375.0 2.532355 3.1458
1575.0 300.0 0.791687 2.41190893333
1825.0 425.0 0.120842 2.47078853333
700.0 275.0 1045.194175 382.295217778
725.0 0.0 816.168537 282.6155
1150.0 600.0 21.803085 37.998112
1025.0 375.0 57.51503 35.4786617778
1825.0 1300.0 -1.0 1.0
375.0 275.0 46409.558061 24368.6124444
1325.0 725.0 5.27729 22.7081666667
850.0 650.0 259.194559 519.444257778
1100.0 450.0 31.469527 30.9005751111
1425.0 750.0 2.518844 12.9337986667
925.0 300.0 130.679983 193.237773333
#END
title: #tilde{g}#tilde{q} #rightarrow qqq #tilde{#chi}_{1}^{0}#tilde{#chi}_{1}^{0}, ATLAS-CONF-2013-047, 8 TeV, NLL
Out file: TGQ.png
Root file: /home/lessa/SMS_database/ATLAS8TeV/ATLAS_CONF_2013_047/sms.root
Root tag: TGQ
