#MA5 EffMap for txName: T2bb , Analysis: cms_sus_13_012 , SR: 6NJet8_1250HT1500_200MHT300
# Mother  Daughter  Eff. 
760.0   540.0   0.0002041
320.0   300.0   0.0000000
600.0   60.0   0.0003231
800.0   360.0   0.0003922
640.0   450.0   0.0000701
520.0   90.0   0.0002474
960.0   1   0.0006327
280.0   180.0   0.0000384
1000.0   690.0   0.0002048
840.0   120.0   0.0004642
640.0   90.0   0.0004633
840.0   450.0   0.0003733
960.0   210.0   0.0004274
920.0   630.0   0.0004844
640.0   120.0   0.0003276
480.0   330.0   0.0000221
480.0   300.0   0.0000444
360.0   270.0   0.0000000
280.0   90.0   0.0000382
120.0   1   0.0000141
840.0   90.0   0.0005028
520.0   1   0.0004935
880.0   90.0   0.0004495
520.0   30.0   0.0004269
440.0   120.0   0.0003032
680.0   1   0.0003500
200.0   120.0   0.0000000
840.0   180.0   0.0005024
280.0   30.0   0.0000191
800.0   630.0   0.0000928
1000.0   360.0   0.0007268
360.0   1   0.0000823
760.0   420.0   0.0004835
720.0   570.0   0.0000370
600.0   30.0   0.0004611
520.0   180.0   0.0004704
960.0   450.0   0.0007280
80.0   1   0.0000000
560.0   360.0   0.0001142
800.0   210.0   0.0004086
520.0   120.0   0.0004030
120.0   30.0   0.0000142
800.0   150.0   0.0005207
720.0   540.0   0.0002047
280.0   240.0   0.0000192
360.0   180.0   0.0001452
680.0   120.0   0.0003261
760.0   90.0   0.0005950
960.0   270.0   0.0005807
720.0   1   0.0004470
920.0   120.0   0.0005578
600.0   300.0   0.0003220
1000.0   540.0   0.0004484
960.0   480.0   0.0005008
760.0   120.0   0.0006901
440.0   210.0   0.0001958
1000.0   60.0   0.0006691
720.0   630.0   0.0000746
1000.0   480.0   0.0005029
880.0   570.0   0.0004485
600.0   510.0   0.0000459
720.0   30.0   0.0003351
960.0   330.0   0.0004273
360.0   60.0   0.0000830
440.0   180.0   0.0002387
640.0   360.0   0.0003950
320.0   150.0   0.0000802
400.0   90.0   0.0002340
200.0   60.0   0.0000171
960.0   510.0   0.0004846
480.0   90.0   0.0001768
880.0   600.0   0.0002604
400.0   60.0   0.0001704
880.0   480.0   0.0004299
600.0   150   0.0002997
440.0   420.0   0.0000000
280.0   60.0   0.0000572
520.0   360.0   0.0000896
760.0   450.0   0.0004290
240.0   120.0   0.0000548
560.0   120.0   0.0004098
40.0   1   0.0000000
320.0   30.0   0.0001594
440.0   270.0   0.0000217
600.0   1   0.0004380
760.0   30.0   0.0005031
1000.0   300.0   0.0005402
880.0   360.0   0.0005765
840.0   1   0.0004469
1000.0   270.0   0.0006879
1000.0   420.0   0.0004824
800.0   540.0   0.0002609
840.0   420.0   0.0003542
400.0   360.0   0.0000000
680.0   450.0   0.0003284
800.0   690.0   0.0000374
840.0   540.0   0.0002605
680.0   240.0   0.0005121
560.0   210.0   0.0002500
560.0   390.0   0.0000912
960.0   360.0   0.0005749
840.0   390.0   0.0003550
720.0   210.0   0.0004825
640.0   210.0   0.0003932
800.0   300.0   0.0005791
880.0   120.0   0.0007454
560.0   510.0   0.0000227
880.0   300.0   0.0007694
440.0   360.0   0.0000434
1000.0   630.0   0.0004667
840.0   480.0   0.0003925
920.0   150.0   0.0003908
800.0   60.0   0.0005981
960.0   180.0   0.0004096
760.0   570.0   0.0001113
840.0   360.0   0.0003352
160.0   30.0   0.0000000
920.0   240.0   0.0005213
760.0   270.0   0.0004468
320.0   210.0   0.0000200
600.0   450.0   0.0000459
800.0   570.0   0.0002048
600.0   120.0   0.0004377
480.0   450.0   0.0000000
760.0   600.0   0.0000744
920.0   570.0   0.0002428
840.0   270.0   0.0004885
720.0   120.0   0.0005242
360.0   30.0   0.0002077
800.0   600.0   0.0002248
960.0   690.0   0.0001864
440.0   60.0   0.0001519
800.0   330.0   0.0005416
680.0   570.0   0.0000701
920.0   660.0   0.0001491
600.0   240.0   0.0003943
920.0   300.0   0.0005401
920.0   540.0   0.0003906
800.0   510.0   0.0002232
600.0   570.0   0.0000231
440.0   90.0   0.0002389
760.0   60.0   0.0004468
1000.0   210.0   0.0004656
480.0   270.0   0.0001554
640.0   60.0   0.0003939
680.0   210.0   0.0003269
400.0   240.0   0.0000426
400.0   120.0   0.0001063
280.0   210.0   0.0000191
920.0   480.0   0.0003922
240.0   180.0   0.0000182
960.0   390.0   0.0005013
360.0   210.0   0.0000825
840.0   510.0   0.0004313
720.0   420.0   0.0002780
400.0   270.0   0.0000851
520.0   510.0   0.0000000
880.0   210.0   0.0007103
720.0   90.0   0.0005204
600.0   480.0   0.0000460
1000.0   450.0   0.0005942
440.0   300.0   0.0000434
480.0   1   0.0002869
680.0   360.0   0.0003040
880.0   330.0   0.0007631
200.0   150.0   0.0000170
480.0   210.0   0.0002209
640.0   240.0   0.0003246
920.0   210.0   0.0007443
880.0   690.0   0.0001304
640.0   540.0   0.0000233
1000.0   330.0   0.0004452
640.0   480.0   0.0000462
400.0   210.0   0.0001694
880.0   270.0   0.0004846
680.0   150.0   0.0004202
600.0   360.0   0.0003682
560.0   480.0   0.0000228
360.0   120.0   0.0000825
840.0   300.0   0.0004490
840.0   690.0   0.0000922
480.0   30.0   0.0003544
560.0   450.0   0.0000456
760.0   630.0   0.0000555
960.0   240.0   0.0006162
760.0   300.0   0.0007060
320.0   60.0   0.0001397
720.0   390.0   0.0002041
960.0   570.0   0.0004119
760.0   360.0   0.0004299
1000.0   90.0   0.0005963
400.0   300.0   0.0000000
400.0   330.0   0.0000000
360.0   330.0   0.0000000
560.0   300.0   0.0002285
720.0   600.0   0.0000930
1000.0   30.0   0.0005569
840.0   630.0   0.0000933
800.0   180.0   0.0006527
760.0   510.0   0.0001490
480.0   180.0   0.0001103
760.0   660.0   0.0000186
920.0   1   0.0003708
880.0   60.0   0.0003921
680.0   510.0   0.0000233
720.0   480.0   0.0001489
160.0   120.0   0.0000000
480.0   60.0   0.0002884
840.0   660.0   0.0001485
760.0   240.0   0.0004091
840.0   210.0   0.0006141
440.0   390.0   0.0000000
960.0   120.0   0.0004657
720.0   660.0   0.0000372
640.0   1   0.0004165
960.0   630.0   0.0002604
960.0   30.0   0.0004632
440.0   240.0   0.0001528
640.0   300.0   0.0002563
320.0   90.0   0.0000596
360.0   90.0   0.0001447
200.0   180.0   0.0000000
800.0   1   0.0004098
720.0   360.0   0.0002592
280.0   120.0   0.0000573
840.0   60.0   0.0006140
760.0   180.0   0.0004660
640.0   330.0   0.0003719
720.0   510.0   0.0000931
400.0   390.0   0.0000000
560.0   30.0   0.0002972
680.0   60.0   0.0004439
480.0   240.0   0.0002448
320.0   180.0   0.0000200
560.0   240.0   0.0004101
520.0   330.0   0.0000676
240.0   150.0   0.0000000
760.0   480.0   0.0002605
200.0   30.0   0.0000169
600.0   210.0   0.0003479
960.0   300.0   0.0005409
720.0   270.0   0.0005592
80.0   60.0   0.0000000
560.0   150.0   0.0005033
520.0   270.0   0.0003174
680.0   390.0   0.0002825
880.0   1   0.0004654
920.0   90.0   0.0004859
880.0   30.0   0.0005028
800.0   240.0   0.0004855
240.0   90.0   0.0000000
560.0   1   0.0003203
600.0   540.0   0.0000000
920.0   360.0   0.0004647
920.0   270.0   0.0006135
200.0   90.0   0.0000170
640.0   270.0   0.0003486
680.0   270.0   0.0004446
840.0   600.0   0.0002613
80.0   30.0   0.0000126
360.0   240.0   0.0000415
720.0   300.0   0.0004633
400.0   180.0   0.0001697
440.0   330.0   0.0000436
600.0   270.0   0.0003199
760.0   330.0   0.0003358
880.0   390.0   0.0005972
40.0   30.0   0.0000000
960.0   420.0   0.0006502
720.0   150.0   0.0004647
920.0   690.0   0.0002055
680.0   90.0   0.0005136
1000.0   510.0   0.0007237
560.0   420.0   0.0001589
920.0   390.0   0.0005413
560.0   180.0   0.0002937
800.0   420.0   0.0003739
240.0   60.0   0.0000363
160.0   1   0.0000472
1000.0   600.0   0.0004827
360.0   300.0   0.0000000
720.0   240.0   0.0006140
520.0   210.0   0.0002248
1000.0   240.0   0.0002420
960.0   150.0   0.0006898
920.0   510.0   0.0004476
880.0   420.0   0.0006133
1000.0   390.0   0.0005759
880.0   150.0   0.0005950
360.0   150.0   0.0001036
880.0   510.0   0.0004092
120.0   60.0   0.0000141
520.0   420.0   0.0000224
240.0   210.0   0.0000000
1000.0   150.0   0.0003904
800.0   120.0   0.0005048
320.0   270.0   0.0000000
760.0   210.0   0.0005026
560.0   270.0   0.0000682
600.0   330.0   0.0002307
200.0   1   0.0000170
600.0   180.0   0.0004147
680.0   540.0   0.0000468
1000.0   120.0   0.0006329
480.0   120.0   0.0003528
640.0   180.0   0.0002088
1000.0   1   0.0005218
720.0   330.0   0.0002769
440.0   30.0   0.0002179
760.0   690.0   0.0000000
560.0   60.0   0.0004120
760.0   390.0   0.0005749
160.0   150.0   0.0000000
920.0   420.0   0.0004844
960.0   660.0   0.0004092
800.0   90.0   0.0006538
480.0   390.0   0.0000441
440.0   150.0   0.0001530
600.0   90.0   0.0005076
800.0   480.0   0.0002612
720.0   690.0   0.0000000
560.0   540.0   0.0000000
920.0   330.0   0.0006523
1000.0   660.0   0.0003530
520.0   240.0   0.0003155
400.0   150.0   0.0001061
960.0   600.0   0.0004622
880.0   660.0   0.0001500
880.0   540.0   0.0003536
1000.0   180.0   0.0005398
520.0   480.0   0.0000448
920.0   180.0   0.0004662
800.0   30.0   0.0006015
680.0   330.0   0.0003039
960.0   540.0   0.0003715
680.0   300.0   0.0003048
960.0   90.0   0.0005760
840.0   240.0   0.0005416
560.0   90.0   0.0003196
880.0   240.0   0.0009153
320.0   1   0.0001985
840.0   330.0   0.0005406
720.0   60.0   0.0003716
680.0   30.0   0.0006098
600.0   390.0   0.0002301
480.0   150.0   0.0002433
640.0   150.0   0.0006039
320.0   240.0   0.0000796
720.0   180.0   0.0004649
800.0   270.0   0.0005602
640.0   510.0   0.0000000
520.0   300.0   0.0000225
920.0   30.0   0.0005220
680.0   180.0   0.0004432
240.0   30.0   0.0000545
400.0   30.0   0.0002562
680.0   420.0   0.0002337
880.0   630.0   0.0002241
520.0   390.0   0.0000903
320.0   120.0   0.0000596
720.0   450.0   0.0002982
160.0   60.0   0.0000157
880.0   450.0   0.0003903
840.0   30.0   0.0004654
840.0   570.0   0.0002802
680.0   480.0   0.0000931
640.0   390.0   0.0002565
840.0   150.0   0.0004661
240.0   1   0.0000725
920.0   60.0   0.0005583
160.0   90.0   0.0000157
800.0   450.0   0.0004286
280.0   270.0   0.0000000
800.0   660.0   0.0000560
480.0   420.0   0.0000000
520.0   150.0   0.0003380
480.0   360.0   0.0000000
600.0   420.0   0.0000231
1000.0   570.0   0.0003163
440.0   1   0.0004113
880.0   180.0   0.0004107
560.0   330.0   0.0002272
280.0   1   0.0001148
760.0   1   0.0006525
920.0   450.0   0.0003174
520.0   450.0   0.0000679
800.0   390.0   0.0004462
640.0   30.0   0.0004620
120.0   90.0   0.0000000
640.0   420.0   0.0001627
960.0   60.0   0.0004827
760.0   150.0   0.0006669
400.0   1   0.0001925
520.0   60.0   0.0004044
280.0   150.0   0.0000382
