#MA5 EffMap for txName: T2bb , Analysis: cms_sus_13_012 , SR: 6NJet8_800HT1000_300MHT450
# Mother  Daughter  Eff. 
760.0   540.0   0.0010949
320.0   300.0   0.0000200
600.0   60.0   0.0010385
800.0   360.0   0.0009525
640.0   450.0   0.0008407
520.0   90.0   0.0007872
960.0   1   0.0005583
280.0   180.0   0.0002495
1000.0   690.0   0.0007822
840.0   120.0   0.0006128
640.0   90.0   0.0008802
840.0   450.0   0.0010080
960.0   210.0   0.0005017
920.0   630.0   0.0011551
640.0   120.0   0.0010996
480.0   330.0   0.0006616
480.0   300.0   0.0008434
360.0   270.0   0.0003099
280.0   90.0   0.0002485
120.0   1   0.0000000
840.0   90.0   0.0007449
520.0   1   0.0009196
880.0   90.0   0.0005057
520.0   30.0   0.0008763
440.0   120.0   0.0009097
680.0   1   0.0010267
200.0   120.0   0.0000510
840.0   180.0   0.0004466
280.0   30.0   0.0003055
800.0   630.0   0.0004642
1000.0   360.0   0.0005591
360.0   1   0.0007616
760.0   420.0   0.0007439
720.0   570.0   0.0005554
600.0   30.0   0.0006686
520.0   180.0   0.0008288
960.0   450.0   0.0005974
80.0   1   0.0000000
560.0   360.0   0.0007308
800.0   210.0   0.0008171
520.0   120.0   0.0008731
120.0   30.0   0.0000000
800.0   150.0   0.0005393
720.0   540.0   0.0007258
280.0   240.0   0.0000958
360.0   180.0   0.0005186
680.0   120.0   0.0007686
760.0   90.0   0.0006880
960.0   270.0   0.0005432
720.0   1   0.0006146
920.0   120.0   0.0004091
600.0   300.0   0.0011042
1000.0   540.0   0.0006912
960.0   480.0   0.0006677
760.0   120.0   0.0006715
440.0   210.0   0.0005005
1000.0   60.0   0.0002974
720.0   630.0   0.0002237
1000.0   480.0   0.0006705
880.0   570.0   0.0012335
600.0   510.0   0.0003444
720.0   30.0   0.0006144
960.0   330.0   0.0005574
360.0   60.0   0.0006639
440.0   180.0   0.0006076
640.0   360.0   0.0013942
320.0   150.0   0.0002808
400.0   90.0   0.0005956
200.0   60.0   0.0001025
960.0   510.0   0.0006896
480.0   90.0   0.0010831
880.0   600.0   0.0009115
400.0   60.0   0.0008094
880.0   480.0   0.0007476
600.0   150   0.0005994
440.0   420.0   0.0000000
280.0   60.0   0.0003431
520.0   360.0   0.0007396
760.0   450.0   0.0011193
240.0   120.0   0.0001097
560.0   120.0   0.0008197
40.0   1   0.0000000
320.0   30.0   0.0006177
440.0   270.0   0.0004783
600.0   1   0.0008068
760.0   30.0   0.0007267
1000.0   300.0   0.0005402
880.0   360.0   0.0007253
840.0   1   0.0004469
1000.0   270.0   0.0004462
1000.0   420.0   0.0004639
800.0   540.0   0.0009692
840.0   420.0   0.0007457
400.0   360.0   0.0000424
680.0   450.0   0.0009619
800.0   690.0   0.0006351
840.0   540.0   0.0009117
680.0   240.0   0.0010475
560.0   210.0   0.0008410
560.0   390.0   0.0006158
960.0   360.0   0.0004266
840.0   390.0   0.0007474
720.0   210.0   0.0007980
640.0   210.0   0.0008096
800.0   300.0   0.0007285
880.0   120.0   0.0006149
560.0   510.0   0.0001136
880.0   300.0   0.0006756
440.0   360.0   0.0002823
1000.0   630.0   0.0008960
840.0   480.0   0.0009905
920.0   150.0   0.0007071
800.0   60.0   0.0005421
960.0   180.0   0.0007633
760.0   570.0   0.0007977
840.0   360.0   0.0006890
160.0   30.0   0.0000470
920.0   240.0   0.0006330
760.0   270.0   0.0008935
320.0   210.0   0.0001804
600.0   450.0   0.0005508
800.0   570.0   0.0008752
600.0   120.0   0.0010137
480.0   450.0   0.0000883
760.0   600.0   0.0005019
920.0   570.0   0.0012515
840.0   270.0   0.0006388
720.0   120.0   0.0008051
360.0   30.0   0.0006646
800.0   600.0   0.0006931
960.0   690.0   0.0010997
440.0   60.0   0.0008683
800.0   330.0   0.0007844
680.0   570.0   0.0003741
920.0   660.0   0.0011370
600.0   240.0   0.0009974
920.0   300.0   0.0007078
920.0   540.0   0.0008370
800.0   510.0   0.0008370
600.0   570.0   0.0000231
440.0   90.0   0.0008904
760.0   60.0   0.0008005
1000.0   210.0   0.0003538
480.0   270.0   0.0007104
640.0   60.0   0.0009965
680.0   210.0   0.0009341
400.0   240.0   0.0003619
400.0   120.0   0.0009353
280.0   210.0   0.0001531
920.0   480.0   0.0009712
240.0   180.0   0.0000909
960.0   390.0   0.0007427
360.0   210.0   0.0004125
840.0   510.0   0.0009188
720.0   420.0   0.0010194
400.0   270.0   0.0002766
520.0   510.0   0.0000000
880.0   210.0   0.0007103
720.0   90.0   0.0009851
600.0   480.0   0.0003911
1000.0   450.0   0.0007798
440.0   300.0   0.0005853
480.0   1   0.0009711
680.0   360.0   0.0009588
880.0   330.0   0.0008562
200.0   150.0   0.0000680
480.0   210.0   0.0010604
640.0   240.0   0.0007419
920.0   210.0   0.0007443
880.0   690.0   0.0007826
640.0   540.0   0.0002330
1000.0   330.0   0.0005194
640.0   480.0   0.0006239
400.0   210.0   0.0005507
880.0   270.0   0.0005778
680.0   150.0   0.0010271
600.0   360.0   0.0006674
560.0   480.0   0.0002512
360.0   120.0   0.0005572
840.0   300.0   0.0006174
840.0   690.0   0.0005718
480.0   30.0   0.0010190
560.0   450.0   0.0003651
760.0   630.0   0.0004812
960.0   240.0   0.0005415
760.0   300.0   0.0008361
320.0   60.0   0.0004790
720.0   390.0   0.0010021
960.0   570.0   0.0008613
760.0   360.0   0.0008784
1000.0   90.0   0.0004099
400.0   300.0   0.0003173
400.0   330.0   0.0003420
360.0   330.0   0.0000414
560.0   300.0   0.0009367
720.0   600.0   0.0006326
1000.0   30.0   0.0003712
840.0   630.0   0.0008772
800.0   180.0   0.0007086
760.0   510.0   0.0009314
480.0   180.0   0.0010805
760.0   660.0   0.0002603
920.0   1   0.0005748
880.0   60.0   0.0004108
680.0   510.0   0.0010256
720.0   480.0   0.0011909
160.0   120.0   0.0000313
480.0   60.0   0.0010204
840.0   660.0   0.0008166
760.0   240.0   0.0006881
840.0   210.0   0.0006141
440.0   390.0   0.0003037
960.0   120.0   0.0003539
720.0   660.0   0.0001859
640.0   1   0.0007867
960.0   630.0   0.0010418
960.0   30.0   0.0005187
440.0   240.0   0.0005675
640.0   300.0   0.0008855
320.0   90.0   0.0006158
360.0   90.0   0.0006406
200.0   180.0   0.0000000
800.0   1   0.0006520
720.0   360.0   0.0010922
280.0   120.0   0.0003440
840.0   60.0   0.0005954
760.0   180.0   0.0008574
640.0   330.0   0.0008832
720.0   510.0   0.0007823
400.0   390.0   0.0000212
560.0   30.0   0.0005715
680.0   60.0   0.0004907
480.0   240.0   0.0008455
320.0   180.0   0.0003200
560.0   240.0   0.0011164
520.0   330.0   0.0006313
240.0   150.0   0.0000542
760.0   480.0   0.0012467
200.0   30.0   0.0000846
600.0   210.0   0.0010670
960.0   300.0   0.0005409
720.0   270.0   0.0010998
80.0   60.0   0.0000000
560.0   150.0   0.0007092
520.0   270.0   0.0009296
680.0   390.0   0.0011535
880.0   1   0.0007261
920.0   90.0   0.0004111
880.0   30.0   0.0006145
800.0   240.0   0.0006535
240.0   90.0   0.0001824
560.0   1   0.0007779
600.0   540.0   0.0001382
920.0   360.0   0.0007435
920.0   270.0   0.0005577
200.0   90.0   0.0000852
640.0   270.0   0.0011156
680.0   270.0   0.0010530
840.0   600.0   0.0010267
80.0   30.0   0.0000126
360.0   240.0   0.0003944
720.0   300.0   0.0007598
400.0   180.0   0.0007636
440.0   330.0   0.0004147
600.0   270.0   0.0008683
760.0   330.0   0.0007836
880.0   390.0   0.0006158
40.0   30.0   0.0000000
960.0   420.0   0.0006688
720.0   150.0   0.0008922
920.0   690.0   0.0010646
680.0   90.0   0.0007237
1000.0   510.0   0.0005752
560.0   420.0   0.0006354
920.0   390.0   0.0008026
560.0   180.0   0.0008584
800.0   420.0   0.0009723
240.0   60.0   0.0003267
160.0   1   0.0000472
1000.0   600.0   0.0008169
360.0   300.0   0.0001859
720.0   240.0   0.0008745
520.0   210.0   0.0008317
1000.0   240.0   0.0003909
960.0   150.0   0.0004847
920.0   510.0   0.0008205
880.0   420.0   0.0008364
1000.0   390.0   0.0006316
880.0   150.0   0.0005206
360.0   150.0   0.0005389
880.0   510.0   0.0008371
120.0   60.0   0.0000565
520.0   420.0   0.0003814
240.0   210.0   0.0000544
1000.0   150.0   0.0004833
800.0   120.0   0.0006917
320.0   270.0   0.0000597
760.0   210.0   0.0007819
560.0   270.0   0.0010227
600.0   330.0   0.0010379
200.0   1   0.0002042
600.0   180.0   0.0006911
680.0   540.0   0.0007022
1000.0   120.0   0.0004281
480.0   120.0   0.0008159
640.0   180.0   0.0008121
1000.0   1   0.0002795
720.0   330.0   0.0008308
440.0   30.0   0.0008717
760.0   690.0   0.0002231
560.0   60.0   0.0008468
760.0   390.0   0.0009459
160.0   150.0   0.0000000
920.0   420.0   0.0007265
960.0   660.0   0.0010231
800.0   90.0   0.0008780
480.0   390.0   0.0003084
440.0   150.0   0.0006994
600.0   90.0   0.0009230
800.0   480.0   0.0011752
720.0   690.0   0.0000927
560.0   540.0   0.0000456
920.0   330.0   0.0005032
1000.0   660.0   0.0010218
520.0   240.0   0.0007662
400.0   150.0   0.0006368
960.0   600.0   0.0010539
880.0   660.0   0.0008436
880.0   540.0   0.0009492
1000.0   180.0   0.0003350
520.0   480.0   0.0000224
920.0   180.0   0.0005594
800.0   30.0   0.0006955
680.0   330.0   0.0007949
960.0   540.0   0.0008915
680.0   300.0   0.0007503
960.0   90.0   0.0002973
840.0   240.0   0.0005229
560.0   90.0   0.0008448
880.0   240.0   0.0005231
320.0   1   0.0004368
840.0   330.0   0.0008574
720.0   60.0   0.0007619
680.0   30.0   0.0005160
600.0   390.0   0.0010356
480.0   150.0   0.0011059
640.0   150.0   0.0009987
320.0   240.0   0.0001791
720.0   180.0   0.0008554
800.0   270.0   0.0006909
640.0   510.0   0.0003486
520.0   300.0   0.0005617
920.0   30.0   0.0005592
680.0   180.0   0.0007931
240.0   30.0   0.0002544
400.0   30.0   0.0005977
680.0   420.0   0.0009581
880.0   630.0   0.0009899
520.0   390.0   0.0006324
320.0   120.0   0.0004963
720.0   450.0   0.0008013
160.0   60.0   0.0000627
880.0   450.0   0.0008736
840.0   30.0   0.0005770
840.0   570.0   0.0008968
680.0   480.0   0.0006986
640.0   390.0   0.0007461
840.0   150.0   0.0007085
240.0   1   0.0002357
920.0   60.0   0.0005769
160.0   90.0   0.0000314
800.0   450.0   0.0010435
280.0   270.0   0.0000000
800.0   660.0   0.0007279
480.0   420.0   0.0001989
520.0   150.0   0.0008788
480.0   360.0   0.0003555
600.0   420.0   0.0005317
1000.0   570.0   0.0007630
440.0   1   0.0005411
880.0   180.0   0.0007653
560.0   330.0   0.0009541
280.0   1   0.0004019
760.0   1   0.0005406
920.0   450.0   0.0004854
520.0   450.0   0.0002714
800.0   390.0   0.0010226
640.0   30.0   0.0007393
120.0   90.0   0.0000000
640.0   420.0   0.0007901
960.0   60.0   0.0005384
760.0   150.0   0.0006854
400.0   1   0.0006629
520.0   60.0   0.0007863
280.0   150.0   0.0001721
