100 0 0.67
100 35 1.00
100 65 21.52
110 10 0.36
110 50 0.54
110 80 21.76
130 30 0.37
130 65 0.56
145 105 83.52
155 90 0.43
170 20 0.18
170 70 0.35
170 130 14.53
180 115 1.28
200 0 0.09
200 50 0.15
200 100 0.28
205 140 0.79
220 20 0.09
220 70 0.09
220 125 0.29
250 0 0.05
250 50 0.10
250 100 0.13
250 150 0.29
260 190 1.40
275 20 0.05
275 70 0.06
275 125 0.17
275 175 0.50
280 215 0.71
300 0 0.04
300 50 0.05
300 100 0.07
300 150 0.12
325 20 0.04
325 70 0.05
325 125 0.08
325 175 0.12
350 0 0.03
350 50 0.06
350 100 0.04
350 150 0.09
375 70 0.04
375 125 0.05
