#MA5 EffMap for txName: T5WW , Analysis: cms_sus_13_012 , SR: 3NJet6_800HT1000_300MHT450
# Mother Interm Daughter  Eff. 
1440   500   0.0060081
960   700   0.0056836
1380   450   0.0064052
660   250   0.0125741
900   250   0.0129845
360   50   0.0028135
1680.0   550.0   0.0038518
1200   550   0.0116075
900   550   0.0103739
1200   450   0.0097948
1320   300   0.0062768
1080   50   0.0096421
660   150   0.0140515
1140   500   0.0107947
120   0   0.0000000
300   0   0.0009521
1440   50   0.0053749
960   0   0.0121063
1500   650   0.0066169
120.0   63.0   0.0000267
1440   550   0.0063892
1260   500   0.0091962
780   500   0.0067052
60.0   0.0   0.0000000
1140   50   0.0092312
1620   200   0.0035467
780   50   0.0131464
420   300   0.0010441
1680.0   200.0   0.0027846
960   400   0.0124041
1500   600   0.0060089
1080   300   0.0098763
660.0   621.0   0.0006582
1020   300   0.0107782
1200   300   0.0089064
1560   300   0.0033655
1500   500   0.0050087
900   400   0.0138314
780   200   0.0134276
1140   100   0.0083310
1200   50   0.0083781
240   50   0.0004366
480   200   0.0050899
240   150   0.0001772
1680.0   350.0   0.0032169
1680.0   700.0   0.0045090
1380   600   0.0086030
540   50   0.0115906
960   550   0.0126981
1020   650   0.0118428
960   300   0.0125545
840   250   0.0137573
840   650   0.0026291
840   200   0.0135820
1440   200   0.0046666
1320   400   0.0065724
1260   550   0.0094248
780   600   0.0028119
1320   650   0.0088814
900   300   0.0133513
960   350   0.0125444
60.0   9.0   0.0000000
420.0   396.0   0.0002868
900   0   0.0129588
1500   400   0.0048404
1560   400   0.0042837
780   250   0.0127715
1380   500   0.0069235
1500   550   0.0060030
1080   450   0.0124252
420   150   0.0033503
1140   300   0.0092895
1620   0   0.0036647
1200   600   0.0123052
1680.0   400.0   0.0032817
1140   450   0.0102955
1560   600   0.0054855
660   300   0.0112975
300   100   0.0005261
780   300   0.0143859
1260   650   0.0116084
780   450   0.0103512
540   0   0.0112753
1020   200   0.0104089
780   100   0.0135646
600   100   0.0133512
600   500   0.0013169
600   550   0.0007367
1380   50   0.0052499
1680.0   500.0   0.0035313
600   250   0.0096378
1080   350   0.0101782
1260   250   0.0076204
780   150   0.0137402
1620   300   0.0037852
1200   350   0.0085535
240   100   0.0002257
540.0   486.0   0.0006397
900   650   0.0051113
1320   550   0.0087373
900   600   0.0081575
1140   400   0.0103849
1260   700   0.0120383
540   400   0.0014462
720   550   0.0023545
1020   400   0.0124480
660   550   0.0014331
660   500   0.0023488
960   600   0.0117808
1080   500   0.0128667
960   50   0.0108971
600   50   0.0136711
1500   100   0.0045407
1320   350   0.0071368
720   150   0.0137939
1140   650   0.0126485
1320   600   0.0099077
1380   400   0.0062203
1140   600   0.0117403
1380   150   0.0058902
780.0   700.0   0.0009834
1080   250   0.0100816
480   350   0.0013647
1020   550   0.0127343
480   300   0.0021483
960   250   0.0118191
840   350   0.0137482
1140   200   0.0088239
1020   600   0.0119994
1680.0   250.0   0.0028827
180   100   0.0001049
720   500   0.0034970
1560   100   0.0036594
480   100   0.0077132
1680.0   650.0   0.0045783
1200   100   0.0080323
1200   400   0.0084704
480.0   432.0   0.0006364
1560   650   0.0057747
660   450   0.0034705
960   200   0.0116839
1320   700   0.0099627
1620   700   0.0052323
900   450   0.0120976
300   200   0.0005632
1260   200   0.0066471
420   200   0.0023455
840   300   0.0134045
540.0   495.0   0.0008243
720   200   0.0140832
720   450   0.0064025
1080   0   0.0098703
1380   350   0.0061303
780.0   650.0   0.0015495
1620   50   0.0034079
960   650   0.0081770
840   600   0.0048586
720   400   0.0085808
1560   350   0.0045277
1680.0   0.0   0.0030328
1320   250   0.0064519
1080   400   0.0110333
300   150   0.0006459
1560   700   0.0066818
1320   450   0.0076538
1140   350   0.0098250
600.0   558.0   0.0007182
540   200   0.0080398
1020   350   0.0117753
1500   0   0.0047054
900   200   0.0124989
1500   450   0.0054354
1140   550   0.0118196
1440   0   0.0050193
660   350   0.0079497
840   550   0.0079153
660   50   0.0136138
1200   500   0.0101181
900   50   0.0125769
960   100   0.0112963
720   300   0.0120305
1560   50   0.0040018
600   150   0.0124512
1680.0   50.0   0.0027798
1140   150   0.0086032
1020   100   0.0104222
1560   0   0.0041529
480   150   0.0063085
360   250   0.0008072
1080   700   0.0120072
300   50   0.0009232
1080   200   0.0093695
1500   250   0.0038236
600   400   0.0026101
60.0   45.0   0.0000000
540   150   0.0098455
1200   700   0.0119497
1020   150   0.0115464
360   300   0.0004383
420.0   0.0   0.0059309
600   350   0.0051561
1320   500   0.0081730
1680.0   300.0   0.0029481
1380   550   0.0072600
360   150   0.0015155
1440   100   0.0046423
720   50   0.0138705
480.0   450.0   0.0003625
1500   50   0.0044003
1500   150   0.0043073
780   350   0.0134122
840   100   0.0127925
540   350   0.0024133
180   50   0.0000597
1260   350   0.0071807
1380   200   0.0056619
1080   100   0.0086154
1320   0   0.0064298
1560   550   0.0048410
660   200   0.0125764
1260   600   0.0105565
1380   300   0.0059774
1620   550   0.0044998
1140   0   0.0085706
1620   600   0.0043754
1560   450   0.0047259
1620   450   0.0043787
840   700   0.0021758
1680.0   600.0   0.0037364
420.0   50.0   0.0052484
360   100   0.0021969
120   100   0.0000531
480   50   0.0084967
1380   0   0.0056756
720   250   0.0133806
960   150   0.0117279
1560   500   0.0044811
1260   300   0.0073860
900   700   0.0031767
300.0   261.0   0.0002717
1080   150   0.0096337
720.0   675.0   0.0007842
1620   400   0.0035198
900   500   0.0114718
1440   600   0.0066236
1620   150   0.0035416
360   200   0.0009647
300   250   0.0003059
480   250   0.0030881
540   100   0.0106988
420   100   0.0044486
240   200   0.0002579
1020   250   0.0107329
480   400   0.0007686
1320   50   0.0066672
1440   150   0.0046334
1080   650   0.0128730
1500   300   0.0044456
720   350   0.0119256
1260   150   0.0076100
1440   400   0.0054699
840   50   0.0133408
900   150   0.0120372
1260   50   0.0073574
1680.0   150.0   0.0028445
720   100   0.0140436
1440   250   0.0052505
840   500   0.0106547
1320   150   0.0061505
780   400   0.0121113
660   100   0.0132387
1500   350   0.0049166
1380.0   650.0   0.0083611
420   400   0.0002152
720   0   0.0137224
540   250   0.0061363
1440   300   0.0042087
1020   700   0.0080315
1260   450   0.0085417
780   0   0.0137626
1200   250   0.0079357
1020   0   0.0106988
720.0   650.0   0.0007117
1140   700   0.0122786
1260   400   0.0083058
1200   150   0.0078288
1260   100   0.0073251
1440   450   0.0062054
420   350   0.0008117
1200   650   0.0116205
1440   700   0.0085954
840   150   0.0130687
660   600   0.0006819
360   0   0.0028767
180   150   0.0000596
1080   600   0.0129412
780   550   0.0043062
1560   150   0.0040680
1200   0   0.0080938
1020   50   0.0108705
1500   700   0.0074796
1560   250   0.0041242
660   0   0.0148184
1380   100   0.0060133
1380   700   0.0091939
1080   550   0.0128805
1680.0   450.0   0.0032517
1500   200   0.0045265
1440   350   0.0058096
1680.0   100.0   0.0035032
1620   500   0.0039702
540   300   0.0039422
120   50   0.0000134
600   300   0.0072061
480.0   441.0   0.0004299
720.0   700.0   0.0006678
1620   650   0.0049775
600   200   0.0108128
960   500   0.0136315
1620   350   0.0031869
840   0   0.0134543
900   350   0.0131836
1020   450   0.0129187
1620   100   0.0033450
1380   250   0.0060312
1200   200   0.0077836
240.0   207.0   0.0004561
1440   650   0.0074485
480   0   0.0092801
600   0   0.0135334
180   0   0.0001052
660   400   0.0048642
900   100   0.0127485
840   400   0.0131745
1320   200   0.0065731
1020   500   0.0132382
1560   200   0.0040784
600   450   0.0017778
1620   250   0.0031205
300.0   252.0   0.0003054
180.0   135.0   0.0001047
540   500   0.0010169
420   250   0.0015187
720   600   0.0016317
540   450   0.0008627
240   0   0.0004187
840   450   0.0123815
1320   100   0.0065091
960   450   0.0132069
1140   250   0.0086693
360.0   315.0   0.0005643
1260   0   0.0069212
