#MA5 EffMap for txName: T5WW , Analysis: cms_sus_13_012 , SR: 3NJet6_1250HT1500_200MHT300
# Mother Interm Daughter  Eff. 
1440   500   0.0027144
960   700   0.0003207
1380   450   0.0025487
660   250   0.0011165
900   250   0.0021521
360   50   0.0003670
1680.0   550.0   0.0022855
1200   550   0.0021292
900   550   0.0009365
1200   450   0.0030019
1320   300   0.0024870
1080   50   0.0028297
660   150   0.0016101
1140   500   0.0020479
120   0   0.0000000
300   0   0.0002040
1440   50   0.0023442
960   0   0.0027441
1500   650   0.0025907
120.0   63.0   0.0000000
1440   550   0.0024829
1260   500   0.0021798
780   500   0.0004555
60.0   0.0   0.0000000
1140   50   0.0032745
1620   200   0.0023483
780   50   0.0022610
420   300   0.0000900
1680.0   200.0   0.0022565
960   400   0.0022488
1500   600   0.0024200
1080   300   0.0024208
660.0   621.0   0.0000000
1020   300   0.0022336
1200   300   0.0027800
1560   300   0.0025851
1500   500   0.0025126
900   400   0.0017087
780   200   0.0021308
1140   100   0.0028464
1200   50   0.0026611
240   50   0.0000162
480   200   0.0004363
240   150   0.0000161
1680.0   350.0   0.0022727
1680.0   700.0   0.0025423
1380   600   0.0026009
540   50   0.0009537
960   550   0.0013872
1020   650   0.0006904
960   300   0.0021726
840   250   0.0023776
840   650   0.0000900
840   200   0.0021825
1440   200   0.0027236
1320   400   0.0026764
1260   550   0.0024668
780   600   0.0001643
1320   650   0.0025763
900   300   0.0024112
960   350   0.0022305
60.0   9.0   0.0000000
420.0   396.0   0.0000000
900   0   0.0029574
1500   400   0.0027589
1560   400   0.0025572
780   250   0.0018765
1380   500   0.0024931
1500   550   0.0023683
1080   450   0.0021525
420   150   0.0003062
1140   300   0.0025003
1620   0   0.0023350
1200   600   0.0026638
1680.0   400.0   0.0022843
1140   450   0.0023746
1560   600   0.0024579
660   300   0.0007532
300   100   0.0000679
780   300   0.0015296
1260   650   0.0021712
780   450   0.0006196
540   0   0.0010267
1020   200   0.0029613
780   100   0.0020265
600   100   0.0013406
600   500   0.0000000
600   550   0.0000553
1380   50   0.0029446
1680.0   500.0   0.0019583
600   250   0.0008862
1080   350   0.0021898
1260   250   0.0025629
780   150   0.0017993
1620   300   0.0019896
1200   350   0.0024340
240   100   0.0000000
540.0   486.0   0.0000183
900   650   0.0002700
1320   550   0.0023537
900   600   0.0004482
1140   400   0.0026699
1260   700   0.0020720
540   400   0.0000732
720   550   0.0000368
1020   400   0.0019478
660   550   0.0000000
660   500   0.0000734
960   600   0.0005873
1080   500   0.0022232
960   50   0.0025325
600   50   0.0016214
1500   100   0.0026584
1320   350   0.0027397
720   150   0.0022745
1140   650   0.0013589
1320   600   0.0024008
1380   400   0.0025653
1140   600   0.0019048
1380   150   0.0028447
780.0   700.0   0.0000182
1080   250   0.0029405
480   350   0.0000546
1020   550   0.0012557
480   300   0.0001092
960   250   0.0025771
840   350   0.0017345
1140   200   0.0028951
1020   600   0.0015397
1680.0   250.0   0.0022546
180   100   0.0000150
720   500   0.0001288
1560   100   0.0027282
480   100   0.0008186
1680.0   650.0   0.0019759
1200   100   0.0027005
1200   400   0.0026631
480.0   432.0   0.0000182
1560   650   0.0023587
660   450   0.0001285
960   200   0.0027197
1320   700   0.0021276
1620   700   0.0022355
900   450   0.0013841
300   200   0.0000000
1260   200   0.0027441
420   200   0.0002507
840   300   0.0018890
540.0   495.0   0.0000366
720   200   0.0017398
720   450   0.0004573
1080   0   0.0031732
1380   350   0.0023114
780.0   650.0   0.0000365
1620   50   0.0024113
960   650   0.0004999
840   600   0.0001632
720   400   0.0006952
1560   350   0.0024267
1680.0   0.0   0.0024230
1320   250   0.0025504
1080   400   0.0024382
300   150   0.0000340
1560   700   0.0021785
1320   450   0.0022303
1140   350   0.0027253
600.0   558.0   0.0000184
540   200   0.0008811
1020   350   0.0023269
1500   0   0.0026159
900   200   0.0023312
1500   450   0.0024303
1140   550   0.0024299
1440   0   0.0029321
660   350   0.0005665
840   550   0.0005421
660   50   0.0020393
1200   500   0.0024783
900   50   0.0025550
960   100   0.0024449
720   300   0.0013550
1560   50   0.0022541
600   150   0.0013550
1680.0   50.0   0.0023165
1140   150   0.0028446
1020   100   0.0031320
1560   0   0.0029038
480   150   0.0005801
360   250   0.0000175
1080   700   0.0011920
300   50   0.0001881
1080   200   0.0026242
1500   250   0.0023568
600   400   0.0001838
60.0   45.0   0.0000000
540   150   0.0007531
1200   700   0.0015002
1020   150   0.0029443
360   300   0.0000175
420.0   0.0   0.0005571
600   350   0.0002394
1320   500   0.0026677
1680.0   300.0   0.0021149
1380   550   0.0023419
360   150   0.0001410
1440   100   0.0028785
720   50   0.0021650
480.0   450.0   0.0001450
1500   50   0.0023073
1500   150   0.0021208
780   350   0.0016379
840   100   0.0024719
540   350   0.0000914
180   50   0.0000000
1260   350   0.0025183
1380   200   0.0024361
1080   100   0.0025637
1320   0   0.0026664
1560   550   0.0024205
660   200   0.0015606
1260   600   0.0023364
1380   300   0.0027627
1620   550   0.0023386
1140   0   0.0030075
1620   600   0.0020905
1560   450   0.0023873
1620   450   0.0023752
840   700   0.0000363
1680.0   600.0   0.0019403
420.0   50.0   0.0005195
360   100   0.0001758
120   100   0.0000000
480   50   0.0009239
1380   0   0.0027874
720   250   0.0015807
960   150   0.0023313
1560   500   0.0024191
1260   300   0.0030633
900   700   0.0000722
300.0   261.0   0.0000000
1080   150   0.0028726
720.0   675.0   0.0000365
1620   400   0.0021151
900   500   0.0013444
1440   600   0.0021469
1620   150   0.0020700
360   200   0.0000526
300   250   0.0000000
480   250   0.0002558
540   100   0.0010093
420   100   0.0005381
240   200   0.0000000
1020   250   0.0027362
480   400   0.0000000
1320   50   0.0029106
1440   150   0.0025741
1080   650   0.0015042
1500   300   0.0023051
720   350   0.0010029
1260   150   0.0026678
1440   400   0.0022708
840   50   0.0023596
900   150   0.0024218
1260   50   0.0025827
1680.0   150.0   0.0022372
720   100   0.0021367
1440   250   0.0023851
840   500   0.0008864
1320   150   0.0029312
780   400   0.0012403
660   100   0.0014894
1500   350   0.0023923
1380.0   650.0   0.0026755
420   400   0.0000717
720   0   0.0021773
540   250   0.0004763
1440   300   0.0027448
1020   700   0.0003901
1260   450   0.0024699
780   0   0.0027089
1200   250   0.0026222
1020   0   0.0032415
720.0   650.0   0.0000365
1140   700   0.0015370
1260   400   0.0024730
1200   150   0.0029832
1260   100   0.0031442
1440   450   0.0025522
420   350   0.0000180
1200   650   0.0022241
1440   700   0.0021199
840   150   0.0026933
660   600   0.0000184
360   0   0.0002105
180   150   0.0000000
1080   600   0.0016483
780   550   0.0001466
1560   150   0.0030224
1200   0   0.0031895
1020   50   0.0028588
1500   700   0.0020995
1560   250   0.0022170
660   0   0.0021564
1380   100   0.0025867
1380   700   0.0023737
1080   550   0.0021819
1680.0   450.0   0.0020766
1500   200   0.0020575
1440   350   0.0024068
1680.0   100.0   0.0021052
1620   500   0.0020658
540   300   0.0004723
120   50   0.0000000
600   300   0.0004963
480.0   441.0   0.0000000
720.0   700.0   0.0000000
1620   650   0.0020201
600   200   0.0013285
960   500   0.0015564
1620   350   0.0025398
840   0   0.0025272
900   350   0.0020929
1020   450   0.0022860
1620   100   0.0022895
1380   250   0.0024962
1200   200   0.0027320
240.0   207.0   0.0000000
1440   650   0.0022131
480   0   0.0008221
600   0   0.0013275
180   0   0.0000601
660   400   0.0003855
900   100   0.0023163
840   400   0.0016807
1320   200   0.0022135
1020   500   0.0019645
1560   200   0.0023981
600   450   0.0000916
1620   250   0.0025707
300.0   252.0   0.0000000
180.0   135.0   0.0000150
540   500   0.0001453
420   250   0.0001072
720   600   0.0000733
540   450   0.0000734
240   0   0.0000644
840   450   0.0011619
1320   100   0.0031698
960   450   0.0019327
1140   250   0.0028432
360.0   315.0   0.0000176
1260   0   0.0030344
