#MA5 EffMap for txName: T5ZZ , Analysis: cms_sus_13_012 , SR: 3NJet6_1000HT1250_300MHT450
# Mother Interm Daughter  Eff. 
1450.0   360.0   0.0065015
1500.0   400.0   0.0064663
850   520   0.0038039
650   440   0.0012097
1000.0   440.0   0.0082113
1550.0   360.0   0.0065102
300   0   0.0003920
550   440   0.0003869
1450.0   320.0   0.0069132
1350.0   40.0   0.0084363
1550.0   560.0   0.0060539
1150.0   680.0   0.0072524
350   80   0.0005242
1350.0   320.0   0.0078930
1700.0   160.0   0.0048807
550   0   0.0059907
500.0   240.0   0.0015336
1700.0   120.0   0.0049607
500.0   400.0   0.0002928
800   520   0.0023688
950   600   0.0042268
1150   480   0.0084491
1000   640   0.0050257
1350.0   560.0   0.0081828
1450.0   240.0   0.0073544
400   80   0.0013332
300   80   0.0003066
1600.0   600.0   0.0063810
900   520   0.0056342
1500.0   120.0   0.0065186
650.0   600.0   0.0001962
1400.0   160.0   0.0064026
1100   120   0.0092950
1700.0   240.0   0.0041353
700   40   0.0085960
850   120   0.0096840
950.0   560.0   0.0061484
1550.0   240.0   0.0065835
850   440   0.0060526
1600.0   80.0   0.0058099
350   120   0.0005106
1500.0   0.0   0.0065606
800   80   0.0093081
700   560   0.0006622
1200.0   560.0   0.0086735
1350.0   480.0   0.0080038
1150   200   0.0086213
1100   600   0.0081400
1150   160   0.0093987
500.0   280.0   0.0009102
1000.0   240.0   0.0097136
550   160   0.0042945
1250.0   320.0   0.0088010
1550.0   480.0   0.0061221
800   200   0.0087526
650   480   0.0007716
1100   400   0.0094610
1650.0   240.0   0.0047399
700.0   680.0   0.0002943
950   160   0.0100462
1300.0   400.0   0.0082791
1200.0   40.0   0.0095961
950   720   0.0012711
600   440   0.0005342
1350.0   120.0   0.0074489
1200.0   320.0   0.0096242
900   40   0.0110983
950   0   0.0096648
500.0   320.0   0.0007115
1500.0   280.0   0.0058259
1600.0   440.0   0.0058437
1600.0   400.0   0.0059048
1500.0   600.0   0.0077259
800   120   0.0087834
1000   720   0.0024920
1500.0   80.0   0.0064072
1150   600   0.0088466
700   0   0.0090879
1450.0   200.0   0.0067467
500   40   0.0040158
550   120   0.0049205
600.0   520.0   0.0002393
800   320   0.0073841
850   200   0.0089752
450   40   0.0023538
1400.0   240.0   0.0072295
1100   720   0.0058461
750   120   0.0096356
1050   40   0.0099595
1050   480   0.0089079
1550.0   160.0   0.0063919
350   240   0.0002620
1600.0   40.0   0.0052529
550.0   480.0   0.0002953
950.0   680.0   0.0021543
1000.0   400.0   0.0098621
1550.0   320.0   0.0061749
1600.0   120.0   0.0054808
700   160   0.0078718
950.0   640.0   0.0034961
800   640   0.0006352
450.0   360.0   0.0001636
650   280   0.0048885
750   400   0.0045460
550.0   280.0   0.0019209
750   200   0.0086944
950   80   0.0096369
150   0   0.0000000
1250.0   200.0   0.0083257
800   480   0.0034079
1000   520   0.0082662
850   40   0.0103393
1550.0   0.0   0.0062329
650   240   0.0058625
750   360   0.0059184
1400.0   40.0   0.0076408
1100   480   0.0087101
700   520   0.0010334
1550.0   440.0   0.0063445
300   120   0.0003225
650   320   0.0037564
700   320   0.0052565
800   0   0.0102941
550   400   0.0006449
1700.0   80.0   0.0049517
400.0   320.0   0.0001434
200   80   0.0000154
1700.0   400.0   0.0051430
750   520   0.0015654
1300.0   480.0   0.0090630
450.0   320.0   0.0003610
250.0   200.0   0.0000290
1000.0   680.0   0.0034709
900   320   0.0091636
1650.0   120.0   0.0048577
250   40   0.0001961
400.0   160.0   0.0007499
850   680   0.0006705
1350.0   680.0   0.0090146
1250.0   640.0   0.0094343
1300.0   320.0   0.0084850
700   240   0.0067201
700.0   600.0   0.0003280
1700.0   600.0   0.0057804
500   200   0.0019375
1250.0   520.0   0.0094968
1300.0   600.0   0.0098948
1700.0   0.0   0.0044066
450.0   240.0   0.0008121
150.0   80.0   0.0000143
1200.0   520.0   0.0087840
1200.0   600.0   0.0090306
750   480   0.0019492
550   200   0.0033476
200   40   0.0000308
800   360   0.0067473
900   680   0.0014200
1150   120   0.0085662
1500.0   160.0   0.0067883
1400.0   80.0   0.0073629
1000.0   280.0   0.0093315
1500.0   320.0   0.0069520
1300.0   640.0   0.0087774
1350.0   240.0   0.0076310
1400.0   280.0   0.0070986
1000   0   0.0105433
750.0   680.0   0.0003112
950   40   0.0097418
1250.0   120.0   0.0080641
1650.0   40.0   0.0046425
950   360   0.0088741
1600.0   280.0   0.0055281
450   280   0.0007246
900   280   0.0087958
850   280   0.0079942
450   80   0.0023660
750   640   0.0004204
300.0   240.0   0.0000000
700   280   0.0066146
1250.0   160.0   0.0080251
750   320   0.0065459
450   0   0.0031383
1100   440   0.0093448
1650.0   200.0   0.0050366
1450.0   600.0   0.0080029
1650.0   360.0   0.0056396
1050.0   640.0   0.0063684
850   480   0.0052393
1650.0   600.0   0.0058183
1350.0   360.0   0.0072774
500   120   0.0032300
1350.0   200.0   0.0074027
800   280   0.0080831
1200.0   120.0   0.0091504
150.0   120.0   0.0000254
1450.0   560.0   0.0073501
1200.0   480.0   0.0090425
1700.0   360.0   0.0047544
1150   360   0.0091056
550   240   0.0028441
450.0   400.0   0.0002890
800   600   0.0012900
1400.0   400.0   0.0066969
1450.0   680.0   0.0086577
300   160   0.0001186
350   160   0.0003857
850   360   0.0077571
300.0   200.0   0.0001359
600   480   0.0003862
700.0   640.0   0.0002272
1250.0   560.0   0.0086925
1350.0   80.0   0.0080118
1300.0   240.0   0.0076804
750   80   0.0093751
450.0   200.0   0.0009386
1150   520   0.0094985
1200.0   200.0   0.0092703
900   720   0.0009701
1000   480   0.0082936
850   600   0.0017977
1350.0   400.0   0.0077599
1400.0   120.0   0.0068685
1150   320   0.0085682
1000   80   0.0101125
1650.0   400.0   0.0052146
950   400   0.0088464
750   40   0.0088458
800   400   0.0059705
300.0   280.0   0.0000678
1500.0   200.0   0.0064447
1700.0   280.0   0.0046685
1500.0   360.0   0.0069171
1100   320   0.0092095
950   200   0.0096420
50.0   0.0   0.0000000
950   480   0.0077678
600   400   0.0009604
1650.0   440.0   0.0053406
1100   240   0.0088784
500   160   0.0031707
1000.0   320.0   0.0096000
950   240   0.0096940
1200.0   0.0   0.0088673
700   80   0.0085943
1400.0   560.0   0.0082493
1100   280   0.0094490
1450.0   520.0   0.0076335
600   120   0.0069067
300   40   0.0004597
350.0   320.0   0.0000936
1300.0   360.0   0.0080735
1600.0   0.0   0.0055867
750   560   0.0008983
650   520   0.0004415
600   280   0.0037067
1200.0   80.0   0.0090556
600   80   0.0066069
1450.0   120.0   0.0065761
1250.0   440.0   0.0086266
400   40   0.0017324
1100.0   560.0   0.0084632
1000.0   160.0   0.0092505
1350.0   160.0   0.0072106
1550.0   600.0   0.0073295
1700.0   200.0   0.0046103
650   360   0.0025816
1400.0   0.0   0.0077900
1300.0   160.0   0.0077304
1150   0   0.0098221
1100.0   680.0   0.0064645
400.0   240.0   0.0003215
1250.0   240.0   0.0083441
600   160   0.0062311
550   360   0.0009357
1600.0   160.0   0.0055014
1250.0   360.0   0.0082822
1700.0   560.0   0.0051709
350.0   280.0   0.0000874
600   320   0.0025331
1250.0   400.0   0.0076163
1400.0   680.0   0.0090661
100.0   0.0   0.0000000
1400.0   640.0   0.0080725
1100.0   640.0   0.0072957
900   360   0.0092196
600.0   0.0   0.0074187
250   80   0.0000814
1600.0   680.0   0.0064332
1650.0   480.0   0.0054368
550.0   520.0   0.0001970
1150   720   0.0062731
500   80   0.0039883
800   560   0.0019149
1200.0   240.0   0.0089462
1700.0   480.0   0.0047941
1650.0   160.0   0.0050593
850   720   0.0005779
1050   200   0.0090378
250   0   0.0002122
1000.0   360.0   0.0093734
900   480   0.0064310
1550.0   120.0   0.0056470
1600.0   480.0   0.0057714
900   600   0.0032507
1300.0   0.0   0.0078494
1150.0   560.0   0.0088628
1300.0   440.0   0.0084510
1050   440   0.0092557
900   440   0.0072970
1650.0   320.0   0.0049553
950   440   0.0080174
750   280   0.0069817
400   200   0.0006235
1300.0   680.0   0.0083657
650   120   0.0070055
850   400   0.0073548
1600.0   320.0   0.0052906
1150   240   0.0089784
650   400   0.0019599
1700.0   680.0   0.0062480
1500.0   240.0   0.0063541
1350.0   520.0   0.0079468
1650.0   80.0   0.0049028
1300.0   280.0   0.0079199
250.0   160.0   0.0000979
700   400   0.0027612
700   480   0.0014120
1450.0   40.0   0.0071971
900.0   640.0   0.0019037
1500.0   440.0   0.0065736
1150   440   0.0094356
850   320   0.0082464
1550.0   200.0   0.0063472
1400.0   440.0   0.0071888
700   120   0.0087530
850   160   0.0092644
1500.0   680.0   0.0080300
1300.0   80.0   0.0079015
400.0   360.0   0.0000636
200   0   0.0000308
1650.0   560.0   0.0058442
1150   400   0.0091864
1450.0   400.0   0.0065878
700   440   0.0023766
750   160   0.0092549
650   200   0.0061620
1200.0   160.0   0.0092282
1300.0   120.0   0.0084404
100.0   40.0   0.0000000
600   360   0.0015515
1450.0   480.0   0.0073372
1050.0   0.0   0.0103157
1100   0   0.0101045
1050   600   0.0070514
1500.0   560.0   0.0079575
450   120   0.0022609
350   200   0.0002798
250   120   0.0001798
900   80   0.0097853
1150   40   0.0090890
1300.0   520.0   0.0084747
1050   720   0.0037675
500.0   480.0   0.0000000
1250.0   600.0   0.0086413
900   120   0.0101916
1550.0   280.0   0.0060944
350   40   0.0010154
650   160   0.0078496
1450.0   0.0   0.0068653
1600.0   240.0   0.0056429
950   280   0.0098668
1500.0   520.0   0.0072461
1600.0   640.0   0.0061480
700   200   0.0069790
1450.0   440.0   0.0069040
450.0   160.0   0.0019057
1000   40   0.0100853
1050   120   0.0088320
1450.0   640.0   0.0078981
950   120   0.0096392
1500.0   640.0   0.0076854
1600.0   200.0   0.0053778
1400.0   200.0   0.0068651
1300.0   560.0   0.0092967
1700.0   440.0   0.0050445
850   640   0.0013899
1650.0   520.0   0.0052206
650.0   560.0   0.0004216
1250.0   480.0   0.0083811
900   240   0.0096714
1050   280   0.0088688
600   200   0.0045614
1100   520   0.0087135
600.0   560.0   0.0001293
1400.0   320.0   0.0068799
550   320   0.0012668
550   40   0.0057629
100.0   80.0   0.0000000
900   160   0.0101375
950   520   0.0068410
750   440   0.0033948
850   240   0.0095980
1700.0   520.0   0.0053468
1050.0   680.0   0.0046644
1200.0   400.0   0.0087303
700   360   0.0042552
400   0   0.0015882
650   0   0.0081660
1100   200   0.0093623
500.0   440.0   0.0002276
1150   280   0.0089713
1350.0   640.0   0.0093164
1600.0   360.0   0.0056670
500   0   0.0044178
1700.0   40.0   0.0048271
350   0   0.0009634
1600.0   520.0   0.0060219
750   600   0.0006767
900.0   560.0   0.0041483
900   400   0.0081551
800   680   0.0005469
1400.0   360.0   0.0066985
850.0   80.0   0.0111575
1450.0   80.0   0.0068352
1100   160   0.0093173
650   80   0.0079904
1550.0   680.0   0.0078658
1350.0   440.0   0.0082570
1550.0   400.0   0.0061652
800   160   0.0091226
150   40   0.0000284
950   320   0.0099424
800   40   0.0099820
1450.0   280.0   0.0071892
800   240   0.0090891
1050   520   0.0089136
1050.0   560.0   0.0086103
900   0   0.0104921
600   40   0.0068866
1350.0   0.0   0.0076611
1650.0   640.0   0.0063888
1200.0   440.0   0.0095501
1200.0   280.0   0.0091689
1350.0   280.0   0.0077400
1700.0   320.0   0.0042099
1450.0   160.0   0.0071561
1000.0   120.0   0.0100905
1150   80   0.0095283
1650.0   0.0   0.0050784
1250.0   680.0   0.0089462
750   240   0.0070641
1200.0   680.0   0.0084609
1050   400   0.0091526
600   240   0.0037272
1550.0   40.0   0.0061986
850   560   0.0028644
1200.0   360.0   0.0085948
650   40   0.0079797
1100   40   0.0096003
750   0   0.0097047
1000   600   0.0064630
850   0   0.0105821
1100   360   0.0092948
1100   80   0.0094913
1600.0   560.0   0.0064614
1550.0   80.0   0.0059522
900   200   0.0103095
1550.0   640.0   0.0066832
1150.0   640.0   0.0075312
1250.0   280.0   0.0082563
1400.0   600.0   0.0079692
200.0   120.0   0.0000616
1500.0   40.0   0.0070125
400.0   120.0   0.0011745
1350.0   600.0   0.0090686
400.0   280.0   0.0002147
1300.0   40.0   0.0078613
1050   160   0.0097611
500.0   360.0   0.0004390
1050   320   0.0093776
800   440   0.0050464
1700.0   640.0   0.0061181
1000   560   0.0067659
1050   360   0.0097466
1650.0   280.0   0.0050250
1550.0   520.0   0.0062487
1400.0   520.0   0.0079157
1200.0   640.0   0.0084876
1050   240   0.0086850
1500.0   480.0   0.0066416
1050   80   0.0099544
1650.0   680.0   0.0061980
1400.0   480.0   0.0072857
550   80   0.0053028
