# MassX , MassY , Eff*Acc  
1200 500 0.00427000196
950 550 0.00095005011072
1350 550 0.0044000005
1050 450 0.00430021605424
1400 1045 0.0007500001
900 300 0.00347358371415
1200 650 0.00389999775
550 150 0.001450001
1150 50 0.00384615234375
1050 350 0.0039500009
1900 400 0.0039003998526
750 1 0.00396359630845
1150 400 0.0045100442517
1500 300 0.0042213135643
850 300 0.00373003488378
1300 350 0.0045000036
1150 700 0.0027800265591
1350 700 0.004669451365
800 150 0.004399999
1350 850 0.0029292968022
1450 1050 0.0021500024
700 150 0.0036
1900 100 0.003500158662
1900 1200 0.004650003
1150 600 0.0039100371882
1450 650 0.0054500006
1000 150 0.00425020712545
900 545 0.0011500008
1600 500 0.0052002732769
1000 50 0.00495024735141
1450 300 0.0044146323764
1900 200 0.00360000465
950 50 0.00500024663086
1100 150 0.00404999925
1450 750 0.0046002447054
1700 100 0.0040503914832
450 95 0.00067066988989
900 100 0.00442000416
950 450 0.00300000035
1250 200 0.0045700829042
1000 600 0.00187000125
1400 200 0.0039901542656
1050 400 0.0037999967
650 150 0.00234999765
1100 100 0.0045200840074
1200 550 0.004
1900 500 0.0036501828828
1600 200 0.0034499955
1250 450 0.005250260594
1300 800 0.00326003560704
1700 500 0.00440044175636
1250 650 0.00420021
900 350 0.0040000032
1100 1 0.00452999547
1350 750 0.0039
950 100 0.0045000904058
1350 500 0.0045745689456
1300 750 0.00404999895
1200 700 0.002999997
1150 450 0.0045000025
1050 650 0.0019499984
1300 700 0.00393003760751
1900 1100 0.004773859246
1500 900 0.00380018828772
1900 700 0.00445000335
1200 845 0.0007999992
1350 150 0.0046999952
1800 400 0.00294999825
1400 700 0.0046400510838
1250 350 0.00444999665
800 350 0.0019999974
1400 50 0.0033165709615
1450 250 0.004200003
1450 350 0.0040000042
1350 250 0.0044999972
750 200 0.00345732062428
700 300 0.00162999825
1200 250 0.00444999475
1150 100 0.0045246036788
1350 650 0.0049002412745
1050 1 0.0046946946061
1600 1100 0.0033501660049
1250 800 0.002953011204
950 300 0.00375018253012
1050 695 0.0009900189411
1600 800 0.00455
1500 400 0.0040500024
1500 1000 0.0035999979
1700 1000 0.0040999972
1100 200 0.0047800507353
1150 500 0.0040919194008
1200 200 0.00424004
600 50 0.0019999983
900 450 0.0029500018
1350 995 0.00111002025555
1350 900 0.00263005442456
700 1 0.00350009966108
1300 1 0.0044700835032
1450 1 0.0046900447398
1700 700 0.0044500016
1700 1100 0.0041502045455
1800 1100 0.0052
1500 1 0.0043000059
1350 50 0.0041000023
1050 600 0.00273002948796
1450 700 0.00474000505
800 300 0.00327006984762
650 1 0.00301003241671
1050 100 0.0043501333044
1600 300 0.0036001792575
1200 50 0.00495
1450 950 0.0031999985
700 200 0.00279002840736
1200 100 0.0044300381328
1250 50 0.0047000002
1800 600 0.00375000275
1400 650 0.0047000016
1600 600 0.0035003548485
1900 900 0.0049002334966
900 400 0.00351003080268
1600 400 0.004444435578
650 295 0.00080001675345
1150 1 0.0045801307514
1250 895 0.00116007059968
1100 650 0.00295015218192
1450 400 0.004204306666
750 150 0.00305000055
850 450 0.0018499996
450 1 0.00142001210472
1400 550 0.004200212121
1700 600 0.0042999955
1150 300 0.0049899959
1350 400 0.0048085696539
400 45 0.00080004139287
1250 100 0.00416007918
1100 450 0.0047500047
600 200 0.00134135446197
550 195 0.00080000657754
1800 1200 0.00390000035
600 245 0.00079999995
1100 700 0.00191005513263
1250 600 0.00458000014
1400 400 0.0042001508448
500 100 0.001110001
950 1 0.004050040764
1100 550 0.00404999875
1600 1000 0.00465
600 100 0.00229002130875
850 150 0.0046000006
1250 1 0.0046547444592
1900 1 0.00244999395
1700 1200 0.003449997
1300 300 0.0046001707512
1200 800 0.0019700006
1100 350 0.0041999956
1300 850 0.00229999825
900 500 0.00167005078152
1150 650 0.0037001884812
950 350 0.00375000165
1800 200 0.0035500032
800 100 0.00378004025607
1450 100 0.0042587434515
700 250 0.00195000115
1000 550 0.00245012280891
1250 700 0.00379007395338
1200 1 0.0046202655666
600 1 0.00284999916
1000 400 0.00398011680374
1100 50 0.00365000285
1600 1 0.0040501971678
1400 450 0.0050504820802
1000 1 0.0043701299445
650 50 0.003550002
900 50 0.0048000048
850 1 0.0042586022598
1300 550 0.0047999985
1300 400 0.0045400817366
1800 1400 0.00140006988928
550 1 0.00220220617516
1250 750 0.00374999995
1450 900 0.00382011476976
1050 250 0.004250004
800 250 0.0033499973
1300 900 0.00170999904
1300 200 0.0050350896757
500 1 0.0018500001
1450 450 0.00445022434208
750 395 0.0009800095965
1000 450 0.0038000027
1400 150 0.0038005672926
1150 750 0.002050002
1700 800 0.0048000003
850 50 0.0044500032
700 100 0.00320999679
1100 500 0.00448004896071
1050 150 0.0050500008
1400 350 0.0042000039
1150 200 0.0046100398018
1150 795 0.00111004424968
1600 100 0.00275000255
1050 550 0.00355017622685
1500 600 0.00415000075
1250 400 0.0048750361632
1800 300 0.0041999955
1300 250 0.0050000011
1200 150 0.004800004
1700 900 0.0048999951
950 200 0.00459468693801
1350 350 0.00360017934
1350 800 0.00372383473696
1700 200 0.0033167455643
1450 800 0.0043500038
1050 300 0.0046800471645
1800 500 0.0040504167288
400 1 0.00072072915336
1900 1000 0.004472583618
900 250 0.00440021897636
1250 150 0.0045002242664
1450 50 0.00430000425
950 500 0.00268005676953
650 250 0.0015999984
800 200 0.00384004039504
1350 950 0.00145007209998
1400 800 0.0041100045
650 100 0.0027100014
1000 645 0.00090004540002
850 495 0.00113569192044
1700 1 0.0038499978
800 445 0.0012499994
750 50 0.0033500028
1400 500 0.0049200395244
450 50 0.00095
1800 1300 0.0023000016
1150 350 0.0040500003
1000 100 0.0045245707221
1300 150 0.0037499987
1800 800 0.0050000004
500 145 0.0009000005
1050 200 0.0044544945445
700 345 0.00115
900 150 0.00480023945274
1450 1000 0.00285008305396
1500 700 0.0053499969
1200 750 0.00265013370325
1400 850 0.00395000195
1400 1000 0.00191003696928
1250 850 0.002250225
1450 1095 0.0012499998
550 100 0.0019200208924
1200 400 0.0046594144665
850 400 0.00245000192
1350 200 0.004394491092
1400 300 0.0041901990525
1700 1300 0.0024500013
1350 100 0.004280042611
1400 950 0.0023500006
1200 300 0.0046701299114
1100 400 0.00448008781957
1400 1 0.004290039
850 350 0.0034000026
1250 300 0.00480999978
1400 900 0.00330340542168
1250 250 0.0041501982735
1500 200 0.0039001986972
1450 200 0.0041400782336
950 250 0.00395020237876
700 50 0.0036499988
1100 600 0.0034300329558
1200 600 0.00373007949314
850 200 0.00401004374574
800 1 0.00393007966494
1300 945 0.0015999995
1300 500 0.0044201294068
1300 600 0.0045100438416
1300 100 0.0040642258635
1350 450 0.0043500042
900 200 0.00435013266692
1000 250 0.0038499972
1800 700 0.0038001940002
1050 50 0.0037501795065
1150 550 0.00410020315254
1400 250 0.004050216
950 400 0.00334338093714
1600 1200 0.0022
1900 800 0.0036501879162
750 100 0.00361000146
1000 350 0.004500002
550 50 0.0021
1050 500 0.00398999822
950 595 0.0009900192407
1300 650 0.0042
1800 100 0.0030501442345
750 300 0.00238999824
850 250 0.004099998
600 150 0.0021500024
1900 600 0.0038499975
750 350 0.0016500015
800 50 0.00485048660016
1400 100 0.00440000424
750 250 0.0029500008
1300 450 0.005299998
1800 1000 0.0048500006
1350 300 0.0043800372229
1000 200 0.00461466775418
1500 1100 0.0023000016
1900 1300 0.00424999785
1450 850 0.005350001
1350 1 0.0041602185416
1450 550 0.0054773850834
1450 500 0.0046247077933
1000 300 0.00438008715531
1300 50 0.004150203285
1450 600 0.00517029221
800 400 0.00160001481024
850 100 0.004550004
1100 745 0.00145000075
1900 300 0.0033500062
1150 250 0.00375037780028
1350 600 0.00426000024
1100 300 0.00489000108
1700 300 0.0034999984
1200 450 0.005099995
1600 900 0.00520000065
1000 500 0.00299302244643
650 200 0.00210999816
1500 100 0.00389999455
1250 550 0.00415020790002
1400 750 0.00385018889982
1900 1500 0.00214999775
1900 1400 0.00269999965
1250 500 0.0043200440397
1500 800 0.00340017088964
900 1 0.00441013321686
1800 900 0.0055999982
1400 600 0.0046100419137
1800 1 0.003250003
1500 500 0.0038999961
1450 150 0.004050187836
1600 700 0.004300002
1150 150 0.00349999875
1200 350 0.00510000425
1700 400 0.00390000375
950 150 0.0042000033
1100 250 0.0042502026105
500 50 0.0019000008
