# MassX , MassY , Eff*Acc  
1200 500 0.00051
950 550 0.0002500125
1350 550 0.0
1050 450 0.0006500325
1400 1045 0.0
900 300 0.0004804944
1200 650 0.0
550 150 0.0
1150 50 0.0003589747
1050 350 0.0
1900 400 0.0010001
750 1 0.00040444832221
1150 400 0.000600006
1500 300 0.000603048
850 300 0.0003600036
1300 350 0.0
1150 700 0.000400004
1350 700 0.0006312753
800 150 0.0003
1350 850 0.0
1450 1050 0.0
700 150 0.0002
1900 100 0.0006500325
1900 1200 0.0007999995
1150 600 0.0004900049
1450 650 0.001
1000 150 0.0005500275
900 545 0.0
1600 500 0.00080004
1000 50 0.0
1450 300 0.00055057649895
1900 200 0.00055
950 50 0.0005500275
1100 150 0.0
1450 750 0.000500025
1700 100 0.000650065
450 95 0.0
900 100 0.00054
950 450 0.0
1250 200 0.0006600132
1000 600 0.00016
1400 200 0.0005800232
1050 400 0.0005000002
650 150 0.00035
1100 100 0.0007300146
1200 550 0.0
1900 500 0.00040002183336
1600 200 0.00075
1250 450 0.0
1300 800 0.0004800048
1700 500 0.00060006
1250 650 0.0
900 350 0.0005
1100 1 0.00071
1350 750 0.00125
950 100 0.0006800136
1350 500 0.0006006
1300 750 0.0
1200 700 0.00051
1150 450 0.00095
1050 650 0.00025
1300 700 0.0006700067
1900 1100 0.0007537725
1500 900 0.0003500175
1900 700 0.0006499995
1200 845 0.0
1350 150 0.0
1800 400 0.00035
1400 700 0.000550005700002
1250 350 0.0005
800 350 0.00045
1400 50 0.000502513
1450 250 0.0
1450 350 0.0
1350 250 0.0
750 200 0.0004422154
700 300 0.0
1200 250 0.0
1150 100 0.0005105202
1350 650 0.0006500325
1050 1 0.00051051102
1600 1100 0.0
1250 800 0.0003403468
950 300 0.0005100255
1050 695 9.00018e-05
1600 800 0.00045
1500 400 0.0
1500 1000 0.00035
1700 1000 0.00055
1100 200 0.00053000630001
1150 500 0.00063266762043
1200 200 0.000600006
600 50 0.0
900 450 0.0
1350 995 0.0
1350 900 0.000450009
700 1 0.0004500135
1300 1 0.00050001
1450 1 0.0006400064
1700 700 0.0006
1700 1100 0.0
1800 1100 0.00035
1500 1 0.0003
1350 50 0.0009
1050 600 0.0004300043
1450 700 0.00068
800 300 0.0003600072
650 1 0.0004700047
1050 100 0.0005100153
1600 300 0.00060003
1200 50 0.0
1450 950 0.00045
700 200 0.0003900039
1200 100 0.0005500055
1250 50 0.00075
1800 600 0.0
1400 650 0.0
1600 600 0.000750075
1900 900 0.00080004
900 400 0.0004400044
1600 400 0.0006565663
650 295 0.0
1150 1 0.00065002050003
1250 895 0.0001400084
1100 650 0.000500025
1450 400 0.0007407548
750 150 0.0
850 450 0.0
450 1 0.0001100011
1400 550 0.000500025
1700 600 0.0006
1150 300 0.00052
1350 400 0.00059575152
400 45 0.0
1250 100 0.0005800116
1100 450 0.00045
600 200 0.0002102121
550 195 0.0
1800 1200 0.0006
600 245 0.0
1100 700 0.0
1250 600 0.00053
1400 400 0.0004100164
500 100 0.0001400001
950 1 0.0005400054
1100 550 0.0
1600 1000 0.00075
600 100 0.0002800028
850 150 0.0
1250 1 0.0005705814
1900 1 0.0007
1700 1200 0.0
1300 300 0.000600024
1200 800 0.0003
1100 350 0.0008
1300 850 0.0
900 500 0.0
1150 650 0.0
950 350 0.0006
1800 200 0.0005
800 100 0.00065000750001
1450 100 0.0005811919
700 250 0.00015
1000 550 0.0
1250 700 0.0
1200 1 0.0005100306
600 1 0.00029
1000 400 0.0004200126
1100 50 0.00085
1600 1 0.0
1400 450 0.00060006
1000 1 0.0007200216
650 50 0.0
900 50 0.0
850 1 0.000561134
1300 550 0.00075
1300 400 0.00074001580002
1800 1400 0.0
550 1 0.00019019
1250 750 0.0
1450 900 0.00053001690003
1050 250 0.0002
800 250 0.0
1300 900 0.00027
1300 200 0.000580586966869
500 1 0.00027
1450 450 0.0
750 395 9.00009e-05
1000 450 0.00035
1400 150 0.0
1150 750 0.0
1700 800 0.0
850 50 0.00065
700 100 0.00038
1100 500 0.000400004
1050 150 0.00075
1400 350 0.0006
1150 200 0.0005900059
1150 795 0.0
1600 100 0.00065
1050 550 0.0
1500 600 0.00045
1250 400 0.0006907107
1800 300 0.00075
1300 250 0.0
1200 150 0.0009
1700 900 0.0
950 200 0.00073074606
1350 350 0.0
1350 800 0.0004905047
1700 200 0.0005527918
1450 800 0.0004999998
1050 300 0.0005200052
1800 500 0.0
400 1 7.0070599899e-05
1900 1000 0.0005527918
900 250 0.00040002
1250 150 0.000500025
1450 50 0.0
950 500 0.0003900078
650 250 0.0
800 200 0.0004500045
1350 950 0.0
1400 800 0.00051
650 100 0.000369999
1000 645 0.0
850 495 0.00014070540704
1700 1 0.0005
800 445 0.0
750 50 0.0
1400 500 0.0006900069
450 50 0.0
1800 1300 0.0002
1150 350 0.0
1000 100 0.0005605656
1300 150 0.00045
1800 800 0.0
500 145 0.0
1050 200 0.00049049389899
700 345 0.0
900 150 0.0007500375
1450 1000 0.0004300129
1500 700 0.0005
1200 750 0.0003500175
1400 850 0.0
1400 1000 0.0002600052
1250 850 0.0
1450 1095 0.0
550 100 0.0001500015
1200 400 0.00053107272
850 400 0.0002900001
1350 200 0.00054055188
1400 300 0.000680034
1700 1300 0.0
1350 100 0.0006300063
1400 950 0.0005
1200 300 0.00044001420003
1100 400 0.00050001100002
1400 1 0.0008200082
850 350 0.0004
1250 300 0.00083
1400 900 0.0003303399
1250 250 0.000500025
1500 200 0.000700035
1450 200 0.0005400108
950 250 0.0005500275
700 50 0.0
1100 600 0.0005300053
1200 600 0.000500009799996
850 200 0.0004700047
800 1 0.00050001
1300 945 0.0
1300 500 0.0005700171
1300 600 0.0004600046
1300 100 0.00049051058
1350 450 0.0
900 200 0.0005400162
1000 250 0.0
1800 700 0.000600032
1050 50 0.0010500525
1150 550 0.0
1400 250 0.00050002616664
950 400 0.0004504545
1600 1200 0.0
1900 800 0.000900048
750 100 0.00049
1000 350 0.0
550 50 0.0
1050 500 0.000579999
950 595 0.0001300026
1300 650 0.0
1800 100 0.0
750 300 0.00031
850 250 0.0
600 150 0.0002
1900 600 0.0
750 350 0.0
800 50 0.000450045
1400 100 0.00063
750 250 0.0003
1300 450 0.0004999995
1800 1000 0.0
1350 300 0.000550005299998
1000 200 0.000480485285512
1500 1100 0.0003
1900 1300 0.0
1450 850 0.0004
1350 1 0.0007100355
1450 550 0.000402012
1450 500 0.0007107242
1000 300 0.0006200124
1300 50 0.0
1450 600 0.000840050099982
800 400 0.0
850 100 0.00051
1100 745 0.0
1900 300 0.00045
1150 250 0.0
1350 600 0.00068
1100 300 0.00052
1700 300 0.0
1200 450 0.00045
1600 900 0.00075
1000 500 0.0004504554
650 200 0.0
1500 100 0.0
1250 550 0.00060003
1400 750 0.00040002
1900 1500 0.0
1900 1400 0.00095
1250 500 0.000600006
1500 800 0.00040002
900 1 0.0005400162
1800 900 0.00045
1400 600 0.0005800058
1800 1 0.00055
1500 500 0.00045
1450 150 0.0007500375
1600 700 0.0
1150 150 0.0007
1200 350 0.0003
1700 400 0.0
950 150 0.00055
1100 250 0.00040002
500 50 0.0
