#MA5 EffMap for txName: TChipChimSlepSnu , Analysis: atlas_susy_2013_11 , SR: WWc-DF
# Mother Interm Daughter  Eff. 
570.0   260.0   0.0352125
450.0   300.0   0.0110175
270.0   60.0   0.0166275
330.0   260.0   0.0000525
630.0   60.0   0.0498300
330.0   80.0   0.0241350
660.0   120.0   0.0492525
690.0   140.0   0.0502875
690.0   100.0   0.0500475
390.0   220.0   0.0145500
480.0   260.0   0.0239175
690.0   120.0   0.0486225
210.0   200.0   0.0000000
540.0   140.0   0.0428700
390.0   60.0   0.0352500
360.0   180.0   0.0157950
270.0   120.0   0.0085875
600.0   120.0   0.0475950
690.0   300.0   0.0433200
630.0   300.0   0.0369600
630.0   140.0   0.0474975
540.0   1   0.0468225
300.0   220.0   0.0006375
300.0   40.0   0.0240600
630.0   280.0   0.0394350
690.0   220.0   0.0467100
420.0   340.0   0.0008925
660.0   100.0   0.0491625
150.0   40.0   0.0010875
570.0   220.0   0.0396525
450.0   120.0   0.0359100
270.0   220.0   0.0000000
330.0   240.0   0.0019575
210.0   20.0   0.0095775
270.0   180.0   0.0016125
300.0   80.0   0.0193500
600.0   180.0   0.0434925
390.0   180.0   0.0206025
510.0   340.0   0.0153150
390.0   260.0   0.0066375
420.0   320.0   0.0033525
570.0   200.0   0.0402900
540.0   100.0   0.0442725
480.0   220.0   0.0284250
240.0   80.0   0.0086775
420.0   60.0   0.0374100
330.0   120.0   0.0190575
390.0   20.0   0.0360375
420.0   40.0   0.0385425
600.0   240.0   0.0414225
270.0   140.0   0.0057150
180.0   20.0   0.0047100
570.0   240.0   0.0379350
660.0   240.0   0.0445500
510.0   320.0   0.0184350
510.0   240.0   0.0306300
240.0   40.0   0.0138300
270.0   40.0   0.0190875
690.0   200.0   0.0490350
420.0   220.0   0.0202350
690.0   260.0   0.0452400
540.0   40.0   0.0470025
480.0   240.0   0.0264525
450.0   160.0   0.0321150
450.0   60.0   0.0399825
210.0   40.0   0.0080175
420.0   80.0   0.0355200
450.0   100.0   0.0377100
690.0   340.0   0.0393675
600.0   320.0   0.0330525
480.0   300.0   0.0171975
510.0   160.0   0.0381600
270.0   240.0   0.0000000
540.0   340.0   0.0207075
360.0   260.0   0.0031350
570.0   100.0   0.0464850
330.0   280.0   0.0000000
630.0   40.0   0.0490650
450.0   40.0   0.0413325
120.0   20.0   0.0000675
180.0   160.0   0.0000000
660.0   280.0   0.0416625
630.0   1   0.0513225
390.0   1   0.0380850
480.0   20.0   0.0435600
90.0   60.0   0.0000000
390.0   80.0   0.0330825
390.0   100.0   0.0307275
330.0   100.0   0.0216600
570.0   300.0   0.0316650
630.0   260.0   0.0409875
360.0   20.0   0.0343050
510.0   300.0   0.0225000
540.0   60.0   0.0455175
630.0   20.0   0.0500475
570.0   320.0   0.0277725
360.0   160.0   0.0194325
480.0   340.0   0.0088500
270.0   260.0   0.0000000
630.0   160.0   0.0458625
330.0   140.0   0.0171150
210.0   160.0   0.0000000
600.0   280.0   0.0375000
600.0   300.0   0.0340125
420.0   280.0   0.0089925
420.0   200.0   0.0232425
510.0   20.0   0.0459225
360.0   140.0   0.0217125
300.0   120.0   0.0143250
270.0   100.0   0.0115875
120.0   100.0   0.0000000
660.0   200.0   0.0460805
180.0   140.0   0.0000000
540.0   260.0   0.0317250
510.0   80.0   0.0445275
630.0   220.0   0.0441150
30.0   20.0   0.0000000
690.0   160.0   0.0493650
210.0   100.0   0.0026175
240.0   180.0   0.0000000
150.0   100.0   0.0000000
90.0   20.0   0.0000000
270.0   200.0   0.0000300
630.0   120.0   0.0484425
180.0   100.0   0.0001050
510.0   40.0   0.0456075
270.0   160.0   0.0038325
390.0   320.0   0.0000675
360.0   220.0   0.0082575
210.0   60.0   0.0057375
660.0   20.0   0.0515475
630.0   240.0   0.0416625
600.0   40.0   0.0491400
690.0   180.0   0.0487875
450.0   140.0   0.0350850
510.0   220.0   0.0338625
420.0   260.0   0.0129375
570.0   40.0   0.0469650
300.0   260.0   0.0000000
390.0   240.0   0.0105900
300.0   140.0   0.0109725
510.0   280.0   0.0248775
660.0   140.0   0.0500250
120.0   40.0   0.0000000
330.0   200.0   0.0065625
420.0   160.0   0.0294300
360.0   280.0   0.0007875
480.0   140.0   0.0379575
90.0   40.0   0.0000000
300.0   200.0   0.0028950
300.0   180.0   0.0051225
600.0   140.0   0.0454725
690.0   240.0   0.0452775
660.0   160.0   0.0471525
210.0   180.0   0.0000000
150.0   80.0   0.0000000
240.0   160.0   0.0003075
540.0   220.0   0.0356925
240.0   220.0   0.0000000
330.0   220.0   0.0044550
330.0   180.0   0.0103275
600.0   160.0   0.0444225
690.0   20.0   0.0516225
540.0   280.0   0.0295800
510.0   1   0.0469500
240.0   1   0.0165600
300.0   240.0   0.0000000
210.0   140.0   0.0000075
480.0   40.0   0.0435300
30.0   1   0.0000000
360.0   200.0   0.0123300
480.0   280.0   0.0207525
630.0   200.0   0.0450750
450.0   240.0   0.0224625
660.0   300.0   0.0409275
600.0   340.0   0.0294600
480.0   120.0   0.0393675
540.0   240.0   0.0350025
480.0   320.0   0.0135450
600.0   60.0   0.0481500
450.0   280.0   0.0145275
630.0   100.0   0.0478575
690.0   40.0   0.0514500
300.0   160.0   0.0079575
210.0   80.0   0.0042075
240.0   120.0   0.0045225
660.0   260.0   0.0429525
450.0   1   0.0425325
480.0   60.0   0.0409725
420.0   140.0   0.0315000
420.0   180.0   0.0256500
240.0   140.0   0.0023775
420.0   20.0   0.0389700
480.0   200.0   0.0316650
570.0   280.0   0.0324600
510.0   180.0   0.0367725
570.0   1   0.0476400
630.0   340.0   0.0337725
480.0   160.0   0.0360825
450.0   80.0   0.0390825
300.0   1   0.0271950
180.0   60.0   0.0029175
690.0   280.0   0.0440550
390.0   300.0   0.0020925
360.0   340.0   0.0000000
660.0   40.0   0.0501675
150.0   20.0   0.0016575
540.0   120.0   0.0429750
360.0   120.0   0.0243000
450.0   340.0   0.0050025
420.0   100.0   0.0346350
330.0   60.0   0.0263775
390.0   280.0   0.0045825
690.0   60.0   0.0513600
120.0   1   0.0001275
600.0   20.0   0.0493200
660.0   80.0   0.0505050
450.0   20.0   0.0423150
180.0   40.0   0.0038700
630.0   80.0   0.0497925
420.0   240.0   0.0167925
690.0   80.0   0.0515850
240.0   20.0   0.0147075
420.0   300.0   0.0056100
690.0   380.0   0.0362325
180.0   120.0   0.0000000
270.0   1   0.0220875
180.0   80.0   0.0013575
150.0   120.0   0.0000000
210.0   1   0.0102450
390.0   160.0   0.0235125
240.0   60.0   0.0118275
360.0   1   0.0347175
540.0   160.0   0.0408975
300.0   60.0   0.0213075
630.0   180.0   0.0461625
240.0   200.0   0.0000000
60.0   40.0   0.0000000
330.0   300.0   0.0000000
450.0   200.0   0.0268125
660.0   220.0   0.0443100
120.0   80.0   0.0000000
480.0   180.0   0.0341250
150.0   1   0.0014175
510.0   200.0   0.0352575
690.0   320.0   0.0416025
300.0   100.0   0.0171150
300.0   280.0   0.0000000
120.0   60.0   0.0000000
510.0   140.0   0.0402450
480.0   1   0.0450000
360.0   320.0   0.0000000
180.0   1   0.0050700
390.0   140.0   0.0257700
600.0   260.0   0.0376725
360.0   80.0   0.0287775
360.0   100.0   0.0263850
570.0   20.0   0.0479175
330.0   1   0.0311925
600.0   80.0   0.0480225
450.0   220.0   0.0238350
510.0   120.0   0.0417750
270.0   80.0   0.0142650
600.0   100.0   0.0468750
450.0   260.0   0.0179850
600.0   220.0   0.0418950
630.0   320.0   0.0362475
390.0   340.0   0.0000000
360.0   300.0   0.0000000
420.0   1   0.0409200
690.0   1   0.0508200
60.0   20.0   0.0000000
360.0   240.0   0.0060375
570.0   80.0   0.0468975
150.0   140.0   0.0000000
300.0   20.0   0.0261075
330.0   160.0   0.0134925
540.0   300.0   0.0266400
450.0   320.0   0.0072825
420.0   120.0   0.0326025
330.0   20.0   0.0304500
480.0   80.0   0.0420300
540.0   200.0   0.0381000
600.0   200.0   0.0431925
510.0   260.0   0.0281250
510.0   60.0   0.0449175
390.0   120.0   0.0280350
540.0   320.0   0.0243300
540.0   180.0   0.0396975
450.0   180.0   0.0295875
360.0   60.0   0.0305100
330.0   320.0   0.0000000
540.0   80.0   0.0459150
660.0   340.0   0.0381225
660.0   60.0   0.0508050
390.0   200.0   0.0173700
510.0   100.0   0.0415875
660.0   1   0.0512925
570.0   180.0   0.0408375
570.0   120.0   0.0451800
570.0   60.0   0.0470475
360.0   40.0   0.0324225
600.0   1   0.0491775
540.0   20.0   0.0475425
480.0   100.0   0.0406950
330.0   40.0   0.0284175
150.0   60.0   0.0002250
210.0   120.0   0.0009450
390.0   40.0   0.0359400
690.0   360.0   0.0382275
570.0   140.0   0.0434775
90.0   80.0   0.0000000
660.0   180.0   0.0476475
570.0   160.0   0.0432975
660.0   320.0   0.0383250
60.0   1   0.0000000
570.0   340.0   0.0257175
240.0   100.0   0.0062325
270.0   20.0   0.0199575
90.0   1   0.0000000
